fromNode	toNode	weight	direction	fromAltName	toAltName
2033	2062	0.478981111428193	undirected	NA	NA
2033	2350	0.54252722571261	undirected	NA	NA
2033	4434	0.461480295929549	undirected	NA	NA
2033	4632	0.238165525140368	undirected	NA	NA
2033	4795	0.0497372034341578	undirected	NA	NA
2033	4814	0.137837976700966	undirected	NA	NA
2033	5425	0.347048456920117	undirected	NA	NA
2033	5576	0.355509278808439	undirected	NA	NA
2033	5731	0.0425109643290859	undirected	NA	NA
2033	6522	0.176326378801848	undirected	NA	NA
2033	6810	0.475615414807741	undirected	NA	NA
2033	7071	0.417518570752831	undirected	NA	NA
2033	7082	0.512912701349552	undirected	NA	NA
2033	7762	0.182221277996646	undirected	NA	NA
2033	7903	0.421641089217397	undirected	NA	NA
2033	8211	0.0614476690331077	undirected	NA	NA
2033	8792	0.254964753109827	undirected	NA	NA
2033	8821	0.0259429224990131	undirected	NA	NA
2033	9072	0.254669298041357	undirected	NA	NA
2033	9181	0.277134987144987	undirected	NA	NA
2033	9465	0.133457741509913	undirected	NA	NA
2033	10982	0.0650832701731737	undirected	NA	NA
2033	11325	0.0677707376562958	undirected	NA	NA
2033	11365	0.479861388550263	undirected	NA	NA
2033	11712	0.0425362560935988	undirected	NA	NA
2033	11974	0.502882266735062	undirected	NA	NA
2033	11995	0.137506599277894	undirected	NA	NA
2033	12286	0.289835045667599	undirected	NA	NA
2033	12303	0.280714443540129	undirected	NA	NA
2033	12552	0.500151262037149	undirected	NA	NA
2033	12992	0.230458557886278	undirected	NA	NA
2033	13002	0.213959639081179	undirected	NA	NA
2033	13266	0.205474864590593	undirected	NA	NA
2033	13895	0.106929923429053	undirected	NA	NA
2033	14241	0.469183010325199	undirected	NA	NA
2033	14594	0.24965351699776	undirected	NA	NA
2033	14687	0.45236938022194	undirected	NA	NA
2033	14872	0.366318781458412	undirected	NA	NA
2033	14952	0.425839206681895	undirected	NA	NA
2033	15017	0.109474887554187	undirected	NA	NA
2033	15192	0.036236242040592	undirected	NA	NA
2033	15286	0.00437805973077126	undirected	NA	NA
2062	2350	0.540268852264985	undirected	NA	NA
2062	4434	0.47245113781615	undirected	NA	NA
2062	4632	0.247725061371704	undirected	NA	NA
2062	4795	0.0558855898990814	undirected	NA	NA
2062	4814	0.158530254474075	undirected	NA	NA
2062	5425	0.338200084846117	undirected	NA	NA
2062	5576	0.380511845343905	undirected	NA	NA
2062	5731	0.0476872637592924	undirected	NA	NA
2062	6522	0.183222850188734	undirected	NA	NA
2062	6810	0.472788671223235	undirected	NA	NA
2062	7071	0.411039465448092	undirected	NA	NA
2062	7082	0.511609884380231	undirected	NA	NA
2062	7762	0.193000610394894	undirected	NA	NA
2062	7903	0.458160595158938	undirected	NA	NA
2062	8211	0.0650751972819506	undirected	NA	NA
2062	8792	0.265746154892847	undirected	NA	NA
2062	8821	0.0277150646015268	undirected	NA	NA
2062	9072	0.243937322204702	undirected	NA	NA
2062	9181	0.29030477123374	undirected	NA	NA
2062	9465	0.154528975138407	undirected	NA	NA
2062	10982	0.071152217528132	undirected	NA	NA
2062	11325	0.0712809506854012	undirected	NA	NA
2062	11365	0.478556646422771	undirected	NA	NA
2062	11712	0.045124095239224	undirected	NA	NA
2062	11974	0.502465052233506	undirected	NA	NA
2062	11995	0.150611754798695	undirected	NA	NA
2062	12286	0.298703882910036	undirected	NA	NA
2062	12303	0.291757168445782	undirected	NA	NA
2062	12552	0.500449649297322	undirected	NA	NA
2062	12992	0.242195465002791	undirected	NA	NA
2062	13002	0.232803698298722	undirected	NA	NA
2062	13266	0.224533393665542	undirected	NA	NA
2062	13895	0.109625634264877	undirected	NA	NA
2062	14241	0.467291487240942	undirected	NA	NA
2062	14594	0.264866396819574	undirected	NA	NA
2062	14687	0.475095989267307	undirected	NA	NA
2062	14872	0.355193724085286	undirected	NA	NA
2062	14952	0.467896194481381	undirected	NA	NA
2062	15017	0.119255769658757	undirected	NA	NA
2062	15192	0.0410176649417754	undirected	NA	NA
2062	15286	0.00470094391499084	undirected	NA	NA
2350	4434	0.5315556829082	undirected	NA	NA
2350	4632	0.264212074214579	undirected	NA	NA
2350	4795	0.0371166675777731	undirected	NA	NA
2350	4814	0.124135822426867	undirected	NA	NA
2350	5425	0.287985341351938	undirected	NA	NA
2350	5576	0.440259264687602	undirected	NA	NA
2350	5731	0.0453200084036991	undirected	NA	NA
2350	6522	0.188658138749867	undirected	NA	NA
2350	6810	0.532701712050002	undirected	NA	NA
2350	7071	0.28187496532356	undirected	NA	NA
2350	7082	0.53570571342249	undirected	NA	NA
2350	7762	0.131778403687527	undirected	NA	NA
2350	7903	0.520992481539122	undirected	NA	NA
2350	8211	0.0843032266329546	undirected	NA	NA
2350	8792	0.207315010835722	undirected	NA	NA
2350	8821	0.0310121890628105	undirected	NA	NA
2350	9072	0.23046304396788	undirected	NA	NA
2350	9181	0.27341275849464	undirected	NA	NA
2350	9465	0.129669516878589	undirected	NA	NA
2350	10982	0.0710465744785365	undirected	NA	NA
2350	11325	0.0667022135681975	undirected	NA	NA
2350	11365	0.543926209181096	undirected	NA	NA
2350	11712	0.0616823760579704	undirected	NA	NA
2350	11974	0.53063811792198	undirected	NA	NA
2350	11995	0.120895993124061	undirected	NA	NA
2350	12286	0.284334004956106	undirected	NA	NA
2350	12303	0.190938469155461	undirected	NA	NA
2350	12552	0.531562879061536	undirected	NA	NA
2350	12992	0.179330324425612	undirected	NA	NA
2350	13002	0.188729775370085	undirected	NA	NA
2350	13266	0.228489593526125	undirected	NA	NA
2350	13895	0.0598987673953223	undirected	NA	NA
2350	14241	0.544851620524306	undirected	NA	NA
2350	14594	0.153878505613658	undirected	NA	NA
2350	14687	0.531789154313929	undirected	NA	NA
2350	14872	0.236297866720129	undirected	NA	NA
2350	14952	0.50474722112764	undirected	NA	NA
2350	15017	0.122537270160147	undirected	NA	NA
2350	15192	0.034554142748512	undirected	NA	NA
2350	15286	0.0169556471633475	undirected	NA	NA
4434	4632	0.234682045261077	undirected	NA	NA
4434	4795	0.0638467756594609	undirected	NA	NA
4434	4814	0.168249091450031	undirected	NA	NA
4434	5425	0.326987247786687	undirected	NA	NA
4434	5576	0.365703117523536	undirected	NA	NA
4434	5731	0.0547663621567206	undirected	NA	NA
4434	6522	0.190944788653833	undirected	NA	NA
4434	6810	0.46847840573718	undirected	NA	NA
4434	7071	0.413614033650454	undirected	NA	NA
4434	7082	0.505749870628931	undirected	NA	NA
4434	7762	0.206137558594258	undirected	NA	NA
4434	7903	0.440684827291414	undirected	NA	NA
4434	8211	0.066431562616126	undirected	NA	NA
4434	8792	0.272906880450005	undirected	NA	NA
4434	8821	0.0292595715176756	undirected	NA	NA
4434	9072	0.239168325248501	undirected	NA	NA
4434	9181	0.276040834636789	undirected	NA	NA
4434	9465	0.163228704529118	undirected	NA	NA
4434	10982	0.0779991455641096	undirected	NA	NA
4434	11325	0.0744671319896593	undirected	NA	NA
4434	11365	0.474141585791291	undirected	NA	NA
4434	11712	0.0475517834386697	undirected	NA	NA
4434	11974	0.496745572085784	undirected	NA	NA
4434	11995	0.1587433668358	undirected	NA	NA
4434	12286	0.304435454582699	undirected	NA	NA
4434	12303	0.298680232393013	undirected	NA	NA
4434	12552	0.496866169719463	undirected	NA	NA
4434	12992	0.250562519184264	undirected	NA	NA
4434	13002	0.243709189774451	undirected	NA	NA
4434	13266	0.217052885356906	undirected	NA	NA
4434	13895	0.127430176479658	undirected	NA	NA
4434	14241	0.460271298968069	undirected	NA	NA
4434	14594	0.267192395438578	undirected	NA	NA
4434	14687	0.460034007948344	undirected	NA	NA
4434	14872	0.356914548677505	undirected	NA	NA
4434	14952	0.454359082762542	undirected	NA	NA
4434	15017	0.126294307643202	undirected	NA	NA
4434	15192	0.0464115039324844	undirected	NA	NA
4434	15286	0.00504681481882996	undirected	NA	NA
4632	4795	0.0505712505878158	undirected	NA	NA
4632	4814	0.074336377078604	undirected	NA	NA
4632	5425	0.190564321256455	undirected	NA	NA
4632	5576	0.222882837060354	undirected	NA	NA
4632	5731	0.0506977648078623	undirected	NA	NA
4632	6522	0.129591787200105	undirected	NA	NA
4632	6810	0.243789460745669	undirected	NA	NA
4632	7071	0.133661802064219	undirected	NA	NA
4632	7082	0.258766220386394	undirected	NA	NA
4632	7762	0.0914278559723449	undirected	NA	NA
4632	7903	0.226990329668783	undirected	NA	NA
4632	8211	0.0415068833067775	undirected	NA	NA
4632	8792	0.158727057880314	undirected	NA	NA
4632	8821	0.0601527588591609	undirected	NA	NA
4632	9072	0.164088027899049	undirected	NA	NA
4632	9181	0.15962631330737	undirected	NA	NA
4632	9465	0.0771153385934052	undirected	NA	NA
4632	10982	0.0784673608495818	undirected	NA	NA
4632	11325	0.0894958497804988	undirected	NA	NA
4632	11365	0.252244280563527	undirected	NA	NA
4632	11712	0.0514089738973728	undirected	NA	NA
4632	11974	0.259741839587554	undirected	NA	NA
4632	11995	0.103560278385105	undirected	NA	NA
4632	12286	0.180221757692091	undirected	NA	NA
4632	12303	0.172043748035246	undirected	NA	NA
4632	12552	0.249488528879423	undirected	NA	NA
4632	12992	0.144868598418439	undirected	NA	NA
4632	13002	0.0774959372791686	undirected	NA	NA
4632	13266	0.190663877753119	undirected	NA	NA
4632	13895	0.053398548376775	undirected	NA	NA
4632	14241	0.257505722807832	undirected	NA	NA
4632	14594	0.159489760964358	undirected	NA	NA
4632	14687	0.24088951903103	undirected	NA	NA
4632	14872	0.145602782580079	undirected	NA	NA
4632	14952	0.213155729194272	undirected	NA	NA
4632	15017	0.102698674370333	undirected	NA	NA
4632	15192	0.0397927517937747	undirected	NA	NA
4632	15286	0.0110785707977082	undirected	NA	NA
4795	4814	0.197211225597709	undirected	NA	NA
4795	5425	0.010715214743866	undirected	NA	NA
4795	5576	0.0456289205149741	undirected	NA	NA
4795	5731	0.229756487967666	undirected	NA	NA
4795	6522	0.212259305170608	undirected	NA	NA
4795	6810	0.0529512269337439	undirected	NA	NA
4795	7071	0.0139658567897852	undirected	NA	NA
4795	7082	0.0521117604991144	undirected	NA	NA
4795	7762	0.116598199521808	undirected	NA	NA
4795	7903	0.0403175876765251	undirected	NA	NA
4795	8211	0.018379711913218	undirected	NA	NA
4795	8792	0.16749393004401	undirected	NA	NA
4795	8821	0.0738288310349447	undirected	NA	NA
4795	9072	0.0136502772803749	undirected	NA	NA
4795	9181	0.0374526023547358	undirected	NA	NA
4795	9465	0.201407106961065	undirected	NA	NA
4795	10982	0.211772219517314	undirected	NA	NA
4795	11325	0.0940069321342772	undirected	NA	NA
4795	11365	0.0599567033531177	undirected	NA	NA
4795	11712	0.0419435775771526	undirected	NA	NA
4795	11974	0.0563986301841371	undirected	NA	NA
4795	11995	0.181866654713132	undirected	NA	NA
4795	12286	0.156674630732475	undirected	NA	NA
4795	12303	0.156387652531055	undirected	NA	NA
4795	12552	0.0638121154899085	undirected	NA	NA
4795	12992	0.182230114914096	undirected	NA	NA
4795	13002	0.112581996689399	undirected	NA	NA
4795	13266	0.11462820521429	undirected	NA	NA
4795	13895	0.14257498455902	undirected	NA	NA
4795	14241	0.0529136508812289	undirected	NA	NA
4795	14594	0.117529020520825	undirected	NA	NA
4795	14687	0.0729979476847606	undirected	NA	NA
4795	14872	0.0172290245118303	undirected	NA	NA
4795	14952	0.0657199882110707	undirected	NA	NA
4795	15017	0.185687242138354	undirected	NA	NA
4795	15192	0.253492601355096	undirected	NA	NA
4795	15286	0.00498985727229714	undirected	NA	NA
4814	5425	0.0516491029412918	undirected	NA	NA
4814	5576	0.0877098600232406	undirected	NA	NA
4814	5731	0.114000765408665	undirected	NA	NA
4814	6522	0.237558789466617	undirected	NA	NA
4814	6810	0.154516213397961	undirected	NA	NA
4814	7071	0.0779742219827341	undirected	NA	NA
4814	7082	0.157723137232089	undirected	NA	NA
4814	7762	0.268834809048392	undirected	NA	NA
4814	7903	0.114414852764318	undirected	NA	NA
4814	8211	0.0275082920581394	undirected	NA	NA
4814	8792	0.293933567831355	undirected	NA	NA
4814	8821	0.0329245784236625	undirected	NA	NA
4814	9072	0.0395270630975148	undirected	NA	NA
4814	9181	0.0858415852483205	undirected	NA	NA
4814	9465	0.284668640782527	undirected	NA	NA
4814	10982	0.113155074221718	undirected	NA	NA
4814	11325	0.0631978437470839	undirected	NA	NA
4814	11365	0.163099831393723	undirected	NA	NA
4814	11712	0.0302340193407477	undirected	NA	NA
4814	11974	0.163841306981278	undirected	NA	NA
4814	11995	0.226781535693529	undirected	NA	NA
4814	12286	0.272192152645263	undirected	NA	NA
4814	12303	0.223024680095188	undirected	NA	NA
4814	12552	0.176580350610277	undirected	NA	NA
4814	12992	0.305500849632512	undirected	NA	NA
4814	13002	0.243641260003295	undirected	NA	NA
4814	13266	0.119345771243764	undirected	NA	NA
4814	13895	0.277799200427129	undirected	NA	NA
4814	14241	0.143150449667242	undirected	NA	NA
4814	14594	0.226452655215562	undirected	NA	NA
4814	14687	0.178611299887147	undirected	NA	NA
4814	14872	0.0756447223406787	undirected	NA	NA
4814	14952	0.160783846512114	undirected	NA	NA
4814	15017	0.144232837321681	undirected	NA	NA
4814	15192	0.16741004998924	undirected	NA	NA
4814	15286	0.00217887482664532	undirected	NA	NA
5425	5576	0.309400315072826	undirected	NA	NA
5425	5731	0.0148854689902323	undirected	NA	NA
5425	6522	0.0924464341635639	undirected	NA	NA
5425	6810	0.333926064041016	undirected	NA	NA
5425	7071	0.132703422834087	undirected	NA	NA
5425	7082	0.340950663687246	undirected	NA	NA
5425	7762	0.060343947488868	undirected	NA	NA
5425	7903	0.345318064452838	undirected	NA	NA
5425	8211	0.0390294657701589	undirected	NA	NA
5425	8792	0.101474867524368	undirected	NA	NA
5425	8821	0.0128445952969288	undirected	NA	NA
5425	9072	0.17892453255377	undirected	NA	NA
5425	9181	0.179688866919856	undirected	NA	NA
5425	9465	0.0555087227845577	undirected	NA	NA
5425	10982	0.029642850832664	undirected	NA	NA
5425	11325	0.0253043457937411	undirected	NA	NA
5425	11365	0.340129453798238	undirected	NA	NA
5425	11712	0.0244431045970129	undirected	NA	NA
5425	11974	0.333343531852985	undirected	NA	NA
5425	11995	0.053036700488422	undirected	NA	NA
5425	12286	0.146770508988621	undirected	NA	NA
5425	12303	0.0932405316780638	undirected	NA	NA
5425	12552	0.327794974630838	undirected	NA	NA
5425	12992	0.0845869173250675	undirected	NA	NA
5425	13002	0.0915445938476595	undirected	NA	NA
5425	13266	0.134178123018782	undirected	NA	NA
5425	13895	0.0225802128624506	undirected	NA	NA
5425	14241	0.355434696786264	undirected	NA	NA
5425	14594	0.0740151580963108	undirected	NA	NA
5425	14687	0.323168649147976	undirected	NA	NA
5425	14872	0.140585541019236	undirected	NA	NA
5425	14952	0.303301681810869	undirected	NA	NA
5425	15017	0.0602813137062753	undirected	NA	NA
5425	15192	0.00951073116295911	undirected	NA	NA
5425	15286	0.00810640574867474	undirected	NA	NA
5576	5731	0.0408112625901981	undirected	NA	NA
5576	6522	0.151481161487931	undirected	NA	NA
5576	6810	0.377463138763656	undirected	NA	NA
5576	7071	0.297233054020784	undirected	NA	NA
5576	7082	0.40504480152466	undirected	NA	NA
5576	7762	0.135999631710771	undirected	NA	NA
5576	7903	0.331358938065296	undirected	NA	NA
5576	8211	0.0597945275910191	undirected	NA	NA
5576	8792	0.193517086077375	undirected	NA	NA
5576	8821	0.0352838622773313	undirected	NA	NA
5576	9072	0.254019295722872	undirected	NA	NA
5576	9181	0.21431793289214	undirected	NA	NA
5576	9465	0.0971327360384978	undirected	NA	NA
5576	10982	0.0628300274124691	undirected	NA	NA
5576	11325	0.0741517398947004	undirected	NA	NA
5576	11365	0.382176355074418	undirected	NA	NA
5576	11712	0.0498608996254681	undirected	NA	NA
5576	11974	0.397271006451599	undirected	NA	NA
5576	11995	0.116196209711417	undirected	NA	NA
5576	12286	0.225706093475932	undirected	NA	NA
5576	12303	0.229399623056522	undirected	NA	NA
5576	12552	0.392027715890536	undirected	NA	NA
5576	12992	0.17354852453395	undirected	NA	NA
5576	13002	0.144585241779296	undirected	NA	NA
5576	13266	0.171137247836062	undirected	NA	NA
5576	13895	0.0832470993832933	undirected	NA	NA
5576	14241	0.382077300096218	undirected	NA	NA
5576	14594	0.190040219265076	undirected	NA	NA
5576	14687	0.360008085290379	undirected	NA	NA
5576	14872	0.286488176736961	undirected	NA	NA
5576	14952	0.312874678290346	undirected	NA	NA
5576	15017	0.0997038123888402	undirected	NA	NA
5576	15192	0.0319850016538578	undirected	NA	NA
5576	15286	0.0086835616353782	undirected	NA	NA
5731	6522	0.180793457482627	undirected	NA	NA
5731	6810	0.0448204738678243	undirected	NA	NA
5731	7071	0.0171943293227233	undirected	NA	NA
5731	7082	0.0465091647859675	undirected	NA	NA
5731	7762	0.117839076626535	undirected	NA	NA
5731	7903	0.0348895596403355	undirected	NA	NA
5731	8211	0.0443859175517197	undirected	NA	NA
5731	8792	0.105003913784584	undirected	NA	NA
5731	8821	0.0939561245453838	undirected	NA	NA
5731	9072	0.0231116700864274	undirected	NA	NA
5731	9181	0.0255004967496205	undirected	NA	NA
5731	9465	0.127780000022483	undirected	NA	NA
5731	10982	0.180403592497521	undirected	NA	NA
5731	11325	0.127504664128466	undirected	NA	NA
5731	11365	0.0517119145720323	undirected	NA	NA
5731	11712	0.0831012216328039	undirected	NA	NA
5731	11974	0.0486838658138783	undirected	NA	NA
5731	11995	0.186398180895773	undirected	NA	NA
5731	12286	0.106919388314689	undirected	NA	NA
5731	12303	0.16569279542971	undirected	NA	NA
5731	12552	0.0555599426100194	undirected	NA	NA
5731	12992	0.114454250030123	undirected	NA	NA
5731	13002	0.0997609363383695	undirected	NA	NA
5731	13266	0.0842664800021716	undirected	NA	NA
5731	13895	0.147597307261182	undirected	NA	NA
5731	14241	0.0485431386645592	undirected	NA	NA
5731	14594	0.0877540863430831	undirected	NA	NA
5731	14687	0.0611879390852528	undirected	NA	NA
5731	14872	0.0207068450518385	undirected	NA	NA
5731	14952	0.049903070026216	undirected	NA	NA
5731	15017	0.168343653415617	undirected	NA	NA
5731	15192	0.171993980573076	undirected	NA	NA
5731	15286	0.018155871362718	undirected	NA	NA
6522	6810	0.178062018736366	undirected	NA	NA
6522	7071	0.112279688671327	undirected	NA	NA
6522	7082	0.190119569277757	undirected	NA	NA
6522	7762	0.232095229530804	undirected	NA	NA
6522	7903	0.159721708924719	undirected	NA	NA
6522	8211	0.0847001243148832	undirected	NA	NA
6522	8792	0.229748438885948	undirected	NA	NA
6522	8821	0.0797358637669071	undirected	NA	NA
6522	9072	0.0801439697443282	undirected	NA	NA
6522	9181	0.113696278597548	undirected	NA	NA
6522	9465	0.218822149595522	undirected	NA	NA
6522	10982	0.189416433121864	undirected	NA	NA
6522	11325	0.134747381478242	undirected	NA	NA
6522	11365	0.18932435808652	undirected	NA	NA
6522	11712	0.0975784289935981	undirected	NA	NA
6522	11974	0.192621965847979	undirected	NA	NA
6522	11995	0.261451451594343	undirected	NA	NA
6522	12286	0.231133357884532	undirected	NA	NA
6522	12303	0.276332823122447	undirected	NA	NA
6522	12552	0.202145078212916	undirected	NA	NA
6522	12992	0.234374165139071	undirected	NA	NA
6522	13002	0.235030291560903	undirected	NA	NA
6522	13266	0.179675146119925	undirected	NA	NA
6522	13895	0.211592270227242	undirected	NA	NA
6522	14241	0.177472214592247	undirected	NA	NA
6522	14594	0.214972447452431	undirected	NA	NA
6522	14687	0.20355475656593	undirected	NA	NA
6522	14872	0.106248706524499	undirected	NA	NA
6522	14952	0.196263260611246	undirected	NA	NA
6522	15017	0.19611590680631	undirected	NA	NA
6522	15192	0.140082923994124	undirected	NA	NA
6522	15286	0.0189435797268293	undirected	NA	NA
6810	7071	0.413703160001837	undirected	NA	NA
6810	7082	0.505819007675486	undirected	NA	NA
6810	7762	0.192496890887984	undirected	NA	NA
6810	7903	0.455756450059704	undirected	NA	NA
6810	8211	0.0608640931435569	undirected	NA	NA
6810	8792	0.258923872623337	undirected	NA	NA
6810	8821	0.024978767665723	undirected	NA	NA
6810	9072	0.240204515878505	undirected	NA	NA
6810	9181	0.290117420007297	undirected	NA	NA
6810	9465	0.150645088516216	undirected	NA	NA
6810	10982	0.0677594100248443	undirected	NA	NA
6810	11325	0.0663381495579929	undirected	NA	NA
6810	11365	0.473417535932547	undirected	NA	NA
6810	11712	0.0413267281591548	undirected	NA	NA
6810	11974	0.496419465542774	undirected	NA	NA
6810	11995	0.145988118464869	undirected	NA	NA
6810	12286	0.291780707915224	undirected	NA	NA
6810	12303	0.281941005128512	undirected	NA	NA
6810	12552	0.494449474628982	undirected	NA	NA
6810	12992	0.235305833268445	undirected	NA	NA
6810	13002	0.231409759575997	undirected	NA	NA
6810	13266	0.218456935012948	undirected	NA	NA
6810	13895	0.110330805132231	undirected	NA	NA
6810	14241	0.462935114412745	undirected	NA	NA
6810	14594	0.25577567555881	undirected	NA	NA
6810	14687	0.470226918700837	undirected	NA	NA
6810	14872	0.356512004724613	undirected	NA	NA
6810	14952	0.464565946585366	undirected	NA	NA
6810	15017	0.11571240983048	undirected	NA	NA
6810	15192	0.0383390314971909	undirected	NA	NA
6810	15286	0.00397754160773501	undirected	NA	NA
7071	7082	0.40488728422688	undirected	NA	NA
7071	7762	0.0956615095285922	undirected	NA	NA
7071	7903	0.40949398683069	undirected	NA	NA
7071	8211	0.00936956231192126	undirected	NA	NA
7071	8792	0.129959708654397	undirected	NA	NA
7071	8821	0.00512986524865741	undirected	NA	NA
7071	9072	0.0890955498135286	undirected	NA	NA
7071	9181	0.178518367389489	undirected	NA	NA
7071	9465	0.0854205515694843	undirected	NA	NA
7071	10982	0.0302348854273069	undirected	NA	NA
7071	11325	0.0146250058642114	undirected	NA	NA
7071	11365	0.402513991267401	undirected	NA	NA
7071	11712	0.00631899012712011	undirected	NA	NA
7071	11974	0.390618444488871	undirected	NA	NA
7071	11995	0.0603529784001808	undirected	NA	NA
7071	12286	0.1808915585681	undirected	NA	NA
7071	12303	0.0960749147309804	undirected	NA	NA
7071	12552	0.401626304499352	undirected	NA	NA
7071	12992	0.109843040426453	undirected	NA	NA
7071	13002	0.145440541827207	undirected	NA	NA
7071	13266	0.113989634035121	undirected	NA	NA
7071	13895	0.0538449717467228	undirected	NA	NA
7071	14241	0.397451434749735	undirected	NA	NA
7071	14594	0.0816394467567099	undirected	NA	NA
7071	14687	0.389739745808914	undirected	NA	NA
7071	14872	0.314348970664066	undirected	NA	NA
7071	14952	0.389156127349845	undirected	NA	NA
7071	15017	0.0690085279398701	undirected	NA	NA
7071	15192	0.0127843102369783	undirected	NA	NA
7071	15286	0.000508567671523452	undirected	NA	NA
7082	7762	0.183904721354535	undirected	NA	NA
7082	7903	0.489922663694126	undirected	NA	NA
7082	8211	0.0681049166659472	undirected	NA	NA
7082	8792	0.252236617743242	undirected	NA	NA
7082	8821	0.0279143250755781	undirected	NA	NA
7082	9072	0.246174643111312	undirected	NA	NA
7082	9181	0.300130881339378	undirected	NA	NA
7082	9465	0.155796085920622	undirected	NA	NA
7082	10982	0.0707104061724892	undirected	NA	NA
7082	11325	0.0712005062391674	undirected	NA	NA
7082	11365	0.513178191091249	undirected	NA	NA
7082	11712	0.0467592075110719	undirected	NA	NA
7082	11974	0.499332886023423	undirected	NA	NA
7082	11995	0.147842877094962	undirected	NA	NA
7082	12286	0.300209801880382	undirected	NA	NA
7082	12303	0.284748459050728	undirected	NA	NA
7082	12552	0.502133619300435	undirected	NA	NA
7082	12992	0.229086335718479	undirected	NA	NA
7082	13002	0.230688866886026	undirected	NA	NA
7082	13266	0.234690484852157	undirected	NA	NA
7082	13895	0.0976648895115211	undirected	NA	NA
7082	14241	0.502737051658656	undirected	NA	NA
7082	14594	0.257254888132581	undirected	NA	NA
7082	14687	0.508509530737776	undirected	NA	NA
7082	14872	0.346318996359622	undirected	NA	NA
7082	14952	0.497131627259611	undirected	NA	NA
7082	15017	0.120999351387258	undirected	NA	NA
7082	15192	0.0406924141111858	undirected	NA	NA
7082	15286	0.0054223746554637	undirected	NA	NA
7762	7903	0.164416695437971	undirected	NA	NA
7762	8211	0.0140823730888381	undirected	NA	NA
7762	8792	0.275628487311898	undirected	NA	NA
7762	8821	0.0189581428323561	undirected	NA	NA
7762	9072	0.0506087407096146	undirected	NA	NA
7762	9181	0.135143361614567	undirected	NA	NA
7762	9465	0.285244513552316	undirected	NA	NA
7762	10982	0.130126740381466	undirected	NA	NA
7762	11325	0.0390789994198859	undirected	NA	NA
7762	11365	0.19274169032566	undirected	NA	NA
7762	11712	0.0160751875492366	undirected	NA	NA
7762	11974	0.187880693425619	undirected	NA	NA
7762	11995	0.180929216212302	undirected	NA	NA
7762	12286	0.263171376074315	undirected	NA	NA
7762	12303	0.166865156366669	undirected	NA	NA
7762	12552	0.201751488489353	undirected	NA	NA
7762	12992	0.276873238511742	undirected	NA	NA
7762	13002	0.243058437037769	undirected	NA	NA
7762	13266	0.132463972678118	undirected	NA	NA
7762	13895	0.226153765099802	undirected	NA	NA
7762	14241	0.173688458604484	undirected	NA	NA
7762	14594	0.162789513567926	undirected	NA	NA
7762	14687	0.209136841823295	undirected	NA	NA
7762	14872	0.11479805702924	undirected	NA	NA
7762	14952	0.215540580961852	undirected	NA	NA
7762	15017	0.17520839517363	undirected	NA	NA
7762	15192	0.126504581754084	undirected	NA	NA
7762	15286	0.000798574703390234	undirected	NA	NA
7903	8211	0.0551562815554644	undirected	NA	NA
7903	8792	0.228700198365492	undirected	NA	NA
7903	8821	0.0221220805533194	undirected	NA	NA
7903	9072	0.257398918614072	undirected	NA	NA
7903	9181	0.263734469250466	undirected	NA	NA
7903	9465	0.112901031951913	undirected	NA	NA
7903	10982	0.056003916964861	undirected	NA	NA
7903	11325	0.0597373051827267	undirected	NA	NA
7903	11365	0.457981718369687	undirected	NA	NA
7903	11712	0.0373835735685541	undirected	NA	NA
7903	11974	0.479204747173972	undirected	NA	NA
7903	11995	0.119280463013522	undirected	NA	NA
7903	12286	0.263959683488529	undirected	NA	NA
7903	12303	0.253628349718739	undirected	NA	NA
7903	12552	0.475440128417164	undirected	NA	NA
7903	12992	0.204327120918263	undirected	NA	NA
7903	13002	0.190067979732811	undirected	NA	NA
7903	13266	0.184326338300761	undirected	NA	NA
7903	13895	0.0972089604628348	undirected	NA	NA
7903	14241	0.450500844820037	undirected	NA	NA
7903	14594	0.221134183080534	undirected	NA	NA
7903	14687	0.430050306712089	undirected	NA	NA
7903	14872	0.363817202455811	undirected	NA	NA
7903	14952	0.385131513044322	undirected	NA	NA
7903	15017	0.0965572340764733	undirected	NA	NA
7903	15192	0.0287244835626548	undirected	NA	NA
7903	15286	0.00382078950473859	undirected	NA	NA
8211	8792	0.0451889025264533	undirected	NA	NA
8211	8821	0.273886546173997	undirected	NA	NA
8211	9072	0.0394758400398522	undirected	NA	NA
8211	9181	0.0212192898615399	undirected	NA	NA
8211	9465	0.031701231542824	undirected	NA	NA
8211	10982	0.0555829347222976	undirected	NA	NA
8211	11325	0.314121381552637	undirected	NA	NA
8211	11365	0.0708810478377345	undirected	NA	NA
8211	11712	0.333680650330789	undirected	NA	NA
8211	11974	0.0689083253590023	undirected	NA	NA
8211	11995	0.034268185361992	undirected	NA	NA
8211	12286	0.0625071937183652	undirected	NA	NA
8211	12303	0.171454350799681	undirected	NA	NA
8211	12552	0.0712029392821117	undirected	NA	NA
8211	12992	0.0446167467979601	undirected	NA	NA
8211	13002	0.0223837172380856	undirected	NA	NA
8211	13266	0.0617601315322927	undirected	NA	NA
8211	13895	0.00675823814778425	undirected	NA	NA
8211	14241	0.0745811014159992	undirected	NA	NA
8211	14594	0.0825838676352331	undirected	NA	NA
8211	14687	0.0733153626709073	undirected	NA	NA
8211	14872	0.0188715344730035	undirected	NA	NA
8211	14952	0.0549288801855561	undirected	NA	NA
8211	15017	0.0586171530617105	undirected	NA	NA
8211	15192	0.0408405220616016	undirected	NA	NA
8211	15286	0.163282060080098	undirected	NA	NA
8792	8821	0.0356441669768486	undirected	NA	NA
8792	9072	0.0687582078404917	undirected	NA	NA
8792	9181	0.179728806177496	undirected	NA	NA
8792	9465	0.26970496715286	undirected	NA	NA
8792	10982	0.116498189627022	undirected	NA	NA
8792	11325	0.0706358928698557	undirected	NA	NA
8792	11365	0.27224081298434	undirected	NA	NA
8792	11712	0.0378669401856288	undirected	NA	NA
8792	11974	0.262383568925916	undirected	NA	NA
8792	11995	0.260398155701563	undirected	NA	NA
8792	12286	0.318233100005956	undirected	NA	NA
8792	12303	0.245916222751496	undirected	NA	NA
8792	12552	0.27229369176697	undirected	NA	NA
8792	12992	0.285988996297659	undirected	NA	NA
8792	13002	0.287673650065589	undirected	NA	NA
8792	13266	0.226930259190362	undirected	NA	NA
8792	13895	0.193874490723408	undirected	NA	NA
8792	14241	0.249641628298943	undirected	NA	NA
8792	14594	0.280596038166051	undirected	NA	NA
8792	14687	0.292126518608565	undirected	NA	NA
8792	14872	0.114845872315487	undirected	NA	NA
8792	14952	0.285652261296751	undirected	NA	NA
8792	15017	0.143506189398409	undirected	NA	NA
8792	15192	0.123501972437765	undirected	NA	NA
8792	15286	0.0033322033053288	undirected	NA	NA
8821	9072	0.0193831015461744	undirected	NA	NA
8821	9181	0.0152652219431155	undirected	NA	NA
8821	9465	0.0301077360573896	undirected	NA	NA
8821	10982	0.104154989157466	undirected	NA	NA
8821	11325	0.236418034553633	undirected	NA	NA
8821	11365	0.0318273453075229	undirected	NA	NA
8821	11712	0.315160571686572	undirected	NA	NA
8821	11974	0.0299390932383187	undirected	NA	NA
8821	11995	0.077694355264267	undirected	NA	NA
8821	12286	0.047619599426082	undirected	NA	NA
8821	12303	0.10280282577058	undirected	NA	NA
8821	12552	0.0311952535274875	undirected	NA	NA
8821	12992	0.0366488779799826	undirected	NA	NA
8821	13002	0.0207596618553174	undirected	NA	NA
8821	13266	0.0970229512927639	undirected	NA	NA
8821	13895	0.0125937062682379	undirected	NA	NA
8821	14241	0.0333389349042325	undirected	NA	NA
8821	14594	0.0519953577499397	undirected	NA	NA
8821	14687	0.0359222768734132	undirected	NA	NA
8821	14872	0.00486182464689448	undirected	NA	NA
8821	14952	0.025804854334207	undirected	NA	NA
8821	15017	0.0782647451603684	undirected	NA	NA
8821	15192	0.0701625115306179	undirected	NA	NA
8821	15286	0.163237795833997	undirected	NA	NA
9072	9181	0.122930606296244	undirected	NA	NA
9072	9465	0.042392267112901	undirected	NA	NA
9072	10982	0.0401735415008733	undirected	NA	NA
9072	11325	0.0307237765873932	undirected	NA	NA
9072	11365	0.246351566141255	undirected	NA	NA
9072	11712	0.0291337600858429	undirected	NA	NA
9072	11974	0.238420843233165	undirected	NA	NA
9072	11995	0.0496662600282238	undirected	NA	NA
9072	12286	0.102530815701378	undirected	NA	NA
9072	12303	0.076749373474034	undirected	NA	NA
9072	12552	0.23660499380702	undirected	NA	NA
9072	12992	0.0577587857366183	undirected	NA	NA
9072	13002	0.0726684992187463	undirected	NA	NA
9072	13266	0.104721065293445	undirected	NA	NA
9072	13895	0.0265385585810371	undirected	NA	NA
9072	14241	0.264530177968621	undirected	NA	NA
9072	14594	0.0505798690246657	undirected	NA	NA
9072	14687	0.234813701388862	undirected	NA	NA
9072	14872	0.115971918511194	undirected	NA	NA
9072	14952	0.218487690211737	undirected	NA	NA
9072	15017	0.0673579185587093	undirected	NA	NA
9072	15192	0.0104573760839514	undirected	NA	NA
9072	15286	0.0142802343859952	undirected	NA	NA
9181	9465	0.0926956763221004	undirected	NA	NA
9181	10982	0.0421522078256221	undirected	NA	NA
9181	11325	0.0347273013484312	undirected	NA	NA
9181	11365	0.289070096525653	undirected	NA	NA
9181	11712	0.0161310705092196	undirected	NA	NA
9181	11974	0.299397497169066	undirected	NA	NA
9181	11995	0.0936729913744804	undirected	NA	NA
9181	12286	0.196273413710731	undirected	NA	NA
9181	12303	0.145633274071251	undirected	NA	NA
9181	12552	0.290727958603721	undirected	NA	NA
9181	12992	0.162165795459382	undirected	NA	NA
9181	13002	0.116840653589489	undirected	NA	NA
9181	13266	0.136004937522826	undirected	NA	NA
9181	13895	0.0844988319719862	undirected	NA	NA
9181	14241	0.283603200306814	undirected	NA	NA
9181	14594	0.153408900965441	undirected	NA	NA
9181	14687	0.275121737842363	undirected	NA	NA
9181	14872	0.186897780151132	undirected	NA	NA
9181	14952	0.258084609507414	undirected	NA	NA
9181	15017	0.0729921686027286	undirected	NA	NA
9181	15192	0.0260856561557319	undirected	NA	NA
9181	15286	0.000995775013065888	undirected	NA	NA
9465	10982	0.122824747358659	undirected	NA	NA
9465	11325	0.0615909962517803	undirected	NA	NA
9465	11365	0.15886420407176	undirected	NA	NA
9465	11712	0.0324242180684562	undirected	NA	NA
9465	11974	0.16063546625337	undirected	NA	NA
9465	11995	0.237531064726116	undirected	NA	NA
9465	12286	0.250798977552413	undirected	NA	NA
9465	12303	0.218306432587995	undirected	NA	NA
9465	12552	0.172865676999815	undirected	NA	NA
9465	12992	0.280596527181551	undirected	NA	NA
9465	13002	0.278080208630518	undirected	NA	NA
9465	13266	0.12748927101484	undirected	NA	NA
9465	13895	0.297199226222234	undirected	NA	NA
9465	14241	0.14029683342613	undirected	NA	NA
9465	14594	0.214055693922203	undirected	NA	NA
9465	14687	0.171906478892078	undirected	NA	NA
9465	14872	0.0798162668110585	undirected	NA	NA
9465	14952	0.159797640522914	undirected	NA	NA
9465	15017	0.139579841464078	undirected	NA	NA
9465	15192	0.150030835489212	undirected	NA	NA
9465	15286	0.00256227696466669	undirected	NA	NA
10982	11325	0.14351875763383	undirected	NA	NA
10982	11365	0.0758158989270521	undirected	NA	NA
10982	11712	0.0979025346691048	undirected	NA	NA
10982	11974	0.0728648398988017	undirected	NA	NA
10982	11995	0.198940053810933	undirected	NA	NA
10982	12286	0.122291254963807	undirected	NA	NA
10982	12303	0.184926293654283	undirected	NA	NA
10982	12552	0.0797221951105055	undirected	NA	NA
10982	12992	0.123086971941526	undirected	NA	NA
10982	13002	0.109596779046934	undirected	NA	NA
10982	13266	0.108585035801263	undirected	NA	NA
10982	13895	0.144448829663887	undirected	NA	NA
10982	14241	0.0731763865696512	undirected	NA	NA
10982	14594	0.101678246928723	undirected	NA	NA
10982	14687	0.0849358028637214	undirected	NA	NA
10982	14872	0.0357441792899201	undirected	NA	NA
10982	14952	0.0707226378364843	undirected	NA	NA
10982	15017	0.177825837656964	undirected	NA	NA
10982	15192	0.146825275544473	undirected	NA	NA
10982	15286	0.0234654130117383	undirected	NA	NA
11325	11365	0.0781387094572075	undirected	NA	NA
11325	11712	0.328261233873572	undirected	NA	NA
11325	11974	0.0742283042856501	undirected	NA	NA
11325	11995	0.113614253789243	undirected	NA	NA
11325	12286	0.0931370496115934	undirected	NA	NA
11325	12303	0.156449865119648	undirected	NA	NA
11325	12552	0.0775012790862262	undirected	NA	NA
11325	12992	0.0708391635590197	undirected	NA	NA
11325	13002	0.047192293977783	undirected	NA	NA
11325	13266	0.134866451211709	undirected	NA	NA
11325	13895	0.0259656488110241	undirected	NA	NA
11325	14241	0.0794178259661763	undirected	NA	NA
11325	14594	0.0853773135838518	undirected	NA	NA
11325	14687	0.0851808058849378	undirected	NA	NA
11325	14872	0.0154404900280899	undirected	NA	NA
11325	14952	0.0671083402406258	undirected	NA	NA
11325	15017	0.122541725258901	undirected	NA	NA
11325	15192	0.0931460348639848	undirected	NA	NA
11325	15286	0.165179470441761	undirected	NA	NA
11365	11712	0.0506878051893828	undirected	NA	NA
11365	11974	0.504535504909119	undirected	NA	NA
11365	11995	0.156545028754949	undirected	NA	NA
11365	12286	0.304928611802486	undirected	NA	NA
11365	12303	0.302439949017742	undirected	NA	NA
11365	12552	0.502460305359958	undirected	NA	NA
11365	12992	0.249091086580055	undirected	NA	NA
11365	13002	0.233273459000171	undirected	NA	NA
11365	13266	0.232124344529591	undirected	NA	NA
11365	13895	0.108212460355187	undirected	NA	NA
11365	14241	0.469624802155921	undirected	NA	NA
11365	14594	0.274777867526847	undirected	NA	NA
11365	14687	0.478056167390296	undirected	NA	NA
11365	14872	0.349276996740031	undirected	NA	NA
11365	14952	0.468842323456774	undirected	NA	NA
11365	15017	0.123678937774909	undirected	NA	NA
11365	15192	0.0446899183495045	undirected	NA	NA
11365	15286	0.00591480839275971	undirected	NA	NA
11712	11974	0.0480850516610895	undirected	NA	NA
11712	11995	0.0558365122504203	undirected	NA	NA
11712	12286	0.054745233869483	undirected	NA	NA
11712	12303	0.167133711857777	undirected	NA	NA
11712	12552	0.0507200463772023	undirected	NA	NA
11712	12992	0.0383545839047507	undirected	NA	NA
11712	13002	0.022163281106612	undirected	NA	NA
11712	13266	0.0790798155275848	undirected	NA	NA
11712	13895	0.0107548125372307	undirected	NA	NA
11712	14241	0.0541781551412147	undirected	NA	NA
11712	14594	0.065335031880542	undirected	NA	NA
11712	14687	0.0548796838130732	undirected	NA	NA
11712	14872	0.0110036232527853	undirected	NA	NA
11712	14952	0.0391425837862541	undirected	NA	NA
11712	15017	0.085372817220276	undirected	NA	NA
11712	15192	0.0596930145947005	undirected	NA	NA
11712	15286	0.188732890458723	undirected	NA	NA
11974	11995	0.154164909597776	undirected	NA	NA
11974	12286	0.304080767407818	undirected	NA	NA
11974	12303	0.291699902487515	undirected	NA	NA
11974	12552	0.493699236704167	undirected	NA	NA
11974	12992	0.239660455108748	undirected	NA	NA
11974	13002	0.232870257885428	undirected	NA	NA
11974	13266	0.240086349869831	undirected	NA	NA
11974	13895	0.0995122152024941	undirected	NA	NA
11974	14241	0.493181300362582	undirected	NA	NA
11974	14594	0.268740066345155	undirected	NA	NA
11974	14687	0.501137905500296	undirected	NA	NA
11974	14872	0.336675704074298	undirected	NA	NA
11974	14952	0.489637977699552	undirected	NA	NA
11974	15017	0.122002084794577	undirected	NA	NA
11974	15192	0.0439938433171736	undirected	NA	NA
11974	15286	0.00552731149974955	undirected	NA	NA
11995	12286	0.252611994160173	undirected	NA	NA
11995	12303	0.232434881678855	undirected	NA	NA
11995	12552	0.163086966831145	undirected	NA	NA
11995	12992	0.268079761329469	undirected	NA	NA
11995	13002	0.154582526480117	undirected	NA	NA
11995	13266	0.176660284506355	undirected	NA	NA
11995	13895	0.175504106222997	undirected	NA	NA
11995	14241	0.144646733627133	undirected	NA	NA
11995	14594	0.201372676728738	undirected	NA	NA
11995	14687	0.171486806495346	undirected	NA	NA
11995	14872	0.0669642802559148	undirected	NA	NA
11995	14952	0.156037122376915	undirected	NA	NA
11995	15017	0.20901992703852	undirected	NA	NA
11995	15192	0.192992623467227	undirected	NA	NA
11995	15286	0.00693637364264634	undirected	NA	NA
12286	12303	0.297077941006644	undirected	NA	NA
12286	12552	0.310049877997592	undirected	NA	NA
12286	12992	0.315770238881317	undirected	NA	NA
12286	13002	0.278874755965212	undirected	NA	NA
12286	13266	0.235978235776848	undirected	NA	NA
12286	13895	0.181213850986576	undirected	NA	NA
12286	14241	0.284730137717365	undirected	NA	NA
12286	14594	0.315944821656667	undirected	NA	NA
12286	14687	0.321837925401504	undirected	NA	NA
12286	14872	0.160585794727945	undirected	NA	NA
12286	14952	0.313867711478181	undirected	NA	NA
12286	15017	0.151507504160618	undirected	NA	NA
12286	15192	0.114245164423146	undirected	NA	NA
12286	15286	0.0060877097730802	undirected	NA	NA
12303	12552	0.302092921116787	undirected	NA	NA
12303	12992	0.237888537555695	undirected	NA	NA
12303	13002	0.205037643243004	undirected	NA	NA
12303	13266	0.238022863841549	undirected	NA	NA
12303	13895	0.109457168902853	undirected	NA	NA
12303	14241	0.29012539565452	undirected	NA	NA
12303	14594	0.187683508323709	undirected	NA	NA
12303	14687	0.318360819834114	undirected	NA	NA
12303	14872	0.0838812896728194	undirected	NA	NA
12303	14952	0.289103017485524	undirected	NA	NA
12303	15017	0.204628072948224	undirected	NA	NA
12303	15192	0.145127743607985	undirected	NA	NA
12303	15286	0.056452576123096	undirected	NA	NA
12552	12992	0.250326258624624	undirected	NA	NA
12552	13002	0.247203735495273	undirected	NA	NA
12552	13266	0.235755289121856	undirected	NA	NA
12552	13895	0.115077862500834	undirected	NA	NA
12552	14241	0.489719592740908	undirected	NA	NA
12552	14594	0.274788659877635	undirected	NA	NA
12552	14687	0.500993973159428	undirected	NA	NA
12552	14872	0.343840734917754	undirected	NA	NA
12552	14952	0.490199090151406	undirected	NA	NA
12552	15017	0.1303035613751	undirected	NA	NA
12552	15192	0.0496905180290563	undirected	NA	NA
12552	15286	0.00585647079297941	undirected	NA	NA
12992	13002	0.288113358447347	undirected	NA	NA
12992	13266	0.22027819102573	undirected	NA	NA
12992	13895	0.20122672568877	undirected	NA	NA
12992	14241	0.226205548851688	undirected	NA	NA
12992	14594	0.271628865555594	undirected	NA	NA
12992	14687	0.270609044110452	undirected	NA	NA
12992	14872	0.0968486495324542	undirected	NA	NA
12992	14952	0.263529476450062	undirected	NA	NA
12992	15017	0.147061144922325	undirected	NA	NA
12992	15192	0.135473765901525	undirected	NA	NA
12992	15286	0.00353650783384154	undirected	NA	NA
13002	13266	0.116111338233365	undirected	NA	NA
13002	13895	0.264870885035295	undirected	NA	NA
13002	14241	0.212716282706274	undirected	NA	NA
13002	14594	0.194151797738667	undirected	NA	NA
13002	14687	0.245175989605216	undirected	NA	NA
13002	14872	0.15324058089986	undirected	NA	NA
13002	14952	0.236775319382333	undirected	NA	NA
13002	15017	0.158838826783516	undirected	NA	NA
13002	15192	0.119985134290268	undirected	NA	NA
13002	15286	0.00120554099986173	undirected	NA	NA
13266	13895	0.081629542815375	undirected	NA	NA
13266	14241	0.226930497714024	undirected	NA	NA
13266	14594	0.242333344736379	undirected	NA	NA
13266	14687	0.230203564275766	undirected	NA	NA
13266	14872	0.112487201926794	undirected	NA	NA
13266	14952	0.195649808986317	undirected	NA	NA
13266	15017	0.125875146190295	undirected	NA	NA
13266	15192	0.09058729106047	undirected	NA	NA
13266	15286	0.0150662929057017	undirected	NA	NA
13895	14241	0.0947572059266484	undirected	NA	NA
13895	14594	0.0846099372576068	undirected	NA	NA
13895	14687	0.126227895350521	undirected	NA	NA
13895	14872	0.0801122306186386	undirected	NA	NA
13895	14952	0.142522498214819	undirected	NA	NA
13895	15017	0.187741790047389	undirected	NA	NA
13895	15192	0.137356132744127	undirected	NA	NA
13895	15286	0.000532250538706364	undirected	NA	NA
14241	14594	0.254997637236739	undirected	NA	NA
14241	14687	0.463034869494361	undirected	NA	NA
14241	14872	0.347889064511169	undirected	NA	NA
14241	14952	0.453149584876361	undirected	NA	NA
14241	15017	0.119273315351117	undirected	NA	NA
14241	15192	0.0384538236039213	undirected	NA	NA
14241	15286	0.00759511676799355	undirected	NA	NA
14594	14687	0.290842921994488	undirected	NA	NA
14594	14872	0.0692969685824953	undirected	NA	NA
14594	14952	0.267653423439171	undirected	NA	NA
14594	15017	0.123635757393513	undirected	NA	NA
14594	15192	0.114803786235282	undirected	NA	NA
14594	15286	0.0130638023500415	undirected	NA	NA
14687	14872	0.340664904086651	undirected	NA	NA
14687	14952	0.447472087816668	undirected	NA	NA
14687	15017	0.131321273779696	undirected	NA	NA
14687	15192	0.054792783686391	undirected	NA	NA
14687	15286	0.00642367477233935	undirected	NA	NA
14872	14952	0.345783307015007	undirected	NA	NA
14872	15017	0.0756903161923907	undirected	NA	NA
14872	15192	0.0120347351030443	undirected	NA	NA
14872	15286	0.00125705342230207	undirected	NA	NA
14952	15017	0.112675957089834	undirected	NA	NA
14952	15192	0.0499298578917566	undirected	NA	NA
14952	15286	0.00317705317252266	undirected	NA	NA
15017	15192	0.118972346945586	undirected	NA	NA
15017	15286	0.0186607734360797	undirected	NA	NA
15192	15286	0.0105342531159165	undirected	NA	NA
