fromNode	toNode	weight	direction	fromAltName	toAltName
327	837	0.0308607876566388	undirected	NA	NA
327	868	0.0315957682724418	undirected	NA	NA
327	901	0.0449640667517684	undirected	NA	NA
327	1046	0.0325187443295663	undirected	NA	NA
327	1509	0.06212417656395	undirected	NA	NA
327	2797	0.042155577976898	undirected	NA	NA
327	3356	0.0114082230190906	undirected	NA	NA
327	3425	0.0241778231418273	undirected	NA	NA
327	3560	0.0508520763340355	undirected	NA	NA
327	4794	0.0666215122456727	undirected	NA	NA
327	5104	0.046700532803935	undirected	NA	NA
327	5251	0.118129029610724	undirected	NA	NA
327	5258	0.0633290916049817	undirected	NA	NA
327	5413	0.0475529487072149	undirected	NA	NA
327	5648	0.113850628145791	undirected	NA	NA
327	6110	0.0283607184806022	undirected	NA	NA
327	6693	0.0430016183864293	undirected	NA	NA
327	6831	0.0422430073966469	undirected	NA	NA
327	7667	0.0870511933764676	undirected	NA	NA
327	8026	0.110308142633829	undirected	NA	NA
327	8155	0.0256362743913084	undirected	NA	NA
327	8381	0.0141108153451838	undirected	NA	NA
327	8556	0.0474357818291992	undirected	NA	NA
327	8674	0.164175376620864	undirected	NA	NA
327	8780	0.024338709428486	undirected	NA	NA
327	8844	0.107176625749403	undirected	NA	NA
327	9723	0.0988313011430564	undirected	NA	NA
327	10419	0.0149328721052193	undirected	NA	NA
327	10464	0.0231984187936959	undirected	NA	NA
327	10950	0.194289926930791	undirected	NA	NA
327	11465	0.0313638266195615	undirected	NA	NA
327	11723	0.00456730940087854	undirected	NA	NA
327	12121	0.012748340490095	undirected	NA	NA
327	12674	0.0296762562760592	undirected	NA	NA
327	13038	0.00532521599181727	undirected	NA	NA
327	13287	0.10319867761052	undirected	NA	NA
327	13382	0.150066306169418	undirected	NA	NA
327	13483	0.174412625549667	undirected	NA	NA
327	13490	0.126858094951722	undirected	NA	NA
327	13637	0.189983705177293	undirected	NA	NA
327	13961	0.195609963866328	undirected	NA	NA
327	14653	0.143235917702771	undirected	NA	NA
327	15146	0.0639739562769009	undirected	NA	NA
327	15454	0.0137909947854915	undirected	NA	NA
837	868	0.320019251926401	undirected	NA	NA
837	901	0.206765605401675	undirected	NA	NA
837	1046	0.282379396356093	undirected	NA	NA
837	1509	0.0536934871758099	undirected	NA	NA
837	2797	0.247516025200952	undirected	NA	NA
837	3356	0.293839951264955	undirected	NA	NA
837	3425	0.320902020865001	undirected	NA	NA
837	3560	0.302639538675539	undirected	NA	NA
837	4794	0.262066878237001	undirected	NA	NA
837	5104	0.314646293559809	undirected	NA	NA
837	5251	0.0954125547392203	undirected	NA	NA
837	5258	0.285289007070745	undirected	NA	NA
837	5413	0.314830889019211	undirected	NA	NA
837	5648	0.243471427694773	undirected	NA	NA
837	6110	0.192582795074109	undirected	NA	NA
837	6693	0.171986292445376	undirected	NA	NA
837	6831	0.322087893335037	undirected	NA	NA
837	7667	0.0939768840348324	undirected	NA	NA
837	8026	0.137425096679929	undirected	NA	NA
837	8155	0.314024667144317	undirected	NA	NA
837	8381	0.266508929971475	undirected	NA	NA
837	8556	0.286066951407084	undirected	NA	NA
837	8674	0.124673821404291	undirected	NA	NA
837	8780	0.314972604414563	undirected	NA	NA
837	8844	0.161553575867663	undirected	NA	NA
837	9723	0.187052155481027	undirected	NA	NA
837	10419	0.296802430603966	undirected	NA	NA
837	10464	0.284986368701851	undirected	NA	NA
837	10950	0.092284927303665	undirected	NA	NA
837	11465	0.290763042413143	undirected	NA	NA
837	11723	0.191292382090099	undirected	NA	NA
837	12121	0.27622374835353	undirected	NA	NA
837	12674	0.237994008758506	undirected	NA	NA
837	13038	0.22036707761967	undirected	NA	NA
837	13287	0.21942157804075	undirected	NA	NA
837	13382	0.202178185847097	undirected	NA	NA
837	13483	0.0973307183814106	undirected	NA	NA
837	13490	0.155415538637544	undirected	NA	NA
837	13637	0.0888342200866192	undirected	NA	NA
837	13961	0.160450170181707	undirected	NA	NA
837	14653	0.221892614585862	undirected	NA	NA
837	15146	0.26190346544292	undirected	NA	NA
837	15454	0.195222111178253	undirected	NA	NA
868	901	0.133219168467385	undirected	NA	NA
868	1046	0.201845514938146	undirected	NA	NA
868	1509	0.0371997343214258	undirected	NA	NA
868	2797	0.293427976885575	undirected	NA	NA
868	3356	0.310897788838713	undirected	NA	NA
868	3425	0.335725798951806	undirected	NA	NA
868	3560	0.349014253406464	undirected	NA	NA
868	4794	0.196893578329799	undirected	NA	NA
868	5104	0.326519314475866	undirected	NA	NA
868	5251	0.0582500060620888	undirected	NA	NA
868	5258	0.210666749143123	undirected	NA	NA
868	5413	0.34636878302065	undirected	NA	NA
868	5648	0.259864369699309	undirected	NA	NA
868	6110	0.112142459165516	undirected	NA	NA
868	6693	0.0924342482790486	undirected	NA	NA
868	6831	0.338220940366756	undirected	NA	NA
868	7667	0.0495457418789173	undirected	NA	NA
868	8026	0.0839235109696339	undirected	NA	NA
868	8155	0.27473827022805	undirected	NA	NA
868	8381	0.21067795868368	undirected	NA	NA
868	8556	0.303950825817372	undirected	NA	NA
868	8674	0.117350262267941	undirected	NA	NA
868	8780	0.333212674545256	undirected	NA	NA
868	8844	0.183537695712348	undirected	NA	NA
868	9723	0.225251077609179	undirected	NA	NA
868	10419	0.243663375222421	undirected	NA	NA
868	10464	0.22788617786507	undirected	NA	NA
868	10950	0.0762266820185254	undirected	NA	NA
868	11465	0.319340030476432	undirected	NA	NA
868	11723	0.169029819173336	undirected	NA	NA
868	12121	0.242866182024437	undirected	NA	NA
868	12674	0.262363962376891	undirected	NA	NA
868	13038	0.157201749901513	undirected	NA	NA
868	13287	0.27630071150767	undirected	NA	NA
868	13382	0.201834557320441	undirected	NA	NA
868	13483	0.0876538158783595	undirected	NA	NA
868	13490	0.152828190518777	undirected	NA	NA
868	13637	0.0871170687751312	undirected	NA	NA
868	13961	0.139211588631386	undirected	NA	NA
868	14653	0.232791347615603	undirected	NA	NA
868	15146	0.213076984783786	undirected	NA	NA
868	15454	0.106567996347887	undirected	NA	NA
901	1046	0.258847480589216	undirected	NA	NA
901	1509	0.0755193262742582	undirected	NA	NA
901	2797	0.0986117836114315	undirected	NA	NA
901	3356	0.13806419967926	undirected	NA	NA
901	3425	0.178957088814965	undirected	NA	NA
901	3560	0.175162288281147	undirected	NA	NA
901	4794	0.243686216253903	undirected	NA	NA
901	5104	0.16075701252515	undirected	NA	NA
901	5251	0.184662297340375	undirected	NA	NA
901	5258	0.265727062799926	undirected	NA	NA
901	5413	0.172224591773161	undirected	NA	NA
901	5648	0.156099350755098	undirected	NA	NA
901	6110	0.245631941584201	undirected	NA	NA
901	6693	0.255577280483632	undirected	NA	NA
901	6831	0.168747748298369	undirected	NA	NA
901	7667	0.203845956926674	undirected	NA	NA
901	8026	0.227870334247308	undirected	NA	NA
901	8155	0.225535466929787	undirected	NA	NA
901	8381	0.204011473473179	undirected	NA	NA
901	8556	0.156887305407764	undirected	NA	NA
901	8674	0.12799552739183	undirected	NA	NA
901	8780	0.146293594750584	undirected	NA	NA
901	8844	0.108743248892806	undirected	NA	NA
901	9723	0.109057238190009	undirected	NA	NA
901	10419	0.198448964522022	undirected	NA	NA
901	10464	0.231539722141185	undirected	NA	NA
901	10950	0.127647617545066	undirected	NA	NA
901	11465	0.158427867641692	undirected	NA	NA
901	11723	0.12665185751854	undirected	NA	NA
901	12121	0.202581716666649	undirected	NA	NA
901	12674	0.102919435838891	undirected	NA	NA
901	13038	0.183679354218414	undirected	NA	NA
901	13287	0.125203015753355	undirected	NA	NA
901	13382	0.157605726270311	undirected	NA	NA
901	13483	0.115164222127736	undirected	NA	NA
901	13490	0.126920964875688	undirected	NA	NA
901	13637	0.107837045009876	undirected	NA	NA
901	13961	0.169886647964065	undirected	NA	NA
901	14653	0.154994773708127	undirected	NA	NA
901	15146	0.231038270110025	undirected	NA	NA
901	15454	0.232572269598139	undirected	NA	NA
1046	1509	0.0860474080686269	undirected	NA	NA
1046	2797	0.146169030847891	undirected	NA	NA
1046	3356	0.218245886148869	undirected	NA	NA
1046	3425	0.259473879392485	undirected	NA	NA
1046	3560	0.248978943785578	undirected	NA	NA
1046	4794	0.268554714913559	undirected	NA	NA
1046	5104	0.228072064703929	undirected	NA	NA
1046	5251	0.148224473603973	undirected	NA	NA
1046	5258	0.297527945994834	undirected	NA	NA
1046	5413	0.245965987337673	undirected	NA	NA
1046	5648	0.186701447384179	undirected	NA	NA
1046	6110	0.251970251118681	undirected	NA	NA
1046	6693	0.245529614995024	undirected	NA	NA
1046	6831	0.242758767094657	undirected	NA	NA
1046	7667	0.159275588592229	undirected	NA	NA
1046	8026	0.194978418168629	undirected	NA	NA
1046	8155	0.303421294788385	undirected	NA	NA
1046	8381	0.265560238399785	undirected	NA	NA
1046	8556	0.22151882585449	undirected	NA	NA
1046	8674	0.113894962509153	undirected	NA	NA
1046	8780	0.215340472356959	undirected	NA	NA
1046	8844	0.128599157926438	undirected	NA	NA
1046	9723	0.129469415606413	undirected	NA	NA
1046	10419	0.263747796555201	undirected	NA	NA
1046	10464	0.289688459605915	undirected	NA	NA
1046	10950	0.108218369169064	undirected	NA	NA
1046	11465	0.223268746764575	undirected	NA	NA
1046	11723	0.173779399418408	undirected	NA	NA
1046	12121	0.26877563921136	undirected	NA	NA
1046	12674	0.158098244595341	undirected	NA	NA
1046	13038	0.249435678197989	undirected	NA	NA
1046	13287	0.16192015884984	undirected	NA	NA
1046	13382	0.166487565600907	undirected	NA	NA
1046	13483	0.0916083293381537	undirected	NA	NA
1046	13490	0.141665211310736	undirected	NA	NA
1046	13637	0.0877053104634625	undirected	NA	NA
1046	13961	0.157379815691471	undirected	NA	NA
1046	14653	0.172520603805433	undirected	NA	NA
1046	15146	0.270612102232086	undirected	NA	NA
1046	15454	0.264909536315075	undirected	NA	NA
1509	2797	0.0395205176937055	undirected	NA	NA
1509	3356	0.0459132915062113	undirected	NA	NA
1509	3425	0.043278195052792	undirected	NA	NA
1509	3560	0.0833775235881427	undirected	NA	NA
1509	4794	0.106545300351846	undirected	NA	NA
1509	5104	0.0555848776902293	undirected	NA	NA
1509	5251	0.167064131548905	undirected	NA	NA
1509	5258	0.13958375458857	undirected	NA	NA
1509	5413	0.0702799950859101	undirected	NA	NA
1509	5648	0.152184900142925	undirected	NA	NA
1509	6110	0.0691953407154558	undirected	NA	NA
1509	6693	0.0908523059152905	undirected	NA	NA
1509	6831	0.059532060854013	undirected	NA	NA
1509	7667	0.1358448912254	undirected	NA	NA
1509	8026	0.155191190969068	undirected	NA	NA
1509	8155	0.065681065537114	undirected	NA	NA
1509	8381	0.0589733098731507	undirected	NA	NA
1509	8556	0.113969954382877	undirected	NA	NA
1509	8674	0.123154377130999	undirected	NA	NA
1509	8780	0.0735172411675488	undirected	NA	NA
1509	8844	0.193465074857283	undirected	NA	NA
1509	9723	0.136703015176845	undirected	NA	NA
1509	10419	0.0414233560356886	undirected	NA	NA
1509	10464	0.0490369033752567	undirected	NA	NA
1509	10950	0.168592816551655	undirected	NA	NA
1509	11465	0.0484852060044221	undirected	NA	NA
1509	11723	0.025295708512489	undirected	NA	NA
1509	12121	0.0323332759995249	undirected	NA	NA
1509	12674	0.0454679921293041	undirected	NA	NA
1509	13038	0.0365083391405305	undirected	NA	NA
1509	13287	0.0812322939742635	undirected	NA	NA
1509	13382	0.143649749328866	undirected	NA	NA
1509	13483	0.0977795325792314	undirected	NA	NA
1509	13490	0.221328479032329	undirected	NA	NA
1509	13637	0.0711421838033859	undirected	NA	NA
1509	13961	0.182378128394043	undirected	NA	NA
1509	14653	0.186753505067075	undirected	NA	NA
1509	15146	0.162672404186578	undirected	NA	NA
1509	15454	0.0584985023144098	undirected	NA	NA
2797	3356	0.259929763907095	undirected	NA	NA
2797	3425	0.275939491064071	undirected	NA	NA
2797	3560	0.281277743746261	undirected	NA	NA
2797	4794	0.132330824510998	undirected	NA	NA
2797	5104	0.29324770315132	undirected	NA	NA
2797	5251	0.0592376202402564	undirected	NA	NA
2797	5258	0.153293549609076	undirected	NA	NA
2797	5413	0.290100343335325	undirected	NA	NA
2797	5648	0.259949100278852	undirected	NA	NA
2797	6110	0.0874548380916865	undirected	NA	NA
2797	6693	0.058542898815758	undirected	NA	NA
2797	6831	0.296334843427188	undirected	NA	NA
2797	7667	0.0455531057473941	undirected	NA	NA
2797	8026	0.0786281711066542	undirected	NA	NA
2797	8155	0.208607495363012	undirected	NA	NA
2797	8381	0.180791641590602	undirected	NA	NA
2797	8556	0.291738782198427	undirected	NA	NA
2797	8674	0.14936335910453	undirected	NA	NA
2797	8780	0.236477580521042	undirected	NA	NA
2797	8844	0.199284353320579	undirected	NA	NA
2797	9723	0.270884976477352	undirected	NA	NA
2797	10419	0.146362261439192	undirected	NA	NA
2797	10464	0.147833154902027	undirected	NA	NA
2797	10950	0.0832795765295999	undirected	NA	NA
2797	11465	0.208681307273472	undirected	NA	NA
2797	11723	0.167209273445966	undirected	NA	NA
2797	12121	0.177507270632508	undirected	NA	NA
2797	12674	0.287135888542234	undirected	NA	NA
2797	13038	0.134950710194373	undirected	NA	NA
2797	13287	0.256713439031971	undirected	NA	NA
2797	13382	0.20453329650318	undirected	NA	NA
2797	13483	0.116135786553519	undirected	NA	NA
2797	13490	0.140911454596346	undirected	NA	NA
2797	13637	0.110409303839366	undirected	NA	NA
2797	13961	0.134819677764096	undirected	NA	NA
2797	14653	0.233423767179476	undirected	NA	NA
2797	15146	0.208587365032154	undirected	NA	NA
2797	15454	0.0599179148210579	undirected	NA	NA
3356	3425	0.322259708539806	undirected	NA	NA
3356	3560	0.283762640355551	undirected	NA	NA
3356	4794	0.169789761296536	undirected	NA	NA
3356	5104	0.297034525997912	undirected	NA	NA
3356	5251	0.0510056638581031	undirected	NA	NA
3356	5258	0.204298077227165	undirected	NA	NA
3356	5413	0.297310865803827	undirected	NA	NA
3356	5648	0.170017417072463	undirected	NA	NA
3356	6110	0.145689723613615	undirected	NA	NA
3356	6693	0.113597308538878	undirected	NA	NA
3356	6831	0.310722436863547	undirected	NA	NA
3356	7667	0.0506021871664209	undirected	NA	NA
3356	8026	0.0793792912176007	undirected	NA	NA
3356	8155	0.265171529933579	undirected	NA	NA
3356	8381	0.249733474581178	undirected	NA	NA
3356	8556	0.238938256654333	undirected	NA	NA
3356	8674	0.0703575238482682	undirected	NA	NA
3356	8780	0.25264784706386	undirected	NA	NA
3356	8844	0.113561645347834	undirected	NA	NA
3356	9723	0.140104322598523	undirected	NA	NA
3356	10419	0.223266053659905	undirected	NA	NA
3356	10464	0.217649162555681	undirected	NA	NA
3356	10950	0.0461544175756799	undirected	NA	NA
3356	11465	0.241263462424181	undirected	NA	NA
3356	11723	0.203111183490837	undirected	NA	NA
3356	12121	0.244372480141905	undirected	NA	NA
3356	12674	0.274811382709654	undirected	NA	NA
3356	13038	0.232302609332196	undirected	NA	NA
3356	13287	0.180635941500339	undirected	NA	NA
3356	13382	0.125371437065278	undirected	NA	NA
3356	13483	0.0481027126952596	undirected	NA	NA
3356	13490	0.0994269527040614	undirected	NA	NA
3356	13637	0.0435247445243631	undirected	NA	NA
3356	13961	0.0879333956213314	undirected	NA	NA
3356	14653	0.14685336231785	undirected	NA	NA
3356	15146	0.210194087829598	undirected	NA	NA
3356	15454	0.154504274138612	undirected	NA	NA
3425	3560	0.318906675374843	undirected	NA	NA
3425	4794	0.233313681375746	undirected	NA	NA
3425	5104	0.316937214273965	undirected	NA	NA
3425	5251	0.0723616384872149	undirected	NA	NA
3425	5258	0.256830107930286	undirected	NA	NA
3425	5413	0.309847581787085	undirected	NA	NA
3425	5648	0.244726804504932	undirected	NA	NA
3425	6110	0.166249244798382	undirected	NA	NA
3425	6693	0.137985641618654	undirected	NA	NA
3425	6831	0.322245625953647	undirected	NA	NA
3425	7667	0.0695366298279151	undirected	NA	NA
3425	8026	0.108763960559989	undirected	NA	NA
3425	8155	0.312585039992079	undirected	NA	NA
3425	8381	0.264609597006545	undirected	NA	NA
3425	8556	0.301604288340056	undirected	NA	NA
3425	8674	0.11374156285698	undirected	NA	NA
3425	8780	0.329784229594277	undirected	NA	NA
3425	8844	0.158420139477059	undirected	NA	NA
3425	9723	0.196891161120801	undirected	NA	NA
3425	10419	0.285915960014104	undirected	NA	NA
3425	10464	0.270078805122476	undirected	NA	NA
3425	10950	0.0744908680814375	undirected	NA	NA
3425	11465	0.299880143714186	undirected	NA	NA
3425	11723	0.205100754530045	undirected	NA	NA
3425	12121	0.279338117850574	undirected	NA	NA
3425	12674	0.263758317890006	undirected	NA	NA
3425	13038	0.217792540469442	undirected	NA	NA
3425	13287	0.222647031065083	undirected	NA	NA
3425	13382	0.193374996155402	undirected	NA	NA
3425	13483	0.0856904718180834	undirected	NA	NA
3425	13490	0.141015464405244	undirected	NA	NA
3425	13637	0.0791775504273482	undirected	NA	NA
3425	13961	0.139366606954182	undirected	NA	NA
3425	14653	0.216161294431927	undirected	NA	NA
3425	15146	0.245887316577121	undirected	NA	NA
3425	15454	0.164975740312827	undirected	NA	NA
3560	4794	0.25178549786451	undirected	NA	NA
3560	5104	0.338735554214022	undirected	NA	NA
3560	5251	0.110825861000851	undirected	NA	NA
3560	5258	0.275817951862453	undirected	NA	NA
3560	5413	0.338811300876146	undirected	NA	NA
3560	5648	0.278083775045585	undirected	NA	NA
3560	6110	0.152893969253458	undirected	NA	NA
3560	6693	0.144921050864305	undirected	NA	NA
3560	6831	0.34277568999354	undirected	NA	NA
3560	7667	0.094204445301072	undirected	NA	NA
3560	8026	0.141207237483698	undirected	NA	NA
3560	8155	0.289654278492736	undirected	NA	NA
3560	8381	0.231811368657749	undirected	NA	NA
3560	8556	0.303861568473045	undirected	NA	NA
3560	8674	0.144828028146109	undirected	NA	NA
3560	8780	0.331615179591385	undirected	NA	NA
3560	8844	0.228173860267795	undirected	NA	NA
3560	9723	0.228255803955647	undirected	NA	NA
3560	10419	0.267877285058156	undirected	NA	NA
3560	10464	0.254112750979734	undirected	NA	NA
3560	10950	0.13093336401722	undirected	NA	NA
3560	11465	0.310072178985625	undirected	NA	NA
3560	11723	0.158946147951311	undirected	NA	NA
3560	12121	0.239509545124776	undirected	NA	NA
3560	12674	0.261815220512929	undirected	NA	NA
3560	13038	0.175784296391512	undirected	NA	NA
3560	13287	0.258913629454956	undirected	NA	NA
3560	13382	0.229673960525693	undirected	NA	NA
3560	13483	0.10874629727624	undirected	NA	NA
3560	13490	0.221673607623219	undirected	NA	NA
3560	13637	0.0979112070541019	undirected	NA	NA
3560	13961	0.195068034071526	undirected	NA	NA
3560	14653	0.269454561546483	undirected	NA	NA
3560	15146	0.277564678053666	undirected	NA	NA
3560	15454	0.153684586978231	undirected	NA	NA
4794	5104	0.224302318545733	undirected	NA	NA
4794	5251	0.204660239136953	undirected	NA	NA
4794	5258	0.30128907984556	undirected	NA	NA
4794	5413	0.244804436208909	undirected	NA	NA
4794	5648	0.196528093072067	undirected	NA	NA
4794	6110	0.218803379889524	undirected	NA	NA
4794	6693	0.253626417040738	undirected	NA	NA
4794	6831	0.23395155165879	undirected	NA	NA
4794	7667	0.204702241437752	undirected	NA	NA
4794	8026	0.237849872817612	undirected	NA	NA
4794	8155	0.258561974228049	undirected	NA	NA
4794	8381	0.201137575514475	undirected	NA	NA
4794	8556	0.196229739049004	undirected	NA	NA
4794	8674	0.142158528237092	undirected	NA	NA
4794	8780	0.204368916308595	undirected	NA	NA
4794	8844	0.162906656703235	undirected	NA	NA
4794	9723	0.139196799699762	undirected	NA	NA
4794	10419	0.240280133452105	undirected	NA	NA
4794	10464	0.266827865688867	undirected	NA	NA
4794	10950	0.172627789379876	undirected	NA	NA
4794	11465	0.243021707846344	undirected	NA	NA
4794	11723	0.114080187213514	undirected	NA	NA
4794	12121	0.220955754396141	undirected	NA	NA
4794	12674	0.131533498874525	undirected	NA	NA
4794	13038	0.165416850827178	undirected	NA	NA
4794	13287	0.187853337518615	undirected	NA	NA
4794	13382	0.190934466217413	undirected	NA	NA
4794	13483	0.120388700679728	undirected	NA	NA
4794	13490	0.197023408886175	undirected	NA	NA
4794	13637	0.118129461071928	undirected	NA	NA
4794	13961	0.215765000215035	undirected	NA	NA
4794	14653	0.205616358139256	undirected	NA	NA
4794	15146	0.262051547053879	undirected	NA	NA
4794	15454	0.233291663901458	undirected	NA	NA
5104	5251	0.0890691078227693	undirected	NA	NA
5104	5258	0.243935845504436	undirected	NA	NA
5104	5413	0.331613913950545	undirected	NA	NA
5104	5648	0.284463179806326	undirected	NA	NA
5104	6110	0.138978887164317	undirected	NA	NA
5104	6693	0.118066097088545	undirected	NA	NA
5104	6831	0.320275306389639	undirected	NA	NA
5104	7667	0.0757688647865984	undirected	NA	NA
5104	8026	0.119609422267847	undirected	NA	NA
5104	8155	0.285466074775603	undirected	NA	NA
5104	8381	0.227294846451766	undirected	NA	NA
5104	8556	0.31397899292424	undirected	NA	NA
5104	8674	0.151321983367516	undirected	NA	NA
5104	8780	0.321091825897451	undirected	NA	NA
5104	8844	0.21034752610536	undirected	NA	NA
5104	9723	0.24514200932306	undirected	NA	NA
5104	10419	0.247476404933868	undirected	NA	NA
5104	10464	0.239820900473601	undirected	NA	NA
5104	10950	0.10927481911496	undirected	NA	NA
5104	11465	0.303631399494302	undirected	NA	NA
5104	11723	0.17147083410737	undirected	NA	NA
5104	12121	0.244412553880726	undirected	NA	NA
5104	12674	0.265739149959137	undirected	NA	NA
5104	13038	0.170622805711375	undirected	NA	NA
5104	13287	0.271964875010384	undirected	NA	NA
5104	13382	0.233157126728847	undirected	NA	NA
5104	13483	0.11765568815066	undirected	NA	NA
5104	13490	0.184165707082345	undirected	NA	NA
5104	13637	0.112130044028574	undirected	NA	NA
5104	13961	0.177619199822017	undirected	NA	NA
5104	14653	0.264104189375804	undirected	NA	NA
5104	15146	0.255641766589207	undirected	NA	NA
5104	15454	0.125228108276446	undirected	NA	NA
5251	5258	0.206972243235988	undirected	NA	NA
5251	5413	0.100765677632224	undirected	NA	NA
5251	5648	0.201276943974689	undirected	NA	NA
5251	6110	0.152801694980147	undirected	NA	NA
5251	6693	0.196673302313083	undirected	NA	NA
5251	6831	0.0905815405127316	undirected	NA	NA
5251	7667	0.251234768586679	undirected	NA	NA
5251	8026	0.28429737857741	undirected	NA	NA
5251	8155	0.108504510939416	undirected	NA	NA
5251	8381	0.0781976024218225	undirected	NA	NA
5251	8556	0.124218831914416	undirected	NA	NA
5251	8674	0.231877851562647	undirected	NA	NA
5251	8780	0.0731841925895042	undirected	NA	NA
5251	8844	0.127550324059814	undirected	NA	NA
5251	9723	0.148641830475345	undirected	NA	NA
5251	10419	0.0744231783021663	undirected	NA	NA
5251	10464	0.103981100044935	undirected	NA	NA
5251	10950	0.220811224016493	undirected	NA	NA
5251	11465	0.0752345909014731	undirected	NA	NA
5251	11723	0.0342662593289885	undirected	NA	NA
5251	12121	0.0683367610151298	undirected	NA	NA
5251	12674	0.0587197098125149	undirected	NA	NA
5251	13038	0.0446151476755105	undirected	NA	NA
5251	13287	0.12271083245954	undirected	NA	NA
5251	13382	0.239898806597728	undirected	NA	NA
5251	13483	0.233741234150386	undirected	NA	NA
5251	13490	0.156369660056327	undirected	NA	NA
5251	13637	0.208262447957209	undirected	NA	NA
5251	13961	0.291615177932784	undirected	NA	NA
5251	14653	0.219325890122412	undirected	NA	NA
5251	15146	0.168073999520536	undirected	NA	NA
5251	15454	0.103399921233246	undirected	NA	NA
5258	5413	0.26746251479428	undirected	NA	NA
5258	5648	0.232201535299606	undirected	NA	NA
5258	6110	0.241350282973589	undirected	NA	NA
5258	6693	0.236742085519055	undirected	NA	NA
5258	6831	0.257188106796891	undirected	NA	NA
5258	7667	0.198783291154716	undirected	NA	NA
5258	8026	0.234165392508601	undirected	NA	NA
5258	8155	0.295942375038131	undirected	NA	NA
5258	8381	0.21699819072602	undirected	NA	NA
5258	8556	0.240556448935946	undirected	NA	NA
5258	8674	0.14140682012849	undirected	NA	NA
5258	8780	0.228888716028402	undirected	NA	NA
5258	8844	0.180832388112153	undirected	NA	NA
5258	9723	0.153496816870831	undirected	NA	NA
5258	10419	0.256231661987887	undirected	NA	NA
5258	10464	0.284477548527615	undirected	NA	NA
5258	10950	0.175853350839465	undirected	NA	NA
5258	11465	0.245249660842618	undirected	NA	NA
5258	11723	0.138544467117323	undirected	NA	NA
5258	12121	0.2441476143787	undirected	NA	NA
5258	12674	0.16038163015418	undirected	NA	NA
5258	13038	0.183834361043372	undirected	NA	NA
5258	13287	0.199406066851176	undirected	NA	NA
5258	13382	0.215908010559499	undirected	NA	NA
5258	13483	0.123858703161605	undirected	NA	NA
5258	13490	0.210509862694863	undirected	NA	NA
5258	13637	0.120223017792516	undirected	NA	NA
5258	13961	0.209622150338235	undirected	NA	NA
5258	14653	0.20943305295496	undirected	NA	NA
5258	15146	0.285534508707065	undirected	NA	NA
5258	15454	0.230923013707897	undirected	NA	NA
5413	5648	0.283645665328956	undirected	NA	NA
5413	6110	0.150081605265705	undirected	NA	NA
5413	6693	0.135893177776954	undirected	NA	NA
5413	6831	0.333549362918748	undirected	NA	NA
5413	7667	0.0860985058503877	undirected	NA	NA
5413	8026	0.132172914790658	undirected	NA	NA
5413	8155	0.295237289075382	undirected	NA	NA
5413	8381	0.235978101716917	undirected	NA	NA
5413	8556	0.313878813546667	undirected	NA	NA
5413	8674	0.14651969373655	undirected	NA	NA
5413	8780	0.335811359921909	undirected	NA	NA
5413	8844	0.220964228712395	undirected	NA	NA
5413	9723	0.236580664397297	undirected	NA	NA
5413	10419	0.266920510641956	undirected	NA	NA
5413	10464	0.25463060466359	undirected	NA	NA
5413	10950	0.120139334171658	undirected	NA	NA
5413	11465	0.314888342888179	undirected	NA	NA
5413	11723	0.168491181407512	undirected	NA	NA
5413	12121	0.248152942394665	undirected	NA	NA
5413	12674	0.267658560869298	undirected	NA	NA
5413	13038	0.178820818132313	undirected	NA	NA
5413	13287	0.26064799874666	undirected	NA	NA
5413	13382	0.232349304533576	undirected	NA	NA
5413	13483	0.111017833299295	undirected	NA	NA
5413	13490	0.205659113499268	undirected	NA	NA
5413	13637	0.102221315136914	undirected	NA	NA
5413	13961	0.187551462509287	undirected	NA	NA
5413	14653	0.269021816544572	undirected	NA	NA
5413	15146	0.27189765016505	undirected	NA	NA
5413	15454	0.145503858503847	undirected	NA	NA
5648	6110	0.135393479540065	undirected	NA	NA
5648	6693	0.130647242726725	undirected	NA	NA
5648	6831	0.284358636412336	undirected	NA	NA
5648	7667	0.155672088654716	undirected	NA	NA
5648	8026	0.208657988883689	undirected	NA	NA
5648	8155	0.209971347660689	undirected	NA	NA
5648	8381	0.166901985828365	undirected	NA	NA
5648	8556	0.243932586789619	undirected	NA	NA
5648	8674	0.21545070548753	undirected	NA	NA
5648	8780	0.188740320270195	undirected	NA	NA
5648	8844	0.283293912441394	undirected	NA	NA
5648	9723	0.244843198154308	undirected	NA	NA
5648	10419	0.147840910191519	undirected	NA	NA
5648	10464	0.172606226845313	undirected	NA	NA
5648	10950	0.237780582328357	undirected	NA	NA
5648	11465	0.205360382371379	undirected	NA	NA
5648	11723	0.103793433046507	undirected	NA	NA
5648	12121	0.161943267348701	undirected	NA	NA
5648	12674	0.245359891909875	undirected	NA	NA
5648	13038	0.121105996380142	undirected	NA	NA
5648	13287	0.260816869647415	undirected	NA	NA
5648	13382	0.249552464748813	undirected	NA	NA
5648	13483	0.173763227329638	undirected	NA	NA
5648	13490	0.281588864909281	undirected	NA	NA
5648	13637	0.166254294186285	undirected	NA	NA
5648	13961	0.262086484882701	undirected	NA	NA
5648	14653	0.291449436920395	undirected	NA	NA
5648	15146	0.301064275851868	undirected	NA	NA
5648	15454	0.103578371380066	undirected	NA	NA
6110	6693	0.23708471228058	undirected	NA	NA
6110	6831	0.148869396656212	undirected	NA	NA
6110	7667	0.17520761182344	undirected	NA	NA
6110	8026	0.196019869966759	undirected	NA	NA
6110	8155	0.230803657705719	undirected	NA	NA
6110	8381	0.220079899691637	undirected	NA	NA
6110	8556	0.154600963889964	undirected	NA	NA
6110	8674	0.102250194813621	undirected	NA	NA
6110	8780	0.131804109237551	undirected	NA	NA
6110	8844	0.0857979617672872	undirected	NA	NA
6110	9723	0.0914165067447676	undirected	NA	NA
6110	10419	0.190603015515912	undirected	NA	NA
6110	10464	0.225293846341701	undirected	NA	NA
6110	10950	0.0940480195952765	undirected	NA	NA
6110	11465	0.131109526874832	undirected	NA	NA
6110	11723	0.148135074177057	undirected	NA	NA
6110	12121	0.208518400619178	undirected	NA	NA
6110	12674	0.0991620428846457	undirected	NA	NA
6110	13038	0.218607067734062	undirected	NA	NA
6110	13287	0.0988788530037152	undirected	NA	NA
6110	13382	0.130942996336863	undirected	NA	NA
6110	13483	0.0893212916003045	undirected	NA	NA
6110	13490	0.0970312031443895	undirected	NA	NA
6110	13637	0.0845843418835113	undirected	NA	NA
6110	13961	0.130426386776131	undirected	NA	NA
6110	14653	0.124124619791779	undirected	NA	NA
6110	15146	0.218282557610796	undirected	NA	NA
6110	15454	0.23551307213062	undirected	NA	NA
6693	6831	0.127173742597612	undirected	NA	NA
6693	7667	0.222310677423744	undirected	NA	NA
6693	8026	0.219505179175095	undirected	NA	NA
6693	8155	0.204943340413783	undirected	NA	NA
6693	8381	0.154744576045859	undirected	NA	NA
6693	8556	0.130978252162028	undirected	NA	NA
6693	8674	0.0912348775844733	undirected	NA	NA
6693	8780	0.129267302726733	undirected	NA	NA
6693	8844	0.0841724578766882	undirected	NA	NA
6693	9723	0.0747757629382003	undirected	NA	NA
6693	10419	0.19672899321113	undirected	NA	NA
6693	10464	0.226064607335757	undirected	NA	NA
6693	10950	0.123309442682261	undirected	NA	NA
6693	11465	0.1414339776643	undirected	NA	NA
6693	11723	0.0917153215561882	undirected	NA	NA
6693	12121	0.175659141659056	undirected	NA	NA
6693	12674	0.064212289367859	undirected	NA	NA
6693	13038	0.132171579452969	undirected	NA	NA
6693	13287	0.0972259229447746	undirected	NA	NA
6693	13382	0.13506546869535	undirected	NA	NA
6693	13483	0.090307059801699	undirected	NA	NA
6693	13490	0.11333423380169	undirected	NA	NA
6693	13637	0.0879108565459363	undirected	NA	NA
6693	13961	0.14268788121601	undirected	NA	NA
6693	14653	0.111965566858059	undirected	NA	NA
6693	15146	0.178936963600115	undirected	NA	NA
6693	15454	0.249548766654931	undirected	NA	NA
6831	7667	0.0782437013412489	undirected	NA	NA
6831	8026	0.122826338666552	undirected	NA	NA
6831	8155	0.299151152032427	undirected	NA	NA
6831	8381	0.242973898685391	undirected	NA	NA
6831	8556	0.321998084605927	undirected	NA	NA
6831	8674	0.145642606976096	undirected	NA	NA
6831	8780	0.334236870392218	undirected	NA	NA
6831	8844	0.210254370104971	undirected	NA	NA
6831	9723	0.24197958527523	undirected	NA	NA
6831	10419	0.26256915746365	undirected	NA	NA
6831	10464	0.252054648532487	undirected	NA	NA
6831	10950	0.107341934228048	undirected	NA	NA
6831	11465	0.310225153621206	undirected	NA	NA
6831	11723	0.182323804080409	undirected	NA	NA
6831	12121	0.25580224147481	undirected	NA	NA
6831	12674	0.273701253511623	undirected	NA	NA
6831	13038	0.186281340545137	undirected	NA	NA
6831	13287	0.264616274018703	undirected	NA	NA
6831	13382	0.230082024172947	undirected	NA	NA
6831	13483	0.11090400875245	undirected	NA	NA
6831	13490	0.18654852504083	undirected	NA	NA
6831	13637	0.103143395642066	undirected	NA	NA
6831	13961	0.175824831547663	undirected	NA	NA
6831	14653	0.263212909984958	undirected	NA	NA
6831	15146	0.266772398883238	undirected	NA	NA
6831	15454	0.138551509208091	undirected	NA	NA
7667	8026	0.253843065530924	undirected	NA	NA
7667	8155	0.113472040263337	undirected	NA	NA
7667	8381	0.0837205108994418	undirected	NA	NA
7667	8556	0.103336271341601	undirected	NA	NA
7667	8674	0.178738257899045	undirected	NA	NA
7667	8780	0.0663190685362031	undirected	NA	NA
7667	8844	0.0826735032687318	undirected	NA	NA
7667	9723	0.106067064994663	undirected	NA	NA
7667	10419	0.0856215781588615	undirected	NA	NA
7667	10464	0.118119968734652	undirected	NA	NA
7667	10950	0.179702596388286	undirected	NA	NA
7667	11465	0.0702527659727967	undirected	NA	NA
7667	11723	0.0397165311751805	undirected	NA	NA
7667	12121	0.0796662121178686	undirected	NA	NA
7667	12674	0.0465522014472782	undirected	NA	NA
7667	13038	0.0529324174041692	undirected	NA	NA
7667	13287	0.0932346689332609	undirected	NA	NA
7667	13382	0.188915703409991	undirected	NA	NA
7667	13483	0.186210304583433	undirected	NA	NA
7667	13490	0.109750275359165	undirected	NA	NA
7667	13637	0.168477125979011	undirected	NA	NA
7667	13961	0.225916400238688	undirected	NA	NA
7667	14653	0.161609956796773	undirected	NA	NA
7667	15146	0.139256897373378	undirected	NA	NA
7667	15454	0.132485179668892	undirected	NA	NA
8026	8155	0.155475685999207	undirected	NA	NA
8026	8381	0.114801774426098	undirected	NA	NA
8026	8556	0.149514190970425	undirected	NA	NA
8026	8674	0.212632353774297	undirected	NA	NA
8026	8780	0.0991558228572466	undirected	NA	NA
8026	8844	0.128996091032626	undirected	NA	NA
8026	9723	0.148206655607199	undirected	NA	NA
8026	10419	0.114358929162998	undirected	NA	NA
8026	10464	0.152194217099203	undirected	NA	NA
8026	10950	0.228700966371524	undirected	NA	NA
8026	11465	0.104456292430782	undirected	NA	NA
8026	11723	0.0595947588472749	undirected	NA	NA
8026	12121	0.111598840652311	undirected	NA	NA
8026	12674	0.0794725967581502	undirected	NA	NA
8026	13038	0.0731085634182315	undirected	NA	NA
8026	13287	0.137361265255278	undirected	NA	NA
8026	13382	0.23789513376795	undirected	NA	NA
8026	13483	0.214399048235674	undirected	NA	NA
8026	13490	0.163290572511256	undirected	NA	NA
8026	13637	0.19954688896142	undirected	NA	NA
8026	13961	0.251564550590423	undirected	NA	NA
8026	14653	0.207895699893799	undirected	NA	NA
8026	15146	0.170714466307313	undirected	NA	NA
8026	15454	0.143516060916796	undirected	NA	NA
8155	8381	0.291464885538087	undirected	NA	NA
8155	8556	0.257022495489398	undirected	NA	NA
8155	8674	0.112994087198244	undirected	NA	NA
8155	8780	0.267194765048196	undirected	NA	NA
8155	8844	0.139970153266074	undirected	NA	NA
8155	9723	0.157712198878297	undirected	NA	NA
8155	10419	0.283079769378136	undirected	NA	NA
8155	10464	0.275778738629666	undirected	NA	NA
8155	10950	0.0884160380702047	undirected	NA	NA
8155	11465	0.25752775943052	undirected	NA	NA
8155	11723	0.206087291654358	undirected	NA	NA
8155	12121	0.275990393319394	undirected	NA	NA
8155	12674	0.21615898886141	undirected	NA	NA
8155	13038	0.264858227880616	undirected	NA	NA
8155	13287	0.19194642966553	undirected	NA	NA
8155	13382	0.175966696549273	undirected	NA	NA
8155	13483	0.087346207492075	undirected	NA	NA
8155	13490	0.139971920848531	undirected	NA	NA
8155	13637	0.0760041695921838	undirected	NA	NA
8155	13961	0.147716252139223	undirected	NA	NA
8155	14653	0.192020925694038	undirected	NA	NA
8155	15146	0.275462777200205	undirected	NA	NA
8155	15454	0.238693538556894	undirected	NA	NA
8381	8556	0.231819220403236	undirected	NA	NA
8381	8674	0.0785388717186548	undirected	NA	NA
8381	8780	0.204476810311173	undirected	NA	NA
8381	8844	0.0962595500778568	undirected	NA	NA
8381	9723	0.116654393747206	undirected	NA	NA
8381	10419	0.226946067434712	undirected	NA	NA
8381	10464	0.24509399799996	undirected	NA	NA
8381	10950	0.0567438029613221	undirected	NA	NA
8381	11465	0.18730459931643	undirected	NA	NA
8381	11723	0.221921377285436	undirected	NA	NA
8381	12121	0.261809514980778	undirected	NA	NA
8381	12674	0.207387863647258	undirected	NA	NA
8381	13038	0.269815183998238	undirected	NA	NA
8381	13287	0.141437569525165	undirected	NA	NA
8381	13382	0.133854249034911	undirected	NA	NA
8381	13483	0.062911068630424	undirected	NA	NA
8381	13490	0.0911367396951908	undirected	NA	NA
8381	13637	0.0587785671030826	undirected	NA	NA
8381	13961	0.0946986519473791	undirected	NA	NA
8381	14653	0.128487530638998	undirected	NA	NA
8381	15146	0.226631399857269	undirected	NA	NA
8381	15454	0.197977078972869	undirected	NA	NA
8556	8674	0.145946721065377	undirected	NA	NA
8556	8780	0.234908097788154	undirected	NA	NA
8556	8844	0.222085337348261	undirected	NA	NA
8556	9723	0.220217269749751	undirected	NA	NA
8556	10419	0.188683807927053	undirected	NA	NA
8556	10464	0.203993928505524	undirected	NA	NA
8556	10950	0.134647529368645	undirected	NA	NA
8556	11465	0.230331128173149	undirected	NA	NA
8556	11723	0.167523471453374	undirected	NA	NA
8556	12121	0.211965272534283	undirected	NA	NA
8556	12674	0.298158689940955	undirected	NA	NA
8556	13038	0.192667423339288	undirected	NA	NA
8556	13287	0.234991168483717	undirected	NA	NA
8556	13382	0.200837592525761	undirected	NA	NA
8556	13483	0.106845960112008	undirected	NA	NA
8556	13490	0.206124499625582	undirected	NA	NA
8556	13637	0.0944141320273501	undirected	NA	NA
8556	13961	0.178078332631386	undirected	NA	NA
8556	14653	0.241024935780485	undirected	NA	NA
8556	15146	0.295330203795871	undirected	NA	NA
8556	15454	0.134443135514045	undirected	NA	NA
8674	8780	0.0827133757579073	undirected	NA	NA
8674	8844	0.198206040911098	undirected	NA	NA
8674	9723	0.178434219587752	undirected	NA	NA
8674	10419	0.0672853193896262	undirected	NA	NA
8674	10464	0.0936869017684529	undirected	NA	NA
8674	10950	0.261563712591941	undirected	NA	NA
8674	11465	0.0917135766613489	undirected	NA	NA
8674	11723	0.0469422026493242	undirected	NA	NA
8674	12121	0.0800073279820103	undirected	NA	NA
8674	12674	0.131912261012393	undirected	NA	NA
8674	13038	0.05028164926095	undirected	NA	NA
8674	13287	0.180557090552111	undirected	NA	NA
8674	13382	0.24033421453018	undirected	NA	NA
8674	13483	0.232831410466541	undirected	NA	NA
8674	13490	0.206497799494031	undirected	NA	NA
8674	13637	0.245388574906155	undirected	NA	NA
8674	13961	0.245704243393903	undirected	NA	NA
8674	14653	0.211777403461279	undirected	NA	NA
8674	15146	0.198739222662193	undirected	NA	NA
8674	15454	0.05260702513228	undirected	NA	NA
8780	8844	0.154329338791393	undirected	NA	NA
8780	9723	0.145815094153216	undirected	NA	NA
8780	10419	0.246535558140656	undirected	NA	NA
8780	10464	0.240929437211052	undirected	NA	NA
8780	10950	0.0788245665850186	undirected	NA	NA
8780	11465	0.315140979724537	undirected	NA	NA
8780	11723	0.140336295938176	undirected	NA	NA
8780	12121	0.235462510104977	undirected	NA	NA
8780	12674	0.233573491864558	undirected	NA	NA
8780	13038	0.168664467288139	undirected	NA	NA
8780	13287	0.226463974632056	undirected	NA	NA
8780	13382	0.148276036374344	undirected	NA	NA
8780	13483	0.0580253432527106	undirected	NA	NA
8780	13490	0.158767369408175	undirected	NA	NA
8780	13637	0.0571848324078514	undirected	NA	NA
8780	13961	0.124826121999869	undirected	NA	NA
8780	14653	0.179442427471361	undirected	NA	NA
8780	15146	0.213125842410148	undirected	NA	NA
8780	15454	0.158109825348618	undirected	NA	NA
8844	9723	0.255459882019347	undirected	NA	NA
8844	10419	0.0898136218402965	undirected	NA	NA
8844	10464	0.10600724910947	undirected	NA	NA
8844	10950	0.186938301781505	undirected	NA	NA
8844	11465	0.15160042401048	undirected	NA	NA
8844	11723	0.0537917950386433	undirected	NA	NA
8844	12121	0.0884251639862984	undirected	NA	NA
8844	12674	0.189344068695408	undirected	NA	NA
8844	13038	0.051489888633053	undirected	NA	NA
8844	13287	0.242574599124245	undirected	NA	NA
8844	13382	0.259805461021226	undirected	NA	NA
8844	13483	0.163211840599277	undirected	NA	NA
8844	13490	0.246537728895316	undirected	NA	NA
8844	13637	0.149247732964887	undirected	NA	NA
8844	13961	0.235332069458677	undirected	NA	NA
8844	14653	0.293549173959152	undirected	NA	NA
8844	15146	0.187433073663469	undirected	NA	NA
8844	15454	0.0577736757151439	undirected	NA	NA
9723	10419	0.0961458095062934	undirected	NA	NA
9723	10464	0.115632225400874	undirected	NA	NA
9723	10950	0.193005612499871	undirected	NA	NA
9723	11465	0.147226224478489	undirected	NA	NA
9723	11723	0.0822146011284151	undirected	NA	NA
9723	12121	0.115016063424717	undirected	NA	NA
9723	12674	0.257368271533005	undirected	NA	NA
9723	13038	0.0824387673556515	undirected	NA	NA
9723	13287	0.232102051867539	undirected	NA	NA
9723	13382	0.221593985132845	undirected	NA	NA
9723	13483	0.148937111547347	undirected	NA	NA
9723	13490	0.235975808769182	undirected	NA	NA
9723	13637	0.148709678052307	undirected	NA	NA
9723	13961	0.201631429142901	undirected	NA	NA
9723	14653	0.237384115761507	undirected	NA	NA
9723	15146	0.236293822738515	undirected	NA	NA
9723	15454	0.0550943864002317	undirected	NA	NA
10419	10464	0.291220242861385	undirected	NA	NA
10419	10950	0.0562178933599183	undirected	NA	NA
10419	11465	0.28285303230183	undirected	NA	NA
10419	11723	0.150622426015563	undirected	NA	NA
10419	12121	0.269985835290182	undirected	NA	NA
10419	12674	0.14918961180377	undirected	NA	NA
10419	13038	0.207525728524606	undirected	NA	NA
10419	13287	0.16408489289225	undirected	NA	NA
10419	13382	0.123911908448844	undirected	NA	NA
10419	13483	0.0519738330915128	undirected	NA	NA
10419	13490	0.101507135904647	undirected	NA	NA
10419	13637	0.0528324601187329	undirected	NA	NA
10419	13961	0.106048047864999	undirected	NA	NA
10419	14653	0.133548619297974	undirected	NA	NA
10419	15146	0.190819503768282	undirected	NA	NA
10419	15454	0.252192555142766	undirected	NA	NA
10464	10950	0.077885529942476	undirected	NA	NA
10464	11465	0.254075049720029	undirected	NA	NA
10464	11723	0.161243297159083	undirected	NA	NA
10464	12121	0.260100224037143	undirected	NA	NA
10464	12674	0.149316025337041	undirected	NA	NA
10464	13038	0.219901829017503	undirected	NA	NA
10464	13287	0.165855092086777	undirected	NA	NA
10464	13382	0.152333693411501	undirected	NA	NA
10464	13483	0.0767870557360764	undirected	NA	NA
10464	13490	0.117656240767186	undirected	NA	NA
10464	13637	0.0713386593830938	undirected	NA	NA
10464	13961	0.135519184254007	undirected	NA	NA
10464	14653	0.15855356867465	undirected	NA	NA
10464	15146	0.22358099580957	undirected	NA	NA
10464	15454	0.259521468097764	undirected	NA	NA
10950	11465	0.0857699854112616	undirected	NA	NA
10950	11723	0.0224513886373052	undirected	NA	NA
10950	12121	0.0494887155033238	undirected	NA	NA
10950	12674	0.0746838508323643	undirected	NA	NA
10950	13038	0.026782229479957	undirected	NA	NA
10950	13287	0.171656029988511	undirected	NA	NA
10950	13382	0.275112434228881	undirected	NA	NA
10950	13483	0.255480462406476	undirected	NA	NA
10950	13490	0.217025743904917	undirected	NA	NA
10950	13637	0.242652734415562	undirected	NA	NA
10950	13961	0.326272645291761	undirected	NA	NA
10950	14653	0.27196029238173	undirected	NA	NA
10950	15146	0.165692661574709	undirected	NA	NA
10950	15454	0.0558101052565678	undirected	NA	NA
11465	11723	0.122662797667491	undirected	NA	NA
11465	12121	0.222941382058177	undirected	NA	NA
11465	12674	0.190471221081843	undirected	NA	NA
11465	13038	0.142488419451327	undirected	NA	NA
11465	13287	0.229566301333051	undirected	NA	NA
11465	13382	0.170571194280962	undirected	NA	NA
11465	13483	0.06958043173867	undirected	NA	NA
11465	13490	0.163873112102836	undirected	NA	NA
11465	13637	0.0683343050742268	undirected	NA	NA
11465	13961	0.145853302284457	undirected	NA	NA
11465	14653	0.195951594972837	undirected	NA	NA
11465	15146	0.196002393307231	undirected	NA	NA
11465	15454	0.162890156373712	undirected	NA	NA
11723	12121	0.197300240926751	undirected	NA	NA
11723	12674	0.198273453514231	undirected	NA	NA
11723	13038	0.241865984377868	undirected	NA	NA
11723	13287	0.0922451459290399	undirected	NA	NA
11723	13382	0.0769044846117328	undirected	NA	NA
11723	13483	0.0342888005578463	undirected	NA	NA
11723	13490	0.0437329893416396	undirected	NA	NA
11723	13637	0.031985897336308	undirected	NA	NA
11723	13961	0.0474160124628036	undirected	NA	NA
11723	14653	0.078163298087466	undirected	NA	NA
11723	15146	0.153562408916978	undirected	NA	NA
11723	15454	0.131277303224046	undirected	NA	NA
12121	12674	0.181996657954751	undirected	NA	NA
12121	13038	0.246174513313308	undirected	NA	NA
12121	13287	0.15117119101299	undirected	NA	NA
12121	13382	0.133957050897069	undirected	NA	NA
12121	13483	0.0638429826686669	undirected	NA	NA
12121	13490	0.0860435678334215	undirected	NA	NA
12121	13637	0.0566892650457692	undirected	NA	NA
12121	13961	0.100815731230547	undirected	NA	NA
12121	14653	0.138395356333739	undirected	NA	NA
12121	15146	0.205971779979399	undirected	NA	NA
12121	15454	0.22128348371386	undirected	NA	NA
12674	13038	0.166948790797161	undirected	NA	NA
12674	13287	0.217049020199097	undirected	NA	NA
12674	13382	0.185398976278204	undirected	NA	NA
12674	13483	0.0972786914917234	undirected	NA	NA
12674	13490	0.134124329770173	undirected	NA	NA
12674	13637	0.0851493435119355	undirected	NA	NA
12674	13961	0.121747673746238	undirected	NA	NA
12674	14653	0.217517341256427	undirected	NA	NA
12674	15146	0.225846528957072	undirected	NA	NA
12674	15454	0.0697249202187045	undirected	NA	NA
13038	13287	0.0945406792313121	undirected	NA	NA
13038	13382	0.0931333156498513	undirected	NA	NA
13038	13483	0.0407315424234821	undirected	NA	NA
13038	13490	0.0475440747111948	undirected	NA	NA
13038	13637	0.036557149862296	undirected	NA	NA
13038	13961	0.0513930514117542	undirected	NA	NA
13038	14653	0.0813875366000664	undirected	NA	NA
13038	15146	0.161115736244492	undirected	NA	NA
13038	15454	0.207455720320461	undirected	NA	NA
13287	13382	0.237434917851211	undirected	NA	NA
13287	13483	0.149498001713696	undirected	NA	NA
13287	13490	0.23044792997992	undirected	NA	NA
13287	13637	0.146459269345983	undirected	NA	NA
13287	13961	0.21899021522526	undirected	NA	NA
13287	14653	0.270183168088594	undirected	NA	NA
13287	15146	0.224659469136263	undirected	NA	NA
13287	15454	0.0829267856902502	undirected	NA	NA
13382	13483	0.208306789989746	undirected	NA	NA
13382	13490	0.270626966513207	undirected	NA	NA
13382	13637	0.208919857807161	undirected	NA	NA
13382	13961	0.286965298385739	undirected	NA	NA
13382	14653	0.27926408530736	undirected	NA	NA
13382	15146	0.273776331831027	undirected	NA	NA
13382	15454	0.0938485219721314	undirected	NA	NA
13483	13490	0.173770038641031	undirected	NA	NA
13483	13637	0.249471852158718	undirected	NA	NA
13483	13961	0.240698977458998	undirected	NA	NA
13483	14653	0.190646871071741	undirected	NA	NA
13483	15146	0.170021500084398	undirected	NA	NA
13483	15454	0.0453165529859601	undirected	NA	NA
13490	13637	0.157551456189419	undirected	NA	NA
13490	13961	0.27850690218091	undirected	NA	NA
13490	14653	0.308129000810464	undirected	NA	NA
13490	15146	0.197852848604775	undirected	NA	NA
13490	15454	0.0753738393990078	undirected	NA	NA
13637	13961	0.244681205545011	undirected	NA	NA
13637	14653	0.191537797812301	undirected	NA	NA
13637	15146	0.151376121402697	undirected	NA	NA
13637	15454	0.0439831765912103	undirected	NA	NA
13961	14653	0.26492697717919	undirected	NA	NA
13961	15146	0.215337366838254	undirected	NA	NA
13961	15454	0.0878904340762172	undirected	NA	NA
14653	15146	0.268066998428636	undirected	NA	NA
14653	15454	0.0859037175458428	undirected	NA	NA
15146	15454	0.167144360628704	undirected	NA	NA
