fromNode	toNode	weight	direction	fromAltName	toAltName
686	693	0.121575969532663	undirected	NA	NA
686	771	0.215049074291765	undirected	NA	NA
686	959	0.114786078156679	undirected	NA	NA
686	2276	0.161429365262827	undirected	NA	NA
686	2404	0.148159540782007	undirected	NA	NA
686	2604	0.119255660038858	undirected	NA	NA
686	2815	0.237921361860455	undirected	NA	NA
686	2881	0.0430588532466318	undirected	NA	NA
686	3493	0.172677780630376	undirected	NA	NA
686	3717	0.132791905567372	undirected	NA	NA
686	4094	0.107280331644644	undirected	NA	NA
686	4139	0.106929085067174	undirected	NA	NA
686	4418	0.119558167629692	undirected	NA	NA
686	4421	0.129740557747537	undirected	NA	NA
686	4467	0.139348778117528	undirected	NA	NA
686	4661	0.0718036542945808	undirected	NA	NA
686	4741	0.0829817075265715	undirected	NA	NA
686	5936	0.175672867069973	undirected	NA	NA
686	6218	0.234557680874626	undirected	NA	NA
686	6412	0.0788075344030018	undirected	NA	NA
686	6845	0.114766161477764	undirected	NA	NA
686	7028	0.202028991625648	undirected	NA	NA
686	7471	0.176999085018925	undirected	NA	NA
686	7609	0.0972881950572805	undirected	NA	NA
686	8386	0.115100856831998	undirected	NA	NA
686	8645	0.148199967320785	undirected	NA	NA
686	8829	0.13822142585107	undirected	NA	NA
686	9285	0.22823535976705	undirected	NA	NA
686	9488	0.0889667760458803	undirected	NA	NA
686	9527	0.0963869671922197	undirected	NA	NA
686	9829	0.123781126496804	undirected	NA	NA
686	10087	0.0687016647158687	undirected	NA	NA
686	10467	0.225366307047269	undirected	NA	NA
686	10754	0.0686589554243	undirected	NA	NA
686	10917	0.103613676711679	undirected	NA	NA
686	11428	0.125280924577973	undirected	NA	NA
686	12085	0.0372115776210515	undirected	NA	NA
686	12790	0.234305586278845	undirected	NA	NA
686	13119	0.155213387165883	undirected	NA	NA
686	13206	0.107688381144721	undirected	NA	NA
686	13316	0.142182773095732	undirected	NA	NA
686	14166	0.0466667973976292	undirected	NA	NA
686	14898	0.121339054880061	undirected	NA	NA
686	15028	0.084405196805321	undirected	NA	NA
686	15110	0.0795493027352865	undirected	NA	NA
686	15448	0.116645997664182	undirected	NA	NA
686	15480	0.188334695306023	undirected	NA	NA
693	771	0.0723168452992318	undirected	NA	NA
693	959	0.274006311616563	undirected	NA	NA
693	2276	0.26328212329256	undirected	NA	NA
693	2404	0.0322499543469011	undirected	NA	NA
693	2604	0.223378967598022	undirected	NA	NA
693	2815	0.076137974818017	undirected	NA	NA
693	2881	0.220675823744371	undirected	NA	NA
693	3493	0.153800146671679	undirected	NA	NA
693	3717	0.224967553366734	undirected	NA	NA
693	4094	0.0638009599074717	undirected	NA	NA
693	4139	0.119304222242637	undirected	NA	NA
693	4418	0.296482127454731	undirected	NA	NA
693	4421	0.239505637255119	undirected	NA	NA
693	4467	0.281860028649298	undirected	NA	NA
693	4661	0.234579742785535	undirected	NA	NA
693	4741	0.241247486626079	undirected	NA	NA
693	5936	0.0507812371769763	undirected	NA	NA
693	6218	0.170195021616452	undirected	NA	NA
693	6412	0.176727864682603	undirected	NA	NA
693	6845	0.228905958242612	undirected	NA	NA
693	7028	0.0698675383584964	undirected	NA	NA
693	7471	0.238631741513471	undirected	NA	NA
693	7609	0.104838843540288	undirected	NA	NA
693	8386	0.263777064308697	undirected	NA	NA
693	8645	0.112604205443075	undirected	NA	NA
693	8829	0.153050114886281	undirected	NA	NA
693	9285	0.0602785305991583	undirected	NA	NA
693	9488	0.26638146703257	undirected	NA	NA
693	9527	0.188257409657532	undirected	NA	NA
693	9829	0.2742702259146	undirected	NA	NA
693	10087	0.215069780329716	undirected	NA	NA
693	10467	0.0600710144795818	undirected	NA	NA
693	10754	0.24751134417623	undirected	NA	NA
693	10917	0.244257717097016	undirected	NA	NA
693	11428	0.25072942255047	undirected	NA	NA
693	12085	0.0930445186607342	undirected	NA	NA
693	12790	0.156183557772573	undirected	NA	NA
693	13119	0.246595854441997	undirected	NA	NA
693	13206	0.286332280505378	undirected	NA	NA
693	13316	0.2265328812691	undirected	NA	NA
693	14166	0.225812931345657	undirected	NA	NA
693	14898	0.214653952022453	undirected	NA	NA
693	15028	0.188616321433837	undirected	NA	NA
693	15110	0.185312027822971	undirected	NA	NA
693	15448	0.209411655577415	undirected	NA	NA
693	15480	0.0537866244772932	undirected	NA	NA
771	959	0.0684681652244731	undirected	NA	NA
771	2276	0.0944818465951463	undirected	NA	NA
771	2404	0.0976501456849288	undirected	NA	NA
771	2604	0.102080722961439	undirected	NA	NA
771	2815	0.202198083967469	undirected	NA	NA
771	2881	0.0205005749076065	undirected	NA	NA
771	3493	0.128074477910719	undirected	NA	NA
771	3717	0.095757744982988	undirected	NA	NA
771	4094	0.045019919684209	undirected	NA	NA
771	4139	0.0818944304922127	undirected	NA	NA
771	4418	0.072278200475524	undirected	NA	NA
771	4421	0.0819027725324942	undirected	NA	NA
771	4467	0.0878891554591197	undirected	NA	NA
771	4661	0.0347579937112168	undirected	NA	NA
771	4741	0.0626724457791982	undirected	NA	NA
771	5936	0.0921943040317095	undirected	NA	NA
771	6218	0.181049836297035	undirected	NA	NA
771	6412	0.0569038512712795	undirected	NA	NA
771	6845	0.0748219868309051	undirected	NA	NA
771	7028	0.128190654314988	undirected	NA	NA
771	7471	0.149707570943694	undirected	NA	NA
771	7609	0.0599213148845211	undirected	NA	NA
771	8386	0.0815225368351573	undirected	NA	NA
771	8645	0.119586432937967	undirected	NA	NA
771	8829	0.0900475234141203	undirected	NA	NA
771	9285	0.165723518790928	undirected	NA	NA
771	9488	0.0580800843154523	undirected	NA	NA
771	9527	0.0688986067725733	undirected	NA	NA
771	9829	0.080833749595965	undirected	NA	NA
771	10087	0.0397144807430004	undirected	NA	NA
771	10467	0.200271053482369	undirected	NA	NA
771	10754	0.0390378233205894	undirected	NA	NA
771	10917	0.066703559953854	undirected	NA	NA
771	11428	0.0782509101406325	undirected	NA	NA
771	12085	0.018645281303129	undirected	NA	NA
771	12790	0.180224405448174	undirected	NA	NA
771	13119	0.102360686026217	undirected	NA	NA
771	13206	0.0748766757511721	undirected	NA	NA
771	13316	0.0752716978779916	undirected	NA	NA
771	14166	0.0241137581689907	undirected	NA	NA
771	14898	0.0699276896610979	undirected	NA	NA
771	15028	0.0437649038089715	undirected	NA	NA
771	15110	0.0460979557914124	undirected	NA	NA
771	15448	0.0565675293777088	undirected	NA	NA
771	15480	0.237001652456588	undirected	NA	NA
959	2276	0.248358631968828	undirected	NA	NA
959	2404	0.048288760262053	undirected	NA	NA
959	2604	0.278346822917277	undirected	NA	NA
959	2815	0.0823055311342542	undirected	NA	NA
959	2881	0.193649090284974	undirected	NA	NA
959	3493	0.207389469731818	undirected	NA	NA
959	3717	0.306383148159706	undirected	NA	NA
959	4094	0.0737243363444876	undirected	NA	NA
959	4139	0.196857244601628	undirected	NA	NA
959	4418	0.270618261178223	undirected	NA	NA
959	4421	0.23030123817615	undirected	NA	NA
959	4467	0.220512220238243	undirected	NA	NA
959	4661	0.202427752874963	undirected	NA	NA
959	4741	0.275941551761961	undirected	NA	NA
959	5936	0.0616233470386727	undirected	NA	NA
959	6218	0.203261466402943	undirected	NA	NA
959	6412	0.164279159932237	undirected	NA	NA
959	6845	0.206682185944465	undirected	NA	NA
959	7028	0.0864877475805057	undirected	NA	NA
959	7471	0.269634588328899	undirected	NA	NA
959	7609	0.125218381512864	undirected	NA	NA
959	8386	0.232901914324955	undirected	NA	NA
959	8645	0.162655337838836	undirected	NA	NA
959	8829	0.193735310282182	undirected	NA	NA
959	9285	0.0551870546521861	undirected	NA	NA
959	9488	0.210197337805942	undirected	NA	NA
959	9527	0.225896074653321	undirected	NA	NA
959	9829	0.325863543823878	undirected	NA	NA
959	10087	0.235356177587693	undirected	NA	NA
959	10467	0.0711631161438046	undirected	NA	NA
959	10754	0.265458745592313	undirected	NA	NA
959	10917	0.176737207359387	undirected	NA	NA
959	11428	0.285460965580375	undirected	NA	NA
959	12085	0.113827606745213	undirected	NA	NA
959	12790	0.131560899028341	undirected	NA	NA
959	13119	0.201888507664021	undirected	NA	NA
959	13206	0.292575617312892	undirected	NA	NA
959	13316	0.149135912640385	undirected	NA	NA
959	14166	0.198788724344937	undirected	NA	NA
959	14898	0.19944743597508	undirected	NA	NA
959	15028	0.125800050973217	undirected	NA	NA
959	15110	0.192418662240781	undirected	NA	NA
959	15448	0.121413489850426	undirected	NA	NA
959	15480	0.0951111772615167	undirected	NA	NA
2276	2404	0.0829641591646334	undirected	NA	NA
2276	2604	0.180280426598415	undirected	NA	NA
2276	2815	0.130820529572203	undirected	NA	NA
2276	2881	0.208955319158147	undirected	NA	NA
2276	3493	0.190549569562354	undirected	NA	NA
2276	3717	0.216648351022247	undirected	NA	NA
2276	4094	0.111607492377046	undirected	NA	NA
2276	4139	0.204917806864868	undirected	NA	NA
2276	4418	0.235986379482103	undirected	NA	NA
2276	4421	0.173130993131832	undirected	NA	NA
2276	4467	0.223977935625507	undirected	NA	NA
2276	4661	0.23643322329976	undirected	NA	NA
2276	4741	0.188878069409925	undirected	NA	NA
2276	5936	0.0913403250488318	undirected	NA	NA
2276	6218	0.202763078892715	undirected	NA	NA
2276	6412	0.105306073858144	undirected	NA	NA
2276	6845	0.155415701722997	undirected	NA	NA
2276	7028	0.129090095353651	undirected	NA	NA
2276	7471	0.257381514568439	undirected	NA	NA
2276	7609	0.189263638630013	undirected	NA	NA
2276	8386	0.189399801257418	undirected	NA	NA
2276	8645	0.155868835874198	undirected	NA	NA
2276	8829	0.23601976666055	undirected	NA	NA
2276	9285	0.109696724079805	undirected	NA	NA
2276	9488	0.182633194181605	undirected	NA	NA
2276	9527	0.144481907301483	undirected	NA	NA
2276	9829	0.251435636271092	undirected	NA	NA
2276	10087	0.230092307316009	undirected	NA	NA
2276	10467	0.0873788814721277	undirected	NA	NA
2276	10754	0.234516277328002	undirected	NA	NA
2276	10917	0.169815812339184	undirected	NA	NA
2276	11428	0.221956730129745	undirected	NA	NA
2276	12085	0.166265066739831	undirected	NA	NA
2276	12790	0.187986530859715	undirected	NA	NA
2276	13119	0.244649004225967	undirected	NA	NA
2276	13206	0.245973707882278	undirected	NA	NA
2276	13316	0.234844881804392	undirected	NA	NA
2276	14166	0.199916258232772	undirected	NA	NA
2276	14898	0.272454761523816	undirected	NA	NA
2276	15028	0.198933682439621	undirected	NA	NA
2276	15110	0.252601078864701	undirected	NA	NA
2276	15448	0.20365811199001	undirected	NA	NA
2276	15480	0.0912803000213285	undirected	NA	NA
2404	2604	0.024712180235509	undirected	NA	NA
2404	2815	0.188486309500385	undirected	NA	NA
2404	2881	0.0200247839107441	undirected	NA	NA
2404	3493	0.118413704694067	undirected	NA	NA
2404	3717	0.0447396350864006	undirected	NA	NA
2404	4094	0.193750735190511	undirected	NA	NA
2404	4139	0.076233971779624	undirected	NA	NA
2404	4418	0.0279353857467913	undirected	NA	NA
2404	4421	0.0412934712671705	undirected	NA	NA
2404	4467	0.0364018779215252	undirected	NA	NA
2404	4661	0.0322412409765671	undirected	NA	NA
2404	4741	0.0155636907005524	undirected	NA	NA
2404	5936	0.204604148225981	undirected	NA	NA
2404	6218	0.107389595005786	undirected	NA	NA
2404	6412	0.010915990699125	undirected	NA	NA
2404	6845	0.0351560524328807	undirected	NA	NA
2404	7028	0.211481378231692	undirected	NA	NA
2404	7471	0.0577115723979912	undirected	NA	NA
2404	7609	0.100691810810049	undirected	NA	NA
2404	8386	0.0206495270894956	undirected	NA	NA
2404	8645	0.125225326937143	undirected	NA	NA
2404	8829	0.098710233198705	undirected	NA	NA
2404	9285	0.191653605438376	undirected	NA	NA
2404	9488	0.0139702431204267	undirected	NA	NA
2404	9527	0.0382578614203361	undirected	NA	NA
2404	9829	0.0368486720699944	undirected	NA	NA
2404	10087	0.0306688590898091	undirected	NA	NA
2404	10467	0.123594992901821	undirected	NA	NA
2404	10754	0.0281587619194463	undirected	NA	NA
2404	10917	0.0195610314826725	undirected	NA	NA
2404	11428	0.0536836682492629	undirected	NA	NA
2404	12085	0.0443012410419901	undirected	NA	NA
2404	12790	0.144688059974302	undirected	NA	NA
2404	13119	0.0543581267493549	undirected	NA	NA
2404	13206	0.0243418656875683	undirected	NA	NA
2404	13316	0.0774230503672651	undirected	NA	NA
2404	14166	0.0164018046499669	undirected	NA	NA
2404	14898	0.0973689202256743	undirected	NA	NA
2404	15028	0.0369003860894574	undirected	NA	NA
2404	15110	0.0701193078574019	undirected	NA	NA
2404	15448	0.0597183481681075	undirected	NA	NA
2404	15480	0.0969066751767735	undirected	NA	NA
2604	2815	0.072488549902206	undirected	NA	NA
2604	2881	0.103232161214531	undirected	NA	NA
2604	3493	0.188735152517509	undirected	NA	NA
2604	3717	0.299924603627888	undirected	NA	NA
2604	4094	0.0308457939411257	undirected	NA	NA
2604	4139	0.100531530818929	undirected	NA	NA
2604	4418	0.252133472214483	undirected	NA	NA
2604	4421	0.307233637629173	undirected	NA	NA
2604	4467	0.218709666172606	undirected	NA	NA
2604	4661	0.10933591583629	undirected	NA	NA
2604	4741	0.270619085604156	undirected	NA	NA
2604	5936	0.040297477276159	undirected	NA	NA
2604	6218	0.203678883221731	undirected	NA	NA
2604	6412	0.248029412398711	undirected	NA	NA
2604	6845	0.286413673533418	undirected	NA	NA
2604	7028	0.0547433957155261	undirected	NA	NA
2604	7471	0.202587671651732	undirected	NA	NA
2604	7609	0.0596739862131352	undirected	NA	NA
2604	8386	0.25098282271121	undirected	NA	NA
2604	8645	0.149912924562136	undirected	NA	NA
2604	8829	0.111813859697788	undirected	NA	NA
2604	9285	0.0421406687590479	undirected	NA	NA
2604	9488	0.208470449258294	undirected	NA	NA
2604	9527	0.314761164365511	undirected	NA	NA
2604	9829	0.292889086289729	undirected	NA	NA
2604	10087	0.146128424743023	undirected	NA	NA
2604	10467	0.0961961954947941	undirected	NA	NA
2604	10754	0.199740688812447	undirected	NA	NA
2604	10917	0.197674997858088	undirected	NA	NA
2604	11428	0.303230043450412	undirected	NA	NA
2604	12085	0.0349088549588438	undirected	NA	NA
2604	12790	0.121736771241003	undirected	NA	NA
2604	13119	0.168005325975189	undirected	NA	NA
2604	13206	0.243295089602753	undirected	NA	NA
2604	13316	0.100503460363166	undirected	NA	NA
2604	14166	0.127407687077979	undirected	NA	NA
2604	14898	0.110349888125605	undirected	NA	NA
2604	15028	0.071343143764522	undirected	NA	NA
2604	15110	0.0931158278259656	undirected	NA	NA
2604	15448	0.0799322752809679	undirected	NA	NA
2604	15480	0.106620991317657	undirected	NA	NA
2815	2881	0.0312846363641183	undirected	NA	NA
2815	3493	0.169882761172564	undirected	NA	NA
2815	3717	0.0920233039856842	undirected	NA	NA
2815	4094	0.124048027401805	undirected	NA	NA
2815	4139	0.113676825696679	undirected	NA	NA
2815	4418	0.070176650748697	undirected	NA	NA
2815	4421	0.0808388537089831	undirected	NA	NA
2815	4467	0.0879871522759527	undirected	NA	NA
2815	4661	0.053292669138957	undirected	NA	NA
2815	4741	0.0479630228867116	undirected	NA	NA
2815	5936	0.187536734897374	undirected	NA	NA
2815	6218	0.197907979498119	undirected	NA	NA
2815	6412	0.0376930160307393	undirected	NA	NA
2815	6845	0.0686275846801283	undirected	NA	NA
2815	7028	0.224186728145263	undirected	NA	NA
2815	7471	0.13749172213788	undirected	NA	NA
2815	7609	0.110097620132995	undirected	NA	NA
2815	8386	0.0636226615870888	undirected	NA	NA
2815	8645	0.145770129785865	undirected	NA	NA
2815	8829	0.137318101772124	undirected	NA	NA
2815	9285	0.243747596282026	undirected	NA	NA
2815	9488	0.0462665869041365	undirected	NA	NA
2815	9527	0.0625275866286812	undirected	NA	NA
2815	9829	0.0809470291441575	undirected	NA	NA
2815	10087	0.0537834525018977	undirected	NA	NA
2815	10467	0.220090426340461	undirected	NA	NA
2815	10754	0.0501334085910249	undirected	NA	NA
2815	10917	0.0571768555505902	undirected	NA	NA
2815	11428	0.0895113472580277	undirected	NA	NA
2815	12085	0.0462926861806894	undirected	NA	NA
2815	12790	0.222509891980761	undirected	NA	NA
2815	13119	0.116094999946953	undirected	NA	NA
2815	13206	0.0664959006196789	undirected	NA	NA
2815	13316	0.113298033241765	undirected	NA	NA
2815	14166	0.0319325120411531	undirected	NA	NA
2815	14898	0.10898852439016	undirected	NA	NA
2815	15028	0.0659193841232171	undirected	NA	NA
2815	15110	0.0760040578872528	undirected	NA	NA
2815	15448	0.0887836104263484	undirected	NA	NA
2815	15480	0.205704235960295	undirected	NA	NA
2881	3493	0.0763993950482231	undirected	NA	NA
2881	3717	0.137521482609478	undirected	NA	NA
2881	4094	0.0606907963036294	undirected	NA	NA
2881	4139	0.149011889519244	undirected	NA	NA
2881	4418	0.1815000354398	undirected	NA	NA
2881	4421	0.095320923723248	undirected	NA	NA
2881	4467	0.146880576584823	undirected	NA	NA
2881	4661	0.304111215510266	undirected	NA	NA
2881	4741	0.153298005838888	undirected	NA	NA
2881	5936	0.0225243538761225	undirected	NA	NA
2881	6218	0.0875746114188796	undirected	NA	NA
2881	6412	0.0589619589274128	undirected	NA	NA
2881	6845	0.0771898474446105	undirected	NA	NA
2881	7028	0.0369309292580152	undirected	NA	NA
2881	7471	0.150760505138731	undirected	NA	NA
2881	7609	0.1244437590563	undirected	NA	NA
2881	8386	0.119930573369203	undirected	NA	NA
2881	8645	0.0624509964635412	undirected	NA	NA
2881	8829	0.168258188144118	undirected	NA	NA
2881	9285	0.0219300631428055	undirected	NA	NA
2881	9488	0.140218796700461	undirected	NA	NA
2881	9527	0.071458626578188	undirected	NA	NA
2881	9829	0.192819782012124	undirected	NA	NA
2881	10087	0.273050455324584	undirected	NA	NA
2881	10467	0.0190151574868844	undirected	NA	NA
2881	10754	0.247425739178876	undirected	NA	NA
2881	10917	0.110145399939847	undirected	NA	NA
2881	11428	0.145632839529889	undirected	NA	NA
2881	12085	0.170881534593116	undirected	NA	NA
2881	12790	0.060959416708718	undirected	NA	NA
2881	13119	0.163082879622954	undirected	NA	NA
2881	13206	0.205027591811473	undirected	NA	NA
2881	13316	0.151225079659912	undirected	NA	NA
2881	14166	0.28731615328806	undirected	NA	NA
2881	14898	0.199440142049349	undirected	NA	NA
2881	15028	0.205759959548792	undirected	NA	NA
2881	15110	0.220912558373335	undirected	NA	NA
2881	15448	0.143512889671037	undirected	NA	NA
2881	15480	0.0214899207890906	undirected	NA	NA
3493	3717	0.230451473378843	undirected	NA	NA
3493	4094	0.118232693823851	undirected	NA	NA
3493	4139	0.15459247536744	undirected	NA	NA
3493	4418	0.159823732792441	undirected	NA	NA
3493	4421	0.201466706415293	undirected	NA	NA
3493	4467	0.1445643993731	undirected	NA	NA
3493	4661	0.0989418338782168	undirected	NA	NA
3493	4741	0.141624818085041	undirected	NA	NA
3493	5936	0.147011114453194	undirected	NA	NA
3493	6218	0.231657566677919	undirected	NA	NA
3493	6412	0.113482964407696	undirected	NA	NA
3493	6845	0.171936100695407	undirected	NA	NA
3493	7028	0.155574697547692	undirected	NA	NA
3493	7471	0.192158026046849	undirected	NA	NA
3493	7609	0.114353571194881	undirected	NA	NA
3493	8386	0.142387482495601	undirected	NA	NA
3493	8645	0.210493743850401	undirected	NA	NA
3493	8829	0.166133740698218	undirected	NA	NA
3493	9285	0.125823341284705	undirected	NA	NA
3493	9488	0.106911486264727	undirected	NA	NA
3493	9527	0.192313171793278	undirected	NA	NA
3493	9829	0.206184927628012	undirected	NA	NA
3493	10087	0.114965050417201	undirected	NA	NA
3493	10467	0.159343948298919	undirected	NA	NA
3493	10754	0.132746069375567	undirected	NA	NA
3493	10917	0.106038044812277	undirected	NA	NA
3493	11428	0.226621763336692	undirected	NA	NA
3493	12085	0.0502348640319609	undirected	NA	NA
3493	12790	0.16383421771304	undirected	NA	NA
3493	13119	0.139040699306371	undirected	NA	NA
3493	13206	0.152767053521359	undirected	NA	NA
3493	13316	0.113702407677217	undirected	NA	NA
3493	14166	0.0797241729448328	undirected	NA	NA
3493	14898	0.145641906995855	undirected	NA	NA
3493	15028	0.0702870955125098	undirected	NA	NA
3493	15110	0.11614099630949	undirected	NA	NA
3493	15448	0.0862839714188651	undirected	NA	NA
3493	15480	0.157831150170255	undirected	NA	NA
3717	4094	0.054030932660863	undirected	NA	NA
3717	4139	0.149327205035019	undirected	NA	NA
3717	4418	0.237732414257059	undirected	NA	NA
3717	4421	0.281067724889552	undirected	NA	NA
3717	4467	0.205064649604806	undirected	NA	NA
3717	4661	0.1407677917433	undirected	NA	NA
3717	4741	0.257977517472745	undirected	NA	NA
3717	5936	0.0600555031319343	undirected	NA	NA
3717	6218	0.207669841541296	undirected	NA	NA
3717	6412	0.180824373173683	undirected	NA	NA
3717	6845	0.254867344028847	undirected	NA	NA
3717	7028	0.0832306386607498	undirected	NA	NA
3717	7471	0.243893805672446	undirected	NA	NA
3717	7609	0.0962109038016066	undirected	NA	NA
3717	8386	0.218486490599691	undirected	NA	NA
3717	8645	0.184468065994296	undirected	NA	NA
3717	8829	0.151849711582	undirected	NA	NA
3717	9285	0.0570826062455334	undirected	NA	NA
3717	9488	0.180183617942356	undirected	NA	NA
3717	9527	0.292991475449546	undirected	NA	NA
3717	9829	0.292226540729588	undirected	NA	NA
3717	10087	0.182335363595102	undirected	NA	NA
3717	10467	0.0971152156337103	undirected	NA	NA
3717	10754	0.2374192635317	undirected	NA	NA
3717	10917	0.166837530156225	undirected	NA	NA
3717	11428	0.318183677731517	undirected	NA	NA
3717	12085	0.068134838842419	undirected	NA	NA
3717	12790	0.138894645713301	undirected	NA	NA
3717	13119	0.174523459863313	undirected	NA	NA
3717	13206	0.243815591095809	undirected	NA	NA
3717	13316	0.121130638526624	undirected	NA	NA
3717	14166	0.15447799704169	undirected	NA	NA
3717	14898	0.155282123192414	undirected	NA	NA
3717	15028	0.0876335651258472	undirected	NA	NA
3717	15110	0.140977587013563	undirected	NA	NA
3717	15448	0.0945028749822956	undirected	NA	NA
3717	15480	0.125733794967589	undirected	NA	NA
4094	4139	0.0607431215659419	undirected	NA	NA
4094	4418	0.0553465802614625	undirected	NA	NA
4094	4421	0.0565118398475067	undirected	NA	NA
4094	4467	0.0579069416052503	undirected	NA	NA
4094	4661	0.0775757999488226	undirected	NA	NA
4094	4741	0.0286656847328483	undirected	NA	NA
4094	5936	0.202020678122633	undirected	NA	NA
4094	6218	0.0815355893055848	undirected	NA	NA
4094	6412	0.020001575444863	undirected	NA	NA
4094	6845	0.0506229785371591	undirected	NA	NA
4094	7028	0.225066967275046	undirected	NA	NA
4094	7471	0.0544012981452052	undirected	NA	NA
4094	7609	0.102611206785829	undirected	NA	NA
4094	8386	0.0352639095083943	undirected	NA	NA
4094	8645	0.0963667815732532	undirected	NA	NA
4094	8829	0.0990925588629221	undirected	NA	NA
4094	9285	0.17086483409323	undirected	NA	NA
4094	9488	0.0323642780365185	undirected	NA	NA
4094	9527	0.0482329752185233	undirected	NA	NA
4094	9829	0.0584167596638043	undirected	NA	NA
4094	10087	0.0565307756088626	undirected	NA	NA
4094	10467	0.0567386961331189	undirected	NA	NA
4094	10754	0.0555846744398765	undirected	NA	NA
4094	10917	0.0367061911136442	undirected	NA	NA
4094	11428	0.0708153929798607	undirected	NA	NA
4094	12085	0.081642517080319	undirected	NA	NA
4094	12790	0.136463200534805	undirected	NA	NA
4094	13119	0.0704917703882624	undirected	NA	NA
4094	13206	0.0442745298662869	undirected	NA	NA
4094	13316	0.121604047527574	undirected	NA	NA
4094	14166	0.0454792995286406	undirected	NA	NA
4094	14898	0.145181500344805	undirected	NA	NA
4094	15028	0.0692372013142154	undirected	NA	NA
4094	15110	0.11351094942692	undirected	NA	NA
4094	15448	0.11024968381688	undirected	NA	NA
4094	15480	0.0232225207280786	undirected	NA	NA
4139	4418	0.0960414536596785	undirected	NA	NA
4139	4421	0.0870957827136115	undirected	NA	NA
4139	4467	0.0907822478803419	undirected	NA	NA
4139	4661	0.152959335409959	undirected	NA	NA
4139	4741	0.102220103245171	undirected	NA	NA
4139	5936	0.0413242214671553	undirected	NA	NA
4139	6218	0.149274589041919	undirected	NA	NA
4139	6412	0.0328713598964862	undirected	NA	NA
4139	6845	0.0665552358413308	undirected	NA	NA
4139	7028	0.0849121498097996	undirected	NA	NA
4139	7471	0.174470593008161	undirected	NA	NA
4139	7609	0.269413937559905	undirected	NA	NA
4139	8386	0.0666082557039806	undirected	NA	NA
4139	8645	0.195856458778541	undirected	NA	NA
4139	8829	0.272774963924894	undirected	NA	NA
4139	9285	0.0565026793374593	undirected	NA	NA
4139	9488	0.0580393678970932	undirected	NA	NA
4139	9527	0.0895459914026525	undirected	NA	NA
4139	9829	0.152688774579928	undirected	NA	NA
4139	10087	0.224737185574338	undirected	NA	NA
4139	10467	0.0884412067273843	undirected	NA	NA
4139	10754	0.219561396282541	undirected	NA	NA
4139	10917	0.0539114760388633	undirected	NA	NA
4139	11428	0.170890969714456	undirected	NA	NA
4139	12085	0.204123896645752	undirected	NA	NA
4139	12790	0.0948705905565557	undirected	NA	NA
4139	13119	0.133442014885191	undirected	NA	NA
4139	13206	0.126264383644852	undirected	NA	NA
4139	13316	0.106298011518845	undirected	NA	NA
4139	14166	0.151081535227745	undirected	NA	NA
4139	14898	0.206220374334647	undirected	NA	NA
4139	15028	0.107600885008435	undirected	NA	NA
4139	15110	0.247078777938576	undirected	NA	NA
4139	15448	0.0752635938295112	undirected	NA	NA
4139	15480	0.144302218354962	undirected	NA	NA
4418	4421	0.276851975727649	undirected	NA	NA
4418	4467	0.288876337336677	undirected	NA	NA
4418	4661	0.194117787896812	undirected	NA	NA
4418	4741	0.256171591262958	undirected	NA	NA
4418	5936	0.0519530936253015	undirected	NA	NA
4418	6218	0.170085033801095	undirected	NA	NA
4418	6412	0.224612354458378	undirected	NA	NA
4418	6845	0.273185882059505	undirected	NA	NA
4418	7028	0.0653906125828606	undirected	NA	NA
4418	7471	0.226274839645405	undirected	NA	NA
4418	7609	0.077648685342885	undirected	NA	NA
4418	8386	0.291525461056857	undirected	NA	NA
4418	8645	0.10897770553899	undirected	NA	NA
4418	8829	0.124964643053806	undirected	NA	NA
4418	9285	0.0563366766162085	undirected	NA	NA
4418	9488	0.286080556532503	undirected	NA	NA
4418	9527	0.22558517821359	undirected	NA	NA
4418	9829	0.279652682900241	undirected	NA	NA
4418	10087	0.18051300496394	undirected	NA	NA
4418	10467	0.0610071141681328	undirected	NA	NA
4418	10754	0.222591519760882	undirected	NA	NA
4418	10917	0.265315431435574	undirected	NA	NA
4418	11428	0.260987501812019	undirected	NA	NA
4418	12085	0.0645840406353204	undirected	NA	NA
4418	12790	0.153642431020306	undirected	NA	NA
4418	13119	0.227327506300632	undirected	NA	NA
4418	13206	0.283757256553155	undirected	NA	NA
4418	13316	0.197670332460252	undirected	NA	NA
4418	14166	0.191923941374218	undirected	NA	NA
4418	14898	0.177722949277917	undirected	NA	NA
4418	15028	0.150650399462776	undirected	NA	NA
4418	15110	0.145320090716553	undirected	NA	NA
4418	15448	0.182540151672008	undirected	NA	NA
4418	15480	0.0518988936497736	undirected	NA	NA
4421	4467	0.234629451235091	undirected	NA	NA
4421	4661	0.111044110132353	undirected	NA	NA
4421	4741	0.251878369309142	undirected	NA	NA
4421	5936	0.0790118756371425	undirected	NA	NA
4421	6218	0.193631210029016	undirected	NA	NA
4421	6412	0.279003807735469	undirected	NA	NA
4421	6845	0.296163245284956	undirected	NA	NA
4421	7028	0.0852672327938	undirected	NA	NA
4421	7471	0.210878515155071	undirected	NA	NA
4421	7609	0.0522369407074037	undirected	NA	NA
4421	8386	0.28454402689452	undirected	NA	NA
4421	8645	0.126615816788427	undirected	NA	NA
4421	8829	0.10044603472714	undirected	NA	NA
4421	9285	0.0684292185358783	undirected	NA	NA
4421	9488	0.240697989912747	undirected	NA	NA
4421	9527	0.284019745532819	undirected	NA	NA
4421	9829	0.280637336659066	undirected	NA	NA
4421	10087	0.117782777263353	undirected	NA	NA
4421	10467	0.0829550138660695	undirected	NA	NA
4421	10754	0.152391349343781	undirected	NA	NA
4421	10917	0.224139297031951	undirected	NA	NA
4421	11428	0.252990126971257	undirected	NA	NA
4421	12085	0.0362592785551548	undirected	NA	NA
4421	12790	0.151239990449064	undirected	NA	NA
4421	13119	0.166525916506589	undirected	NA	NA
4421	13206	0.243120535867336	undirected	NA	NA
4421	13316	0.119332214630182	undirected	NA	NA
4421	14166	0.104830696502858	undirected	NA	NA
4421	14898	0.116879610778328	undirected	NA	NA
4421	15028	0.0778691530447729	undirected	NA	NA
4421	15110	0.0895359735586793	undirected	NA	NA
4421	15448	0.102033441718077	undirected	NA	NA
4421	15480	0.0785648186982625	undirected	NA	NA
4467	4661	0.173092856252348	undirected	NA	NA
4467	4741	0.215885289783326	undirected	NA	NA
4467	5936	0.0624505085110813	undirected	NA	NA
4467	6218	0.174919185295117	undirected	NA	NA
4467	6412	0.199148724971018	undirected	NA	NA
4467	6845	0.233856702670286	undirected	NA	NA
4467	7028	0.0775448927120758	undirected	NA	NA
4467	7471	0.227128880517948	undirected	NA	NA
4467	7609	0.0779378357594252	undirected	NA	NA
4467	8386	0.276675479916603	undirected	NA	NA
4467	8645	0.10033771444019	undirected	NA	NA
4467	8829	0.120201350287008	undirected	NA	NA
4467	9285	0.0791179495022484	undirected	NA	NA
4467	9488	0.272276641313041	undirected	NA	NA
4467	9527	0.176534288402381	undirected	NA	NA
4467	9829	0.244829169264776	undirected	NA	NA
4467	10087	0.149922293031919	undirected	NA	NA
4467	10467	0.0722891708054569	undirected	NA	NA
4467	10754	0.175171912213055	undirected	NA	NA
4467	10917	0.26136855308432	undirected	NA	NA
4467	11428	0.212569171778179	undirected	NA	NA
4467	12085	0.056731034830992	undirected	NA	NA
4467	12790	0.17433180696755	undirected	NA	NA
4467	13119	0.230212078379427	undirected	NA	NA
4467	13206	0.259077510624342	undirected	NA	NA
4467	13316	0.212487899121242	undirected	NA	NA
4467	14166	0.155309264194115	undirected	NA	NA
4467	14898	0.173410516719991	undirected	NA	NA
4467	15028	0.158997015092583	undirected	NA	NA
4467	15110	0.132870060797585	undirected	NA	NA
4467	15448	0.1991670909445	undirected	NA	NA
4467	15480	0.059359162370325	undirected	NA	NA
4661	4741	0.149245687539848	undirected	NA	NA
4661	5936	0.035581646546859	undirected	NA	NA
4661	6218	0.108281773462402	undirected	NA	NA
4661	6412	0.0660258891361089	undirected	NA	NA
4661	6845	0.0987900925676144	undirected	NA	NA
4661	7028	0.0570932034623199	undirected	NA	NA
4661	7471	0.172120046031494	undirected	NA	NA
4661	7609	0.157076806394277	undirected	NA	NA
4661	8386	0.135680419661898	undirected	NA	NA
4661	8645	0.0811935986150505	undirected	NA	NA
4661	8829	0.18402272473408	undirected	NA	NA
4661	9285	0.041792153499982	undirected	NA	NA
4661	9488	0.15373933839729	undirected	NA	NA
4661	9527	0.0846301878203923	undirected	NA	NA
4661	9829	0.193568671841298	undirected	NA	NA
4661	10087	0.254216824111321	undirected	NA	NA
4661	10467	0.0291643136909501	undirected	NA	NA
4661	10754	0.247046143073446	undirected	NA	NA
4661	10917	0.131524823171851	undirected	NA	NA
4661	11428	0.158189696116675	undirected	NA	NA
4661	12085	0.189204157416587	undirected	NA	NA
4661	12790	0.0988057865848145	undirected	NA	NA
4661	13119	0.195957243226704	undirected	NA	NA
4661	13206	0.209222144759147	undirected	NA	NA
4661	13316	0.215500014071341	undirected	NA	NA
4661	14166	0.27523653299358	undirected	NA	NA
4661	14898	0.251167700628162	undirected	NA	NA
4661	15028	0.235628157980768	undirected	NA	NA
4661	15110	0.259097574020214	undirected	NA	NA
4661	15448	0.203920376456095	undirected	NA	NA
4661	15480	0.0289612433107094	undirected	NA	NA
4741	5936	0.0259435164470852	undirected	NA	NA
4741	6218	0.158842941007262	undirected	NA	NA
4741	6412	0.202140180766376	undirected	NA	NA
4741	6845	0.230938406509533	undirected	NA	NA
4741	7028	0.038208919951944	undirected	NA	NA
4741	7471	0.206373056773901	undirected	NA	NA
4741	7609	0.0658887946782459	undirected	NA	NA
4741	8386	0.23179119095944	undirected	NA	NA
4741	8645	0.114009447536954	undirected	NA	NA
4741	8829	0.115813226196208	undirected	NA	NA
4741	9285	0.0267627268353595	undirected	NA	NA
4741	9488	0.216408067135938	undirected	NA	NA
4741	9527	0.241250148949907	undirected	NA	NA
4741	9829	0.2835885014493	undirected	NA	NA
4741	10087	0.185076184646307	undirected	NA	NA
4741	10467	0.0553347070608856	undirected	NA	NA
4741	10754	0.237655719245972	undirected	NA	NA
4741	10917	0.194085167613562	undirected	NA	NA
4741	11428	0.272827476142588	undirected	NA	NA
4741	12085	0.0508124733757328	undirected	NA	NA
4741	12790	0.0941418003609674	undirected	NA	NA
4741	13119	0.172414708091857	undirected	NA	NA
4741	13206	0.253510225205682	undirected	NA	NA
4741	13316	0.11173384628484	undirected	NA	NA
4741	14166	0.179972256834407	undirected	NA	NA
4741	14898	0.125663335843905	undirected	NA	NA
4741	15028	0.0931205386092045	undirected	NA	NA
4741	15110	0.116146828654384	undirected	NA	NA
4741	15448	0.0932334281307589	undirected	NA	NA
4741	15480	0.0706071562257616	undirected	NA	NA
5936	6218	0.117215552893841	undirected	NA	NA
5936	6412	0.0340845472830232	undirected	NA	NA
5936	6845	0.0767517108989706	undirected	NA	NA
5936	7028	0.261868251052357	undirected	NA	NA
5936	7471	0.0569393143637075	undirected	NA	NA
5936	7609	0.0652624494916964	undirected	NA	NA
5936	8386	0.0430779417304784	undirected	NA	NA
5936	8645	0.118157276226173	undirected	NA	NA
5936	8829	0.0724138537015077	undirected	NA	NA
5936	9285	0.252616592758262	undirected	NA	NA
5936	9488	0.0314441911596485	undirected	NA	NA
5936	9527	0.0682527623838369	undirected	NA	NA
5936	9829	0.0530371407301993	undirected	NA	NA
5936	10087	0.0270759420258956	undirected	NA	NA
5936	10467	0.110932095326559	undirected	NA	NA
5936	10754	0.0300406101829069	undirected	NA	NA
5936	10917	0.0431809790933888	undirected	NA	NA
5936	11428	0.0729913859126706	undirected	NA	NA
5936	12085	0.0301897272083844	undirected	NA	NA
5936	12790	0.204027363342246	undirected	NA	NA
5936	13119	0.066006739817356	undirected	NA	NA
5936	13206	0.0355799209135374	undirected	NA	NA
5936	13316	0.108621897910355	undirected	NA	NA
5936	14166	0.0187823693428859	undirected	NA	NA
5936	14898	0.103005688078653	undirected	NA	NA
5936	15028	0.0410264761124756	undirected	NA	NA
5936	15110	0.0605709480681783	undirected	NA	NA
5936	15448	0.0946412442027292	undirected	NA	NA
5936	15480	0.046138332077619	undirected	NA	NA
6218	6412	0.11717316291469	undirected	NA	NA
6218	6845	0.177220717551708	undirected	NA	NA
6218	7028	0.15826195330007	undirected	NA	NA
6218	7471	0.23958410135834	undirected	NA	NA
6218	7609	0.117984038052039	undirected	NA	NA
6218	8386	0.167387393577992	undirected	NA	NA
6218	8645	0.196489254604816	undirected	NA	NA
6218	8829	0.15945642027961	undirected	NA	NA
6218	9285	0.155510999023554	undirected	NA	NA
6218	9488	0.134482581378187	undirected	NA	NA
6218	9527	0.179278312064926	undirected	NA	NA
6218	9829	0.197346890187621	undirected	NA	NA
6218	10087	0.124670009256687	undirected	NA	NA
6218	10467	0.178924438023841	undirected	NA	NA
6218	10754	0.145577624480622	undirected	NA	NA
6218	10917	0.132870613673482	undirected	NA	NA
6218	11428	0.213041725979145	undirected	NA	NA
6218	12085	0.0651232090652499	undirected	NA	NA
6218	12790	0.2236543451381	undirected	NA	NA
6218	13119	0.178120984398949	undirected	NA	NA
6218	13206	0.178676205122968	undirected	NA	NA
6218	13316	0.146767652101668	undirected	NA	NA
6218	14166	0.0951002338950768	undirected	NA	NA
6218	14898	0.162114948636574	undirected	NA	NA
6218	15028	0.0958717142414911	undirected	NA	NA
6218	15110	0.130842265828888	undirected	NA	NA
6218	15448	0.115385142497694	undirected	NA	NA
6218	15480	0.199107217329173	undirected	NA	NA
6412	6845	0.30007725111852	undirected	NA	NA
6412	7028	0.0331538737215236	undirected	NA	NA
6412	7471	0.128479125305755	undirected	NA	NA
6412	7609	0.0201537715407057	undirected	NA	NA
6412	8386	0.252176773506355	undirected	NA	NA
6412	8645	0.0656270239805597	undirected	NA	NA
6412	8829	0.0438108532103906	undirected	NA	NA
6412	9285	0.0305228023648154	undirected	NA	NA
6412	9488	0.221255789886498	undirected	NA	NA
6412	9527	0.252800014241343	undirected	NA	NA
6412	9829	0.191358708808117	undirected	NA	NA
6412	10087	0.0671872589736373	undirected	NA	NA
6412	10467	0.0496898510875477	undirected	NA	NA
6412	10754	0.10061455010751	undirected	NA	NA
6412	10917	0.221104686103999	undirected	NA	NA
6412	11428	0.18965574507407	undirected	NA	NA
6412	12085	0.0116943107412612	undirected	NA	NA
6412	12790	0.0968806222350081	undirected	NA	NA
6412	13119	0.115690649580677	undirected	NA	NA
6412	13206	0.174176148657111	undirected	NA	NA
6412	13316	0.0805549000037968	undirected	NA	NA
6412	14166	0.0726386711756587	undirected	NA	NA
6412	14898	0.0601524878177583	undirected	NA	NA
6412	15028	0.0487695814585577	undirected	NA	NA
6412	15110	0.04142339969939	undirected	NA	NA
6412	15448	0.0738307887273536	undirected	NA	NA
6412	15480	0.0399621183299949	undirected	NA	NA
6845	7028	0.0756869310318746	undirected	NA	NA
6845	7471	0.18395215322023	undirected	NA	NA
6845	7609	0.0392962658311604	undirected	NA	NA
6845	8386	0.286570010232133	undirected	NA	NA
6845	8645	0.100447448777353	undirected	NA	NA
6845	8829	0.0825066024320758	undirected	NA	NA
6845	9285	0.0638754993564633	undirected	NA	NA
6845	9488	0.244796273720098	undirected	NA	NA
6845	9527	0.254794982661964	undirected	NA	NA
6845	9829	0.257250545310519	undirected	NA	NA
6845	10087	0.0981308441214459	undirected	NA	NA
6845	10467	0.0764934279973418	undirected	NA	NA
6845	10754	0.126539851466889	undirected	NA	NA
6845	10917	0.234611418441508	undirected	NA	NA
6845	11428	0.229879716938732	undirected	NA	NA
6845	12085	0.0262472036712808	undirected	NA	NA
6845	12790	0.138690719784287	undirected	NA	NA
6845	13119	0.155259295251761	undirected	NA	NA
6845	13206	0.223006195027298	undirected	NA	NA
6845	13316	0.107184367326367	undirected	NA	NA
6845	14166	0.0912047912203731	undirected	NA	NA
6845	14898	0.0947532746551466	undirected	NA	NA
6845	15028	0.0718924272451438	undirected	NA	NA
6845	15110	0.0687306290697556	undirected	NA	NA
6845	15448	0.0960323611548205	undirected	NA	NA
6845	15480	0.0618565221680114	undirected	NA	NA
7028	7471	0.0936675148142619	undirected	NA	NA
7028	7609	0.107649387502353	undirected	NA	NA
7028	8386	0.0522098490795151	undirected	NA	NA
7028	8645	0.152227788654601	undirected	NA	NA
7028	8829	0.121227989550367	undirected	NA	NA
7028	9285	0.242951903941276	undirected	NA	NA
7028	9488	0.0388411839477862	undirected	NA	NA
7028	9527	0.0737004018196621	undirected	NA	NA
7028	9829	0.0749644372375916	undirected	NA	NA
7028	10087	0.0506469881019984	undirected	NA	NA
7028	10467	0.151485761331168	undirected	NA	NA
7028	10754	0.0507943457416832	undirected	NA	NA
7028	10917	0.0492397948401788	undirected	NA	NA
7028	11428	0.0951769696714978	undirected	NA	NA
7028	12085	0.0494733028993775	undirected	NA	NA
7028	12790	0.209601359724326	undirected	NA	NA
7028	13119	0.0948370285089063	undirected	NA	NA
7028	13206	0.0541187145788121	undirected	NA	NA
7028	13316	0.126030739982266	undirected	NA	NA
7028	14166	0.0325649438350562	undirected	NA	NA
7028	14898	0.133576369340325	undirected	NA	NA
7028	15028	0.0618696482695478	undirected	NA	NA
7028	15110	0.091543662615623	undirected	NA	NA
7028	15448	0.103723475942668	undirected	NA	NA
7028	15480	0.0939995599278153	undirected	NA	NA
7471	7609	0.148122348573483	undirected	NA	NA
7471	8386	0.196471189461584	undirected	NA	NA
7471	8645	0.185358761708926	undirected	NA	NA
7471	8829	0.205372442242959	undirected	NA	NA
7471	9285	0.0861369380311711	undirected	NA	NA
7471	9488	0.175006554093955	undirected	NA	NA
7471	9527	0.185830622939913	undirected	NA	NA
7471	9829	0.259893345108128	undirected	NA	NA
7471	10087	0.209143179101319	undirected	NA	NA
7471	10467	0.134861989151066	undirected	NA	NA
7471	10754	0.23145708226844	undirected	NA	NA
7471	10917	0.176084936219752	undirected	NA	NA
7471	11428	0.260331084999637	undirected	NA	NA
7471	12085	0.0927880580760172	undirected	NA	NA
7471	12790	0.172954217760831	undirected	NA	NA
7471	13119	0.238470848056386	undirected	NA	NA
7471	13206	0.238856861644402	undirected	NA	NA
7471	13316	0.171274315650716	undirected	NA	NA
7471	14166	0.170131377798627	undirected	NA	NA
7471	14898	0.196862815722692	undirected	NA	NA
7471	15028	0.142900345803414	undirected	NA	NA
7471	15110	0.179404726699437	undirected	NA	NA
7471	15448	0.137656411566795	undirected	NA	NA
7471	15480	0.148585563381516	undirected	NA	NA
7609	8386	0.0511877141953402	undirected	NA	NA
7609	8645	0.121856411404218	undirected	NA	NA
7609	8829	0.265671137680002	undirected	NA	NA
7609	9285	0.0803677060330086	undirected	NA	NA
7609	9488	0.0481909477531484	undirected	NA	NA
7609	9527	0.0447944827293	undirected	NA	NA
7609	9829	0.107193257023971	undirected	NA	NA
7609	10087	0.175723674472354	undirected	NA	NA
7609	10467	0.0649117030118979	undirected	NA	NA
7609	10754	0.140061936105502	undirected	NA	NA
7609	10917	0.0447406665933078	undirected	NA	NA
7609	11428	0.100637691968012	undirected	NA	NA
7609	12085	0.235465402253484	undirected	NA	NA
7609	12790	0.100150999333198	undirected	NA	NA
7609	13119	0.130200526269608	undirected	NA	NA
7609	13206	0.0993078796997434	undirected	NA	NA
7609	13316	0.126567103594529	undirected	NA	NA
7609	14166	0.115726773628985	undirected	NA	NA
7609	14898	0.2159845312086	undirected	NA	NA
7609	15028	0.136749813220078	undirected	NA	NA
7609	15110	0.241097926059475	undirected	NA	NA
7609	15448	0.097886395985893	undirected	NA	NA
7609	15480	0.0906977729319387	undirected	NA	NA
8386	8645	0.0965924513660523	undirected	NA	NA
8386	8829	0.0938525405433035	undirected	NA	NA
8386	9285	0.0490140617782289	undirected	NA	NA
8386	9488	0.264232552041062	undirected	NA	NA
8386	9527	0.234772242440844	undirected	NA	NA
8386	9829	0.253465020028945	undirected	NA	NA
8386	10087	0.133553037528889	undirected	NA	NA
8386	10467	0.0672838904855619	undirected	NA	NA
8386	10754	0.171959418068473	undirected	NA	NA
8386	10917	0.272707907517367	undirected	NA	NA
8386	11428	0.23915231857807	undirected	NA	NA
8386	12085	0.0337807930218753	undirected	NA	NA
8386	12790	0.140216366017872	undirected	NA	NA
8386	13119	0.201828922235803	undirected	NA	NA
8386	13206	0.237516440693292	undirected	NA	NA
8386	13316	0.152595177599515	undirected	NA	NA
8386	14166	0.13866434269545	undirected	NA	NA
8386	14898	0.124708951878919	undirected	NA	NA
8386	15028	0.109340336604183	undirected	NA	NA
8386	15110	0.0945888322691437	undirected	NA	NA
8386	15448	0.13907967692328	undirected	NA	NA
8386	15480	0.0569547903793637	undirected	NA	NA
8645	8829	0.170324484457622	undirected	NA	NA
8645	9285	0.106936528025696	undirected	NA	NA
8645	9488	0.0711736097853408	undirected	NA	NA
8645	9527	0.122439734041746	undirected	NA	NA
8645	9829	0.159983475487511	undirected	NA	NA
8645	10087	0.110685749514517	undirected	NA	NA
8645	10467	0.149813681943768	undirected	NA	NA
8645	10754	0.117572877328844	undirected	NA	NA
8645	10917	0.0676518534489173	undirected	NA	NA
8645	11428	0.169895546231687	undirected	NA	NA
8645	12085	0.0741139344672486	undirected	NA	NA
8645	12790	0.135167444929136	undirected	NA	NA
8645	13119	0.113388236921156	undirected	NA	NA
8645	13206	0.123748209578474	undirected	NA	NA
8645	13316	0.080467988238734	undirected	NA	NA
8645	14166	0.0680478848308769	undirected	NA	NA
8645	14898	0.118076547963496	undirected	NA	NA
8645	15028	0.0579051247972539	undirected	NA	NA
8645	15110	0.108823050387168	undirected	NA	NA
8645	15448	0.0575947642813896	undirected	NA	NA
8645	15480	0.223456860827002	undirected	NA	NA
8829	9285	0.0943133826583611	undirected	NA	NA
8829	9488	0.0859483669715673	undirected	NA	NA
8829	9527	0.0913006736842476	undirected	NA	NA
8829	9829	0.164328210078156	undirected	NA	NA
8829	10087	0.211188142623436	undirected	NA	NA
8829	10467	0.0899504741950665	undirected	NA	NA
8829	10754	0.203913452297503	undirected	NA	NA
8829	10917	0.0777390669718732	undirected	NA	NA
8829	11428	0.166922208451171	undirected	NA	NA
8829	12085	0.21932987527755	undirected	NA	NA
8829	12790	0.140633297899516	undirected	NA	NA
8829	13119	0.166291488897991	undirected	NA	NA
8829	13206	0.154615877999971	undirected	NA	NA
8829	13316	0.16548589745172	undirected	NA	NA
8829	14166	0.159075871612672	undirected	NA	NA
8829	14898	0.254467738706258	undirected	NA	NA
8829	15028	0.151484481777422	undirected	NA	NA
8829	15110	0.270867534948255	undirected	NA	NA
8829	15448	0.129818748940207	undirected	NA	NA
8829	15480	0.121568979838018	undirected	NA	NA
9285	9488	0.0365617860423412	undirected	NA	NA
9285	9527	0.0479963500436744	undirected	NA	NA
9285	9829	0.0527580744629594	undirected	NA	NA
9285	10087	0.0313134541284601	undirected	NA	NA
9285	10467	0.173443753575081	undirected	NA	NA
9285	10754	0.0290384095025418	undirected	NA	NA
9285	10917	0.0525553377505346	undirected	NA	NA
9285	11428	0.0622437164731339	undirected	NA	NA
9285	12085	0.028843720201264	undirected	NA	NA
9285	12790	0.232642138542106	undirected	NA	NA
9285	13119	0.099834152416689	undirected	NA	NA
9285	13206	0.0423433364227035	undirected	NA	NA
9285	13316	0.14086605223073	undirected	NA	NA
9285	14166	0.0203185054441164	undirected	NA	NA
9285	14898	0.106877419454876	undirected	NA	NA
9285	15028	0.0646398408469676	undirected	NA	NA
9285	15110	0.06035198800953	undirected	NA	NA
9285	15448	0.123084602060244	undirected	NA	NA
9285	15480	0.0961024548006645	undirected	NA	NA
9488	9527	0.182246512592381	undirected	NA	NA
9488	9829	0.229371933383691	undirected	NA	NA
9488	10087	0.138004401608294	undirected	NA	NA
9488	10467	0.0443882412611264	undirected	NA	NA
9488	10754	0.170806511858814	undirected	NA	NA
9488	10917	0.27395056650845	undirected	NA	NA
9488	11428	0.203329088443939	undirected	NA	NA
9488	12085	0.0373120965407778	undirected	NA	NA
9488	12790	0.118319858717973	undirected	NA	NA
9488	13119	0.199481514821388	undirected	NA	NA
9488	13206	0.234126538475941	undirected	NA	NA
9488	13316	0.162658832203741	undirected	NA	NA
9488	14166	0.156586213983696	undirected	NA	NA
9488	14898	0.126230777588376	undirected	NA	NA
9488	15028	0.126625518164727	undirected	NA	NA
9488	15110	0.0979912874360963	undirected	NA	NA
9488	15448	0.156021153891036	undirected	NA	NA
9488	15480	0.0350764711637627	undirected	NA	NA
9527	9829	0.26655359644662	undirected	NA	NA
9527	10087	0.103724802145061	undirected	NA	NA
9527	10467	0.0794790465833482	undirected	NA	NA
9527	10754	0.139356303828843	undirected	NA	NA
9527	10917	0.162166588301633	undirected	NA	NA
9527	11428	0.257305222956987	undirected	NA	NA
9527	12085	0.0288450111655718	undirected	NA	NA
9527	12790	0.106907221133073	undirected	NA	NA
9527	13119	0.122260872240051	undirected	NA	NA
9527	13206	0.20793364527613	undirected	NA	NA
9527	13316	0.0747899649722926	undirected	NA	NA
9527	14166	0.0856565291819864	undirected	NA	NA
9527	14898	0.0836853993668062	undirected	NA	NA
9527	15028	0.0497345171619193	undirected	NA	NA
9527	15110	0.0672450403468574	undirected	NA	NA
9527	15448	0.0599892761472575	undirected	NA	NA
9527	15480	0.0896665407051928	undirected	NA	NA
9829	10087	0.222370874616337	undirected	NA	NA
9829	10467	0.0762303286749425	undirected	NA	NA
9829	10754	0.277023689443015	undirected	NA	NA
9829	10917	0.203327814728562	undirected	NA	NA
9829	11428	0.318159238671558	undirected	NA	NA
9829	12085	0.088151353833507	undirected	NA	NA
9829	12790	0.142172811544193	undirected	NA	NA
9829	13119	0.209815648503373	undirected	NA	NA
9829	13206	0.289792680042003	undirected	NA	NA
9829	13316	0.160581192766814	undirected	NA	NA
9829	14166	0.20802631373032	undirected	NA	NA
9829	14898	0.190104765966439	undirected	NA	NA
9829	15028	0.126232684841937	undirected	NA	NA
9829	15110	0.174595500260934	undirected	NA	NA
9829	15448	0.133651259422746	undirected	NA	NA
9829	15480	0.0900407838774009	undirected	NA	NA
10087	10467	0.0365140164019176	undirected	NA	NA
10087	10754	0.288642169708091	undirected	NA	NA
10087	10917	0.108821505563628	undirected	NA	NA
10087	11428	0.190357717708211	undirected	NA	NA
10087	12085	0.187105745122556	undirected	NA	NA
10087	12790	0.0819988204634564	undirected	NA	NA
10087	13119	0.174412999800738	undirected	NA	NA
10087	13206	0.228187502693239	undirected	NA	NA
10087	13316	0.151485948876141	undirected	NA	NA
10087	14166	0.269066384243009	undirected	NA	NA
10087	14898	0.223680701377523	undirected	NA	NA
10087	15028	0.169375745731846	undirected	NA	NA
10087	15110	0.253937734551519	undirected	NA	NA
10087	15448	0.127692409007618	undirected	NA	NA
10087	15480	0.0567648987494574	undirected	NA	NA
10467	10754	0.0399101535446769	undirected	NA	NA
10467	10917	0.0516062964689701	undirected	NA	NA
10467	11428	0.0848003957836037	undirected	NA	NA
10467	12085	0.0213474017191609	undirected	NA	NA
10467	12790	0.184286524677119	undirected	NA	NA
10467	13119	0.0849890198642969	undirected	NA	NA
10467	13206	0.0632084649365518	undirected	NA	NA
10467	13316	0.0667741569244124	undirected	NA	NA
10467	14166	0.021220858471042	undirected	NA	NA
10467	14898	0.070325377603663	undirected	NA	NA
10467	15028	0.0332014135240304	undirected	NA	NA
10467	15110	0.0479095818748928	undirected	NA	NA
10467	15448	0.0476608611985362	undirected	NA	NA
10467	15480	0.269350965903855	undirected	NA	NA
10754	10917	0.132746931934727	undirected	NA	NA
10754	11428	0.224511094512717	undirected	NA	NA
10754	12085	0.151277324266031	undirected	NA	NA
10754	12790	0.082329265015198	undirected	NA	NA
10754	13119	0.180554717080562	undirected	NA	NA
10754	13206	0.268228311660705	undirected	NA	NA
10754	13316	0.134054704901005	undirected	NA	NA
10754	14166	0.255293383258715	undirected	NA	NA
10754	14898	0.199816522937346	undirected	NA	NA
10754	15028	0.146495723914023	undirected	NA	NA
10754	15110	0.219698227365672	undirected	NA	NA
10754	15448	0.110939802677831	undirected	NA	NA
10754	15480	0.062984981949698	undirected	NA	NA
10917	11428	0.174930806815768	undirected	NA	NA
10917	12085	0.0308369880682069	undirected	NA	NA
10917	12790	0.136405082130563	undirected	NA	NA
10917	13119	0.191770614788075	undirected	NA	NA
10917	13206	0.223000550361926	undirected	NA	NA
10917	13316	0.168810040211597	undirected	NA	NA
10917	14166	0.121392720498015	undirected	NA	NA
10917	14898	0.12004846279281	undirected	NA	NA
10917	15028	0.12210431963179	undirected	NA	NA
10917	15110	0.0859274763650249	undirected	NA	NA
10917	15448	0.164372428835514	undirected	NA	NA
10917	15480	0.0381744410237437	undirected	NA	NA
11428	12085	0.0818838056739912	undirected	NA	NA
11428	12790	0.138489768715423	undirected	NA	NA
11428	13119	0.182947948385104	undirected	NA	NA
11428	13206	0.27290422456813	undirected	NA	NA
11428	13316	0.127424916362273	undirected	NA	NA
11428	14166	0.155350271751033	undirected	NA	NA
11428	14898	0.166284562440707	undirected	NA	NA
11428	15028	0.0979453107530286	undirected	NA	NA
11428	15110	0.151807372281387	undirected	NA	NA
11428	15448	0.10149516697421	undirected	NA	NA
11428	15480	0.111019781461315	undirected	NA	NA
12085	12790	0.0430483865029765	undirected	NA	NA
12085	13119	0.0956375494035419	undirected	NA	NA
12085	13206	0.0817902741254985	undirected	NA	NA
12085	13316	0.109924689574298	undirected	NA	NA
12085	14166	0.145613717288518	undirected	NA	NA
12085	14898	0.2012859684823	undirected	NA	NA
12085	15028	0.135751362118044	undirected	NA	NA
12085	15110	0.238474654594205	undirected	NA	NA
12085	15448	0.0905662191018792	undirected	NA	NA
12085	15480	0.0262148722532937	undirected	NA	NA
12790	13119	0.181794741714954	undirected	NA	NA
12790	13206	0.127523697039085	undirected	NA	NA
12790	13316	0.190686322483012	undirected	NA	NA
12790	14166	0.0629763643610485	undirected	NA	NA
12790	14898	0.149831162475223	undirected	NA	NA
12790	15028	0.116332275756712	undirected	NA	NA
12790	15110	0.0969143763398843	undirected	NA	NA
12790	15448	0.168738617220949	undirected	NA	NA
12790	15480	0.11698690049326	undirected	NA	NA
13119	13206	0.228278307149372	undirected	NA	NA
13119	13316	0.234529056296362	undirected	NA	NA
13119	14166	0.165750179619105	undirected	NA	NA
13119	14898	0.215791159451118	undirected	NA	NA
13119	15028	0.195798906913774	undirected	NA	NA
13119	15110	0.180378657929852	undirected	NA	NA
13119	15448	0.213655113944309	undirected	NA	NA
13119	15480	0.0807248668471961	undirected	NA	NA
13206	13316	0.172904166192069	undirected	NA	NA
13206	14166	0.225344209809214	undirected	NA	NA
13206	14898	0.183346494547425	undirected	NA	NA
13206	15028	0.15077913260349	undirected	NA	NA
13206	15110	0.168280435625882	undirected	NA	NA
13206	15448	0.150430944714124	undirected	NA	NA
13206	15480	0.0704772455123833	undirected	NA	NA
13316	14166	0.145080257020975	undirected	NA	NA
13316	14898	0.225303982711199	undirected	NA	NA
13316	15028	0.242778304522611	undirected	NA	NA
13316	15110	0.178813625278483	undirected	NA	NA
13316	15448	0.268137070104738	undirected	NA	NA
13316	15480	0.0411777436055206	undirected	NA	NA
14166	14898	0.187734167385928	undirected	NA	NA
14166	15028	0.18316058790924	undirected	NA	NA
14166	15110	0.208479461450584	undirected	NA	NA
14166	15448	0.132942724980875	undirected	NA	NA
14166	15480	0.0280399868559255	undirected	NA	NA
14898	15028	0.219743313710509	undirected	NA	NA
14898	15110	0.245105418007561	undirected	NA	NA
14898	15448	0.202055254939905	undirected	NA	NA
14898	15480	0.0613463894775125	undirected	NA	NA
15028	15110	0.201084721310006	undirected	NA	NA
15028	15448	0.242797407776634	undirected	NA	NA
15028	15480	0.026752743426646	undirected	NA	NA
15110	15448	0.153868409092009	undirected	NA	NA
15110	15480	0.0543238305642774	undirected	NA	NA
15448	15480	0.0251411622457247	undirected	NA	NA
