fromNode	toNode	weight	direction	fromAltName	toAltName
403	728	0.304650041844452	undirected	NA	NA
403	909	0.366773825768936	undirected	NA	NA
403	1457	0.286377333689328	undirected	NA	NA
403	1557	0.0948777643363233	undirected	NA	NA
403	2008	0.276783945307513	undirected	NA	NA
403	2029	0.333888857428843	undirected	NA	NA
403	2222	0.239394309720454	undirected	NA	NA
403	2450	0.308026453244852	undirected	NA	NA
403	2770	0.304933818549275	undirected	NA	NA
403	2796	0.281397330438496	undirected	NA	NA
403	3131	0.298693024033003	undirected	NA	NA
403	3591	0.279063443496504	undirected	NA	NA
403	3899	0.310356851126901	undirected	NA	NA
403	4501	0.301019848289595	undirected	NA	NA
403	4781	0.268171178841071	undirected	NA	NA
403	5758	0.34004303572675	undirected	NA	NA
403	5834	0.311087364656236	undirected	NA	NA
403	5915	0.110906955668241	undirected	NA	NA
403	6119	0.333119636293702	undirected	NA	NA
403	6387	0.305902364339738	undirected	NA	NA
403	7274	0.3620895280993	undirected	NA	NA
403	7311	0.310263827398172	undirected	NA	NA
403	7503	0.290054917192736	undirected	NA	NA
403	7901	0.221717967473492	undirected	NA	NA
403	7978	0.28213352535487	undirected	NA	NA
403	8359	0.0438702419413166	undirected	NA	NA
403	8467	0.305868321874592	undirected	NA	NA
403	8577	0.309965809230703	undirected	NA	NA
403	8624	0.328862382543553	undirected	NA	NA
403	8909	0.0360979216110972	undirected	NA	NA
403	8972	0.33081124901403	undirected	NA	NA
403	9134	0.208992582213917	undirected	NA	NA
403	9338	0.336491214265457	undirected	NA	NA
403	9416	0.310705389288489	undirected	NA	NA
403	9836	0.351812780469626	undirected	NA	NA
403	9870	0.227093848743991	undirected	NA	NA
403	10359	0.262603264729003	undirected	NA	NA
403	11183	0.249861150612131	undirected	NA	NA
403	11206	0.272091135163105	undirected	NA	NA
403	11273	0.0308848644840705	undirected	NA	NA
403	12444	0.307371059204967	undirected	NA	NA
403	12567	0.22263465489905	undirected	NA	NA
403	12724	0.349185299447156	undirected	NA	NA
403	12802	0.349516902618368	undirected	NA	NA
403	12803	0.308163918014398	undirected	NA	NA
403	12974	0.247005427580904	undirected	NA	NA
403	13104	0.314273466308377	undirected	NA	NA
403	13211	0.257028866567355	undirected	NA	NA
403	13357	0.237174552824852	undirected	NA	NA
403	14035	0.369753425485806	undirected	NA	NA
403	14180	0.252028165350654	undirected	NA	NA
403	14213	0.307070632244715	undirected	NA	NA
403	14277	0.310526975102136	undirected	NA	NA
403	14284	0.18180568879211	undirected	NA	NA
403	14752	0.280720140733266	undirected	NA	NA
403	15022	0.131612650417654	undirected	NA	NA
728	909	0.416660629581669	undirected	NA	NA
728	1457	0.432475220965131	undirected	NA	NA
728	1557	0.0786234760148305	undirected	NA	NA
728	2008	0.204050834376646	undirected	NA	NA
728	2029	0.362689477320683	undirected	NA	NA
728	2222	0.288786119410642	undirected	NA	NA
728	2450	0.418581783635719	undirected	NA	NA
728	2770	0.412819397221906	undirected	NA	NA
728	2796	0.189420725874104	undirected	NA	NA
728	3131	0.427404982419122	undirected	NA	NA
728	3591	0.194524667569595	undirected	NA	NA
728	3899	0.426180189689274	undirected	NA	NA
728	4501	0.294675130310982	undirected	NA	NA
728	4781	0.207657090349922	undirected	NA	NA
728	5758	0.316604725222509	undirected	NA	NA
728	5834	0.424690004710406	undirected	NA	NA
728	5915	0.117520980022813	undirected	NA	NA
728	6119	0.372551446099431	undirected	NA	NA
728	6387	0.355845084388427	undirected	NA	NA
728	7274	0.380907445660297	undirected	NA	NA
728	7311	0.438988459144819	undirected	NA	NA
728	7503	0.290865925484216	undirected	NA	NA
728	7901	0.400362882394539	undirected	NA	NA
728	7978	0.235099502741922	undirected	NA	NA
728	8359	0.0267368801950521	undirected	NA	NA
728	8467	0.42119243609602	undirected	NA	NA
728	8577	0.428691979596896	undirected	NA	NA
728	8624	0.364824517720871	undirected	NA	NA
728	8909	0.0322520508697376	undirected	NA	NA
728	8972	0.379446791397918	undirected	NA	NA
728	9134	0.251938667709695	undirected	NA	NA
728	9338	0.397624046775709	undirected	NA	NA
728	9416	0.425403525266919	undirected	NA	NA
728	9836	0.385187856651993	undirected	NA	NA
728	9870	0.400656516496943	undirected	NA	NA
728	10359	0.407814952086687	undirected	NA	NA
728	11183	0.228653253499193	undirected	NA	NA
728	11206	0.475850833944568	undirected	NA	NA
728	11273	0.0298875842329452	undirected	NA	NA
728	12444	0.424622043113745	undirected	NA	NA
728	12567	0.205254833476085	undirected	NA	NA
728	12724	0.329668268191214	undirected	NA	NA
728	12802	0.344369638419291	undirected	NA	NA
728	12803	0.428135409401624	undirected	NA	NA
728	12974	0.249540126307231	undirected	NA	NA
728	13104	0.314804856873885	undirected	NA	NA
728	13211	0.296098549661689	undirected	NA	NA
728	13357	0.262275879163684	undirected	NA	NA
728	14035	0.423811965957345	undirected	NA	NA
728	14180	0.315225060508675	undirected	NA	NA
728	14213	0.239961166511061	undirected	NA	NA
728	14277	0.422154734757969	undirected	NA	NA
728	14284	0.346604276580037	undirected	NA	NA
728	14752	0.235204677747617	undirected	NA	NA
728	15022	0.178021437144031	undirected	NA	NA
909	1457	0.432349343786849	undirected	NA	NA
909	1557	0.15963832673051	undirected	NA	NA
909	2008	0.237871705774343	undirected	NA	NA
909	2029	0.386010120745585	undirected	NA	NA
909	2222	0.36299746236268	undirected	NA	NA
909	2450	0.41671067212677	undirected	NA	NA
909	2770	0.414738402744584	undirected	NA	NA
909	2796	0.262870327730803	undirected	NA	NA
909	3131	0.375090781588286	undirected	NA	NA
909	3591	0.28519260875492	undirected	NA	NA
909	3899	0.410808718103727	undirected	NA	NA
909	4501	0.354524650296547	undirected	NA	NA
909	4781	0.234785156790615	undirected	NA	NA
909	5758	0.343087653234252	undirected	NA	NA
909	5834	0.414346306499044	undirected	NA	NA
909	5915	0.209010704393782	undirected	NA	NA
909	6119	0.38926575673389	undirected	NA	NA
909	6387	0.375762015715643	undirected	NA	NA
909	7274	0.416889135789062	undirected	NA	NA
909	7311	0.400984773617176	undirected	NA	NA
909	7503	0.350448588290015	undirected	NA	NA
909	7901	0.331625193632259	undirected	NA	NA
909	7978	0.255140823039341	undirected	NA	NA
909	8359	0.0691109548260439	undirected	NA	NA
909	8467	0.404236247235753	undirected	NA	NA
909	8577	0.407679783940129	undirected	NA	NA
909	8624	0.341576791179686	undirected	NA	NA
909	8909	0.0671969456850858	undirected	NA	NA
909	8972	0.425508108088471	undirected	NA	NA
909	9134	0.272309034392261	undirected	NA	NA
909	9338	0.437665807878803	undirected	NA	NA
909	9416	0.408761075643538	undirected	NA	NA
909	9836	0.435403253220813	undirected	NA	NA
909	9870	0.331480513549273	undirected	NA	NA
909	10359	0.33313822368859	undirected	NA	NA
909	11183	0.259981190634539	undirected	NA	NA
909	11206	0.385230947807235	undirected	NA	NA
909	11273	0.0671660860510286	undirected	NA	NA
909	12444	0.408397334619306	undirected	NA	NA
909	12567	0.206736618337428	undirected	NA	NA
909	12724	0.365062901311326	undirected	NA	NA
909	12802	0.375949782922279	undirected	NA	NA
909	12803	0.40789694272159	undirected	NA	NA
909	12974	0.235055350927687	undirected	NA	NA
909	13104	0.393352921733828	undirected	NA	NA
909	13211	0.36942054842993	undirected	NA	NA
909	13357	0.344166026656396	undirected	NA	NA
909	14035	0.415682869312316	undirected	NA	NA
909	14180	0.384144304383198	undirected	NA	NA
909	14213	0.296736562941208	undirected	NA	NA
909	14277	0.416624585545971	undirected	NA	NA
909	14284	0.255241315586493	undirected	NA	NA
909	14752	0.31744355823587	undirected	NA	NA
909	15022	0.190581936998718	undirected	NA	NA
1457	1557	0.0734339577138562	undirected	NA	NA
1457	2008	0.231184068865842	undirected	NA	NA
1457	2029	0.37084687185063	undirected	NA	NA
1457	2222	0.274532803773944	undirected	NA	NA
1457	2450	0.437686475067111	undirected	NA	NA
1457	2770	0.432958164631986	undirected	NA	NA
1457	2796	0.209114588331082	undirected	NA	NA
1457	3131	0.433302937389374	undirected	NA	NA
1457	3591	0.208755081906926	undirected	NA	NA
1457	3899	0.443715176662352	undirected	NA	NA
1457	4501	0.300214933569536	undirected	NA	NA
1457	4781	0.236406304335304	undirected	NA	NA
1457	5758	0.34084626970318	undirected	NA	NA
1457	5834	0.44264521484953	undirected	NA	NA
1457	5915	0.1054665091426	undirected	NA	NA
1457	6119	0.390363153750952	undirected	NA	NA
1457	6387	0.335615365100526	undirected	NA	NA
1457	7274	0.404926113805085	undirected	NA	NA
1457	7311	0.447291605961422	undirected	NA	NA
1457	7503	0.29909750838185	undirected	NA	NA
1457	7901	0.35398272552334	undirected	NA	NA
1457	7978	0.261652080551295	undirected	NA	NA
1457	8359	0.025802609425207	undirected	NA	NA
1457	8467	0.439239019356739	undirected	NA	NA
1457	8577	0.44544819307464	undirected	NA	NA
1457	8624	0.381390020722341	undirected	NA	NA
1457	8909	0.0298946586208574	undirected	NA	NA
1457	8972	0.4060148628745	undirected	NA	NA
1457	9134	0.235235130168927	undirected	NA	NA
1457	9338	0.38776503298565	undirected	NA	NA
1457	9416	0.443275590425506	undirected	NA	NA
1457	9836	0.411316406397195	undirected	NA	NA
1457	9870	0.356870094724558	undirected	NA	NA
1457	10359	0.379350893013734	undirected	NA	NA
1457	11183	0.245476283306472	undirected	NA	NA
1457	11206	0.451050397076684	undirected	NA	NA
1457	11273	0.0258819127780331	undirected	NA	NA
1457	12444	0.442155993446988	undirected	NA	NA
1457	12567	0.228152269536383	undirected	NA	NA
1457	12724	0.353701714404153	undirected	NA	NA
1457	12802	0.359627293133866	undirected	NA	NA
1457	12803	0.444731438169442	undirected	NA	NA
1457	12974	0.272466010264703	undirected	NA	NA
1457	13104	0.314526494410092	undirected	NA	NA
1457	13211	0.286104634363736	undirected	NA	NA
1457	13357	0.252161842527066	undirected	NA	NA
1457	14035	0.435497321892369	undirected	NA	NA
1457	14180	0.295528028964475	undirected	NA	NA
1457	14213	0.258013440023741	undirected	NA	NA
1457	14277	0.440654218440123	undirected	NA	NA
1457	14284	0.331071770643133	undirected	NA	NA
1457	14752	0.242154856773887	undirected	NA	NA
1457	15022	0.16388317695266	undirected	NA	NA
1557	2008	0.133902459033917	undirected	NA	NA
1557	2029	0.1685864246142	undirected	NA	NA
1557	2222	0.272172751539299	undirected	NA	NA
1557	2450	0.0793432557452959	undirected	NA	NA
1557	2770	0.0798809545250199	undirected	NA	NA
1557	2796	0.1978698138266	undirected	NA	NA
1557	3131	0.0690729330082736	undirected	NA	NA
1557	3591	0.226486432829636	undirected	NA	NA
1557	3899	0.0829477793006335	undirected	NA	NA
1557	4501	0.152055265273686	undirected	NA	NA
1557	4781	0.165604293767013	undirected	NA	NA
1557	5758	0.109614329494593	undirected	NA	NA
1557	5834	0.0827972743850236	undirected	NA	NA
1557	5915	0.276105591703067	undirected	NA	NA
1557	6119	0.124489863503111	undirected	NA	NA
1557	6387	0.0546325093372852	undirected	NA	NA
1557	7274	0.139677382018886	undirected	NA	NA
1557	7311	0.0790645443100706	undirected	NA	NA
1557	7503	0.12583576972369	undirected	NA	NA
1557	7901	0.0421187003739912	undirected	NA	NA
1557	7978	0.183417326995015	undirected	NA	NA
1557	8359	0.250444360290314	undirected	NA	NA
1557	8467	0.0842722910222171	undirected	NA	NA
1557	8577	0.0844155926289126	undirected	NA	NA
1557	8624	0.0699801493453285	undirected	NA	NA
1557	8909	0.133569913752783	undirected	NA	NA
1557	8972	0.11893623695936	undirected	NA	NA
1557	9134	0.0949743614027929	undirected	NA	NA
1557	9338	0.0629520826156879	undirected	NA	NA
1557	9416	0.083162714193734	undirected	NA	NA
1557	9836	0.118268958246043	undirected	NA	NA
1557	9870	0.0413376060391138	undirected	NA	NA
1557	10359	0.034444226061719	undirected	NA	NA
1557	11183	0.14770533665812	undirected	NA	NA
1557	11206	0.0280156501442187	undirected	NA	NA
1557	11273	0.143660007953576	undirected	NA	NA
1557	12444	0.081872184861816	undirected	NA	NA
1557	12567	0.0570733173399656	undirected	NA	NA
1557	12724	0.175676085473111	undirected	NA	NA
1557	12802	0.1701280670226	undirected	NA	NA
1557	12803	0.0834942956156204	undirected	NA	NA
1557	12974	0.145562783843123	undirected	NA	NA
1557	13104	0.2118385929088	undirected	NA	NA
1557	13211	0.28595623010712	undirected	NA	NA
1557	13357	0.204851602074111	undirected	NA	NA
1557	14035	0.170532462403936	undirected	NA	NA
1557	14180	0.187141154514841	undirected	NA	NA
1557	14213	0.10481303439096	undirected	NA	NA
1557	14277	0.0817661275429487	undirected	NA	NA
1557	14284	0.0306143156292361	undirected	NA	NA
1557	14752	0.138560054219307	undirected	NA	NA
1557	15022	0.0130132490967652	undirected	NA	NA
2008	2029	0.270791780768484	undirected	NA	NA
2008	2222	0.222029466164207	undirected	NA	NA
2008	2450	0.203168668245196	undirected	NA	NA
2008	2770	0.203213709824049	undirected	NA	NA
2008	2796	0.260936436188633	undirected	NA	NA
2008	3131	0.178663893823911	undirected	NA	NA
2008	3591	0.293111455461823	undirected	NA	NA
2008	3899	0.199289605282973	undirected	NA	NA
2008	4501	0.293935072341133	undirected	NA	NA
2008	4781	0.203931533881129	undirected	NA	NA
2008	5758	0.254390728023065	undirected	NA	NA
2008	5834	0.201819946324701	undirected	NA	NA
2008	5915	0.149072018771763	undirected	NA	NA
2008	6119	0.256654946337071	undirected	NA	NA
2008	6387	0.252349510602561	undirected	NA	NA
2008	7274	0.262760393763205	undirected	NA	NA
2008	7311	0.19282203041497	undirected	NA	NA
2008	7503	0.249727090239516	undirected	NA	NA
2008	7901	0.171303281867831	undirected	NA	NA
2008	7978	0.209933088420363	undirected	NA	NA
2008	8359	0.0707365740560029	undirected	NA	NA
2008	8467	0.196775447564516	undirected	NA	NA
2008	8577	0.197384962226117	undirected	NA	NA
2008	8624	0.194343595826527	undirected	NA	NA
2008	8909	0.0994812330872977	undirected	NA	NA
2008	8972	0.245145332081483	undirected	NA	NA
2008	9134	0.192403660786213	undirected	NA	NA
2008	9338	0.218758174651818	undirected	NA	NA
2008	9416	0.198362418619295	undirected	NA	NA
2008	9836	0.258463098985888	undirected	NA	NA
2008	9870	0.171716837850407	undirected	NA	NA
2008	10359	0.182836936990116	undirected	NA	NA
2008	11183	0.281452212890334	undirected	NA	NA
2008	11206	0.139592059296488	undirected	NA	NA
2008	11273	0.0830769472043894	undirected	NA	NA
2008	12444	0.197525818280955	undirected	NA	NA
2008	12567	0.242616064220278	undirected	NA	NA
2008	12724	0.275657342222767	undirected	NA	NA
2008	12802	0.275849211416495	undirected	NA	NA
2008	12803	0.197153150746302	undirected	NA	NA
2008	12974	0.160501695654217	undirected	NA	NA
2008	13104	0.297181849029189	undirected	NA	NA
2008	13211	0.243156571377908	undirected	NA	NA
2008	13357	0.269141064964158	undirected	NA	NA
2008	14035	0.243340517461901	undirected	NA	NA
2008	14180	0.232778049810395	undirected	NA	NA
2008	14213	0.268012397443213	undirected	NA	NA
2008	14277	0.203406718270669	undirected	NA	NA
2008	14284	0.100087253135826	undirected	NA	NA
2008	14752	0.299220220333032	undirected	NA	NA
2008	15022	0.0619913463995004	undirected	NA	NA
2029	2222	0.354612149583481	undirected	NA	NA
2029	2450	0.365001638929876	undirected	NA	NA
2029	2770	0.360069851038409	undirected	NA	NA
2029	2796	0.23629082570654	undirected	NA	NA
2029	3131	0.363731217351967	undirected	NA	NA
2029	3591	0.281118419579672	undirected	NA	NA
2029	3899	0.359306221372523	undirected	NA	NA
2029	4501	0.381008018206031	undirected	NA	NA
2029	4781	0.214679209834148	undirected	NA	NA
2029	5758	0.373000566297412	undirected	NA	NA
2029	5834	0.363360355260303	undirected	NA	NA
2029	5915	0.235751726378132	undirected	NA	NA
2029	6119	0.406979530865394	undirected	NA	NA
2029	6387	0.339714759466398	undirected	NA	NA
2029	7274	0.404309471656754	undirected	NA	NA
2029	7311	0.379051993278959	undirected	NA	NA
2029	7503	0.307904362749181	undirected	NA	NA
2029	7901	0.264178081574902	undirected	NA	NA
2029	7978	0.22535181487759	undirected	NA	NA
2029	8359	0.0687403369263829	undirected	NA	NA
2029	8467	0.349910353580483	undirected	NA	NA
2029	8577	0.356369574603215	undirected	NA	NA
2029	8624	0.349221488868425	undirected	NA	NA
2029	8909	0.103013138056168	undirected	NA	NA
2029	8972	0.380289512498225	undirected	NA	NA
2029	9134	0.218476113554273	undirected	NA	NA
2029	9338	0.374183369687679	undirected	NA	NA
2029	9416	0.356274444790667	undirected	NA	NA
2029	9836	0.409085713469227	undirected	NA	NA
2029	9870	0.261171167233897	undirected	NA	NA
2029	10359	0.257264046239285	undirected	NA	NA
2029	11183	0.266550710259599	undirected	NA	NA
2029	11206	0.311481792328972	undirected	NA	NA
2029	11273	0.107334672715007	undirected	NA	NA
2029	12444	0.3559748995603	undirected	NA	NA
2029	12567	0.221012302170991	undirected	NA	NA
2029	12724	0.374243949644376	undirected	NA	NA
2029	12802	0.380647251964042	undirected	NA	NA
2029	12803	0.356778431931693	undirected	NA	NA
2029	12974	0.183148384385543	undirected	NA	NA
2029	13104	0.409144017369161	undirected	NA	NA
2029	13211	0.360756583237061	undirected	NA	NA
2029	13357	0.394854784198746	undirected	NA	NA
2029	14035	0.372777328578466	undirected	NA	NA
2029	14180	0.418228679892755	undirected	NA	NA
2029	14213	0.309284884905133	undirected	NA	NA
2029	14277	0.365639764074277	undirected	NA	NA
2029	14284	0.223085978134887	undirected	NA	NA
2029	14752	0.359567093868379	undirected	NA	NA
2029	15022	0.135549447340984	undirected	NA	NA
2222	2450	0.291633763412476	undirected	NA	NA
2222	2770	0.288804621765872	undirected	NA	NA
2222	2796	0.207155098889213	undirected	NA	NA
2222	3131	0.284650814891824	undirected	NA	NA
2222	3591	0.232371296869803	undirected	NA	NA
2222	3899	0.293607122201485	undirected	NA	NA
2222	4501	0.288117249145972	undirected	NA	NA
2222	4781	0.224940125230791	undirected	NA	NA
2222	5758	0.285516890696634	undirected	NA	NA
2222	5834	0.295170682574174	undirected	NA	NA
2222	5915	0.309619332862608	undirected	NA	NA
2222	6119	0.33571341213465	undirected	NA	NA
2222	6387	0.207176503501488	undirected	NA	NA
2222	7274	0.34579772945518	undirected	NA	NA
2222	7311	0.303967158492492	undirected	NA	NA
2222	7503	0.263571123344511	undirected	NA	NA
2222	7901	0.185663779367138	undirected	NA	NA
2222	7978	0.2471435481318	undirected	NA	NA
2222	8359	0.170282000043469	undirected	NA	NA
2222	8467	0.289364379955778	undirected	NA	NA
2222	8577	0.294046526924058	undirected	NA	NA
2222	8624	0.254504197320715	undirected	NA	NA
2222	8909	0.134983873343127	undirected	NA	NA
2222	8972	0.322206886976802	undirected	NA	NA
2222	9134	0.192367393395791	undirected	NA	NA
2222	9338	0.153195248281252	undirected	NA	NA
2222	9416	0.29199965359664	undirected	NA	NA
2222	9836	0.33362362142234	undirected	NA	NA
2222	9870	0.182458301469349	undirected	NA	NA
2222	10359	0.16382657130764	undirected	NA	NA
2222	11183	0.205131301383279	undirected	NA	NA
2222	11206	0.11395170257872	undirected	NA	NA
2222	11273	0.147460936749776	undirected	NA	NA
2222	12444	0.290841149761108	undirected	NA	NA
2222	12567	0.116649709756852	undirected	NA	NA
2222	12724	0.34149288383503	undirected	NA	NA
2222	12802	0.348942585281704	undirected	NA	NA
2222	12803	0.293484187231465	undirected	NA	NA
2222	12974	0.211762074364491	undirected	NA	NA
2222	13104	0.332594642331813	undirected	NA	NA
2222	13211	0.276231293920392	undirected	NA	NA
2222	13357	0.268751344421527	undirected	NA	NA
2222	14035	0.366125445489899	undirected	NA	NA
2222	14180	0.300055239335978	undirected	NA	NA
2222	14213	0.212507448014445	undirected	NA	NA
2222	14277	0.294849515419744	undirected	NA	NA
2222	14284	0.147634358710348	undirected	NA	NA
2222	14752	0.234889852996452	undirected	NA	NA
2222	15022	0.0666918754494242	undirected	NA	NA
2450	2770	0.41622201074935	undirected	NA	NA
2450	2796	0.188635037641621	undirected	NA	NA
2450	3131	0.428814844051985	undirected	NA	NA
2450	3591	0.194843139868151	undirected	NA	NA
2450	3899	0.423908560400618	undirected	NA	NA
2450	4501	0.298083992500401	undirected	NA	NA
2450	4781	0.204865294068364	undirected	NA	NA
2450	5758	0.318192031592182	undirected	NA	NA
2450	5834	0.4224946084105	undirected	NA	NA
2450	5915	0.119669965369546	undirected	NA	NA
2450	6119	0.373311684827883	undirected	NA	NA
2450	6387	0.36014719626034	undirected	NA	NA
2450	7274	0.380635695582036	undirected	NA	NA
2450	7311	0.439445579509526	undirected	NA	NA
2450	7503	0.293452336997423	undirected	NA	NA
2450	7901	0.401358671839584	undirected	NA	NA
2450	7978	0.23234468688758	undirected	NA	NA
2450	8359	0.0266671943666858	undirected	NA	NA
2450	8467	0.418491283913544	undirected	NA	NA
2450	8577	0.426372485271943	undirected	NA	NA
2450	8624	0.368023342853142	undirected	NA	NA
2450	8909	0.0326214342606803	undirected	NA	NA
2450	8972	0.383242706635571	undirected	NA	NA
2450	9134	0.251776790171001	undirected	NA	NA
2450	9338	0.402409521931946	undirected	NA	NA
2450	9416	0.423042088061268	undirected	NA	NA
2450	9836	0.384349736222188	undirected	NA	NA
2450	9870	0.401364859510393	undirected	NA	NA
2450	10359	0.407539533948168	undirected	NA	NA
2450	11183	0.227457747204358	undirected	NA	NA
2450	11206	0.480375439532667	undirected	NA	NA
2450	11273	0.0307331635620064	undirected	NA	NA
2450	12444	0.422215523959758	undirected	NA	NA
2450	12567	0.203922088800265	undirected	NA	NA
2450	12724	0.32928925034517	undirected	NA	NA
2450	12802	0.346154092746185	undirected	NA	NA
2450	12803	0.425811364977155	undirected	NA	NA
2450	12974	0.245681744611154	undirected	NA	NA
2450	13104	0.318734561194106	undirected	NA	NA
2450	13211	0.298462378821961	undirected	NA	NA
2450	13357	0.266572942168032	undirected	NA	NA
2450	14035	0.424465702637121	undirected	NA	NA
2450	14180	0.321871223808532	undirected	NA	NA
2450	14213	0.242560272936046	undirected	NA	NA
2450	14277	0.419977782115819	undirected	NA	NA
2450	14284	0.349172150946926	undirected	NA	NA
2450	14752	0.238704068638178	undirected	NA	NA
2450	15022	0.181559443652794	undirected	NA	NA
2770	2796	0.19007215439789	undirected	NA	NA
2770	3131	0.423102654604634	undirected	NA	NA
2770	3591	0.194801599861976	undirected	NA	NA
2770	3899	0.423967622857699	undirected	NA	NA
2770	4501	0.292049396256602	undirected	NA	NA
2770	4781	0.20842237751845	undirected	NA	NA
2770	5758	0.313307680146562	undirected	NA	NA
2770	5834	0.422409321639623	undirected	NA	NA
2770	5915	0.118314699036088	undirected	NA	NA
2770	6119	0.369554596096405	undirected	NA	NA
2770	6387	0.354498927720972	undirected	NA	NA
2770	7274	0.378685061227892	undirected	NA	NA
2770	7311	0.435276557607205	undirected	NA	NA
2770	7503	0.292490611819487	undirected	NA	NA
2770	7901	0.401821432531162	undirected	NA	NA
2770	7978	0.235954658039688	undirected	NA	NA
2770	8359	0.0275984497294763	undirected	NA	NA
2770	8467	0.41928552670414	undirected	NA	NA
2770	8577	0.426556037926536	undirected	NA	NA
2770	8624	0.359899207347973	undirected	NA	NA
2770	8909	0.0326443056092004	undirected	NA	NA
2770	8972	0.378683168658581	undirected	NA	NA
2770	9134	0.254317346764794	undirected	NA	NA
2770	9338	0.395255449013665	undirected	NA	NA
2770	9416	0.423263531554833	undirected	NA	NA
2770	9836	0.382779895193755	undirected	NA	NA
2770	9870	0.402173679895863	undirected	NA	NA
2770	10359	0.408805872600982	undirected	NA	NA
2770	11183	0.228567895196032	undirected	NA	NA
2770	11206	0.471370384187258	undirected	NA	NA
2770	11273	0.0300502969104331	undirected	NA	NA
2770	12444	0.422469649107037	undirected	NA	NA
2770	12567	0.204043343098936	undirected	NA	NA
2770	12724	0.328279872555378	undirected	NA	NA
2770	12802	0.341976696615183	undirected	NA	NA
2770	12803	0.425973817736561	undirected	NA	NA
2770	12974	0.250812124914125	undirected	NA	NA
2770	13104	0.31268248108315	undirected	NA	NA
2770	13211	0.296121055197269	undirected	NA	NA
2770	13357	0.260585607199953	undirected	NA	NA
2770	14035	0.421888820922468	undirected	NA	NA
2770	14180	0.312180345383809	undirected	NA	NA
2770	14213	0.237226307735646	undirected	NA	NA
2770	14277	0.41982414151718	undirected	NA	NA
2770	14284	0.342393133737268	undirected	NA	NA
2770	14752	0.232894291152019	undirected	NA	NA
2770	15022	0.176818013849394	undirected	NA	NA
2796	3131	0.152535478188975	undirected	NA	NA
2796	3591	0.276543436966932	undirected	NA	NA
2796	3899	0.188143078596145	undirected	NA	NA
2796	4501	0.195688231028042	undirected	NA	NA
2796	4781	0.283459713215053	undirected	NA	NA
2796	5758	0.24236748804357	undirected	NA	NA
2796	5834	0.189820466394273	undirected	NA	NA
2796	5915	0.179393602478151	undirected	NA	NA
2796	6119	0.238471849802518	undirected	NA	NA
2796	6387	0.20853093411144	undirected	NA	NA
2796	7274	0.278078401538861	undirected	NA	NA
2796	7311	0.170734207482282	undirected	NA	NA
2796	7503	0.285702472323474	undirected	NA	NA
2796	7901	0.13468592460497	undirected	NA	NA
2796	7978	0.279809519064508	undirected	NA	NA
2796	8359	0.139289502102541	undirected	NA	NA
2796	8467	0.187917640874328	undirected	NA	NA
2796	8577	0.1872685010661	undirected	NA	NA
2796	8624	0.169672170618208	undirected	NA	NA
2796	8909	0.0758891197093174	undirected	NA	NA
2796	8972	0.254996669909849	undirected	NA	NA
2796	9134	0.220479316418993	undirected	NA	NA
2796	9338	0.190536964360548	undirected	NA	NA
2796	9416	0.188414875374777	undirected	NA	NA
2796	9836	0.261975722905078	undirected	NA	NA
2796	9870	0.136340284879022	undirected	NA	NA
2796	10359	0.140354533197163	undirected	NA	NA
2796	11183	0.174506442064007	undirected	NA	NA
2796	11206	0.0823693701710417	undirected	NA	NA
2796	11273	0.0691438340247299	undirected	NA	NA
2796	12444	0.186024127323096	undirected	NA	NA
2796	12567	0.110211564550998	undirected	NA	NA
2796	12724	0.305924308599033	undirected	NA	NA
2796	12802	0.270700325192445	undirected	NA	NA
2796	12803	0.185940904575523	undirected	NA	NA
2796	12974	0.204857224044781	undirected	NA	NA
2796	13104	0.215784983177896	undirected	NA	NA
2796	13211	0.217082318666927	undirected	NA	NA
2796	13357	0.183904370465378	undirected	NA	NA
2796	14035	0.25495607793911	undirected	NA	NA
2796	14180	0.163769790618072	undirected	NA	NA
2796	14213	0.206192989991901	undirected	NA	NA
2796	14277	0.19031963729225	undirected	NA	NA
2796	14284	0.0515142103889899	undirected	NA	NA
2796	14752	0.19866277299565	undirected	NA	NA
2796	15022	0.07231865821062	undirected	NA	NA
3131	3591	0.170998431214192	undirected	NA	NA
3131	3899	0.41911338409552	undirected	NA	NA
3131	4501	0.319533802359951	undirected	NA	NA
3131	4781	0.151383926098174	undirected	NA	NA
3131	5758	0.317338147895323	undirected	NA	NA
3131	5834	0.423234657833871	undirected	NA	NA
3131	5915	0.12338947270872	undirected	NA	NA
3131	6119	0.364790363098295	undirected	NA	NA
3131	6387	0.369759639033893	undirected	NA	NA
3131	7274	0.362660466430901	undirected	NA	NA
3131	7311	0.437584287328896	undirected	NA	NA
3131	7503	0.269595018829283	undirected	NA	NA
3131	7901	0.362842441672889	undirected	NA	NA
3131	7978	0.175090665882224	undirected	NA	NA
3131	8359	0.0183198267727594	undirected	NA	NA
3131	8467	0.408103813015339	undirected	NA	NA
3131	8577	0.414970722493758	undirected	NA	NA
3131	8624	0.391726810694853	undirected	NA	NA
3131	8909	0.0335290578529945	undirected	NA	NA
3131	8972	0.382216936833413	undirected	NA	NA
3131	9134	0.207608979981524	undirected	NA	NA
3131	9338	0.405098209706331	undirected	NA	NA
3131	9416	0.415083572734619	undirected	NA	NA
3131	9836	0.39664122986335	undirected	NA	NA
3131	9870	0.359265004295171	undirected	NA	NA
3131	10359	0.358841299395029	undirected	NA	NA
3131	11183	0.19716572546449	undirected	NA	NA
3131	11206	0.500436185383336	undirected	NA	NA
3131	11273	0.0380221120452876	undirected	NA	NA
3131	12444	0.417497523800992	undirected	NA	NA
3131	12567	0.1859523878765	undirected	NA	NA
3131	12724	0.292966667676089	undirected	NA	NA
3131	12802	0.337065715612447	undirected	NA	NA
3131	12803	0.417069772528714	undirected	NA	NA
3131	12974	0.177494750870914	undirected	NA	NA
3131	13104	0.335394466665601	undirected	NA	NA
3131	13211	0.285925948994963	undirected	NA	NA
3131	13357	0.298496162464844	undirected	NA	NA
3131	14035	0.387268993477528	undirected	NA	NA
3131	14180	0.382002207428259	undirected	NA	NA
3131	14213	0.257925706656321	undirected	NA	NA
3131	14277	0.426600517789613	undirected	NA	NA
3131	14284	0.382000317655991	undirected	NA	NA
3131	14752	0.264668985719441	undirected	NA	NA
3131	15022	0.188557879384345	undirected	NA	NA
3591	3899	0.194416747546595	undirected	NA	NA
3591	4501	0.245627267892577	undirected	NA	NA
3591	4781	0.27753782435472	undirected	NA	NA
3591	5758	0.278061730092224	undirected	NA	NA
3591	5834	0.196406496111196	undirected	NA	NA
3591	5915	0.220244013961883	undirected	NA	NA
3591	6119	0.271899731824273	undirected	NA	NA
3591	6387	0.208510837098684	undirected	NA	NA
3591	7274	0.299273586817377	undirected	NA	NA
3591	7311	0.187827984689764	undirected	NA	NA
3591	7503	0.278542877044067	undirected	NA	NA
3591	7901	0.126727303723849	undirected	NA	NA
3591	7978	0.27879570268507	undirected	NA	NA
3591	8359	0.152013681636784	undirected	NA	NA
3591	8467	0.192559604068202	undirected	NA	NA
3591	8577	0.193591783880601	undirected	NA	NA
3591	8624	0.195104641741902	undirected	NA	NA
3591	8909	0.104803986431672	undirected	NA	NA
3591	8972	0.261033148829115	undirected	NA	NA
3591	9134	0.199114240573395	undirected	NA	NA
3591	9338	0.196038665296909	undirected	NA	NA
3591	9416	0.194106429748794	undirected	NA	NA
3591	9836	0.277367347551942	undirected	NA	NA
3591	9870	0.126782980130131	undirected	NA	NA
3591	10359	0.126235585429949	undirected	NA	NA
3591	11183	0.203276757463657	undirected	NA	NA
3591	11206	0.0850767493375696	undirected	NA	NA
3591	11273	0.102213466710751	undirected	NA	NA
3591	12444	0.191817010170409	undirected	NA	NA
3591	12567	0.126618114539301	undirected	NA	NA
3591	12724	0.334655293989947	undirected	NA	NA
3591	12802	0.314006043540674	undirected	NA	NA
3591	12803	0.192395648588494	undirected	NA	NA
3591	12974	0.195566325831821	undirected	NA	NA
3591	13104	0.258404661493182	undirected	NA	NA
3591	13211	0.239824118416646	undirected	NA	NA
3591	13357	0.222133241661395	undirected	NA	NA
3591	14035	0.28002109797406	undirected	NA	NA
3591	14180	0.197097273388347	undirected	NA	NA
3591	14213	0.248755832364989	undirected	NA	NA
3591	14277	0.196921485805073	undirected	NA	NA
3591	14284	0.0614420679988826	undirected	NA	NA
3591	14752	0.236451272839199	undirected	NA	NA
3591	15022	0.0672196598091935	undirected	NA	NA
3899	4501	0.293208033107535	undirected	NA	NA
3899	4781	0.203265294485398	undirected	NA	NA
3899	5758	0.309722272943515	undirected	NA	NA
3899	5834	0.419171543175307	undirected	NA	NA
3899	5915	0.123455977546604	undirected	NA	NA
3899	6119	0.365566456679505	undirected	NA	NA
3899	6387	0.359340469737307	undirected	NA	NA
3899	7274	0.373545900645377	undirected	NA	NA
3899	7311	0.430461558796575	undirected	NA	NA
3899	7503	0.299097277559418	undirected	NA	NA
3899	7901	0.407700162699336	undirected	NA	NA
3899	7978	0.231040896967691	undirected	NA	NA
3899	8359	0.0286664735447866	undirected	NA	NA
3899	8467	0.41263911713431	undirected	NA	NA
3899	8577	0.419193535565306	undirected	NA	NA
3899	8624	0.356953489281316	undirected	NA	NA
3899	8909	0.0340674927364687	undirected	NA	NA
3899	8972	0.390824965654115	undirected	NA	NA
3899	9134	0.257426803219652	undirected	NA	NA
3899	9338	0.398728364898002	undirected	NA	NA
3899	9416	0.415766437773109	undirected	NA	NA
3899	9836	0.380882704528858	undirected	NA	NA
3899	9870	0.40748334644756	undirected	NA	NA
3899	10359	0.410851244470609	undirected	NA	NA
3899	11183	0.225873354291749	undirected	NA	NA
3899	11206	0.473150913143888	undirected	NA	NA
3899	11273	0.0319758722812463	undirected	NA	NA
3899	12444	0.416601063121323	undirected	NA	NA
3899	12567	0.199695151636414	undirected	NA	NA
3899	12724	0.324130272083338	undirected	NA	NA
3899	12802	0.340229485314918	undirected	NA	NA
3899	12803	0.418596797881877	undirected	NA	NA
3899	12974	0.245046971215989	undirected	NA	NA
3899	13104	0.315381050628519	undirected	NA	NA
3899	13211	0.299926013961609	undirected	NA	NA
3899	13357	0.265379133140942	undirected	NA	NA
3899	14035	0.419015603842616	undirected	NA	NA
3899	14180	0.319015104341313	undirected	NA	NA
3899	14213	0.23623014033807	undirected	NA	NA
3899	14277	0.421699212037115	undirected	NA	NA
3899	14284	0.341919062860017	undirected	NA	NA
3899	14752	0.234503925340132	undirected	NA	NA
3899	15022	0.180451787249523	undirected	NA	NA
4501	4781	0.200025619135592	undirected	NA	NA
4501	5758	0.377457430562694	undirected	NA	NA
4501	5834	0.297298557330774	undirected	NA	NA
4501	5915	0.212954933547855	undirected	NA	NA
4501	6119	0.392830851133818	undirected	NA	NA
4501	6387	0.295270186215604	undirected	NA	NA
4501	7274	0.373769879014342	undirected	NA	NA
4501	7311	0.327819500697896	undirected	NA	NA
4501	7503	0.268481971156587	undirected	NA	NA
4501	7901	0.192569201851164	undirected	NA	NA
4501	7978	0.210525529719813	undirected	NA	NA
4501	8359	0.063028004253926	undirected	NA	NA
4501	8467	0.283119483836445	undirected	NA	NA
4501	8577	0.290612852069019	undirected	NA	NA
4501	8624	0.334202087966682	undirected	NA	NA
4501	8909	0.111159150606371	undirected	NA	NA
4501	8972	0.32535809902153	undirected	NA	NA
4501	9134	0.174906977204935	undirected	NA	NA
4501	9338	0.277751015214122	undirected	NA	NA
4501	9416	0.290053290393443	undirected	NA	NA
4501	9836	0.365709461174307	undirected	NA	NA
4501	9870	0.189034934507769	undirected	NA	NA
4501	10359	0.185117522561921	undirected	NA	NA
4501	11183	0.22463345118571	undirected	NA	NA
4501	11206	0.206154688273803	undirected	NA	NA
4501	11273	0.119342039691866	undirected	NA	NA
4501	12444	0.289358111826556	undirected	NA	NA
4501	12567	0.18724765285907	undirected	NA	NA
4501	12724	0.367116412008682	undirected	NA	NA
4501	12802	0.390243660137523	undirected	NA	NA
4501	12803	0.290829416066697	undirected	NA	NA
4501	12974	0.155287757881	undirected	NA	NA
4501	13104	0.348755337200456	undirected	NA	NA
4501	13211	0.29424847973083	undirected	NA	NA
4501	13357	0.351657888128448	undirected	NA	NA
4501	14035	0.346733573351444	undirected	NA	NA
4501	14180	0.356865965791232	undirected	NA	NA
4501	14213	0.297722718367508	undirected	NA	NA
4501	14277	0.299348270377052	undirected	NA	NA
4501	14284	0.153447653807682	undirected	NA	NA
4501	14752	0.327821250034152	undirected	NA	NA
4501	15022	0.0917693769183851	undirected	NA	NA
4781	5758	0.187315077955302	undirected	NA	NA
4781	5834	0.204561900443729	undirected	NA	NA
4781	5915	0.149913473285066	undirected	NA	NA
4781	6119	0.202777787144346	undirected	NA	NA
4781	6387	0.222601493045322	undirected	NA	NA
4781	7274	0.241460181344486	undirected	NA	NA
4781	7311	0.171706152327898	undirected	NA	NA
4781	7503	0.27810527715001	undirected	NA	NA
4781	7901	0.190762024387704	undirected	NA	NA
4781	7978	0.257403081451138	undirected	NA	NA
4781	8359	0.112521956857075	undirected	NA	NA
4781	8467	0.205258081010673	undirected	NA	NA
4781	8577	0.202195797920226	undirected	NA	NA
4781	8624	0.152615501749015	undirected	NA	NA
4781	8909	0.0635585436039675	undirected	NA	NA
4781	8972	0.25288499575398	undirected	NA	NA
4781	9134	0.255448068610624	undirected	NA	NA
4781	9338	0.22684583712534	undirected	NA	NA
4781	9416	0.203877759565403	undirected	NA	NA
4781	9836	0.242667944523364	undirected	NA	NA
4781	9870	0.195234964756906	undirected	NA	NA
4781	10359	0.209394684673633	undirected	NA	NA
4781	11183	0.218199473151837	undirected	NA	NA
4781	11206	0.136203770366706	undirected	NA	NA
4781	11273	0.0483265508768503	undirected	NA	NA
4781	12444	0.202404717633965	undirected	NA	NA
4781	12567	0.15324517260497	undirected	NA	NA
4781	12724	0.243480518102448	undirected	NA	NA
4781	12802	0.226096371660991	undirected	NA	NA
4781	12803	0.201312873323269	undirected	NA	NA
4781	12974	0.227785383478902	undirected	NA	NA
4781	13104	0.228899384790813	undirected	NA	NA
4781	13211	0.239978942227837	undirected	NA	NA
4781	13357	0.186396855194833	undirected	NA	NA
4781	14035	0.242077482325743	undirected	NA	NA
4781	14180	0.170260729669322	undirected	NA	NA
4781	14213	0.181989011406359	undirected	NA	NA
4781	14277	0.205327168842981	undirected	NA	NA
4781	14284	0.0838251964312985	undirected	NA	NA
4781	14752	0.191977162245311	undirected	NA	NA
4781	15022	0.0797929354958772	undirected	NA	NA
5758	5834	0.314386996492374	undirected	NA	NA
5758	5915	0.155993349637344	undirected	NA	NA
5758	6119	0.353913129907093	undirected	NA	NA
5758	6387	0.365955026019935	undirected	NA	NA
5758	7274	0.360246312694615	undirected	NA	NA
5758	7311	0.327764496726954	undirected	NA	NA
5758	7503	0.281809128579577	undirected	NA	NA
5758	7901	0.231170346753607	undirected	NA	NA
5758	7978	0.206605628537622	undirected	NA	NA
5758	8359	0.0405409450059016	undirected	NA	NA
5758	8467	0.299489105085881	undirected	NA	NA
5758	8577	0.305389624805898	undirected	NA	NA
5758	8624	0.356619813202204	undirected	NA	NA
5758	8909	0.0566718758898811	undirected	NA	NA
5758	8972	0.33456460266182	undirected	NA	NA
5758	9134	0.194484469979014	undirected	NA	NA
5758	9338	0.374714635958755	undirected	NA	NA
5758	9416	0.307040207536985	undirected	NA	NA
5758	9836	0.370057284781171	undirected	NA	NA
5758	9870	0.230983785994661	undirected	NA	NA
5758	10359	0.246669598845548	undirected	NA	NA
5758	11183	0.244362681913645	undirected	NA	NA
5758	11206	0.308007868241133	undirected	NA	NA
5758	11273	0.0600666771386647	undirected	NA	NA
5758	12444	0.306241916356208	undirected	NA	NA
5758	12567	0.218900349196571	undirected	NA	NA
5758	12724	0.324853612697731	undirected	NA	NA
5758	12802	0.3713433815865	undirected	NA	NA
5758	12803	0.305642703538517	undirected	NA	NA
5758	12974	0.166777181508277	undirected	NA	NA
5758	13104	0.392703174117871	undirected	NA	NA
5758	13211	0.298327168614491	undirected	NA	NA
5758	13357	0.337134049723746	undirected	NA	NA
5758	14035	0.357046444958326	undirected	NA	NA
5758	14180	0.371651251560797	undirected	NA	NA
5758	14213	0.356073065205784	undirected	NA	NA
5758	14277	0.317574777697642	undirected	NA	NA
5758	14284	0.217980306692761	undirected	NA	NA
5758	14752	0.368413388090137	undirected	NA	NA
5758	15022	0.143605902743261	undirected	NA	NA
5834	5915	0.123719259437293	undirected	NA	NA
5834	6119	0.36962877255091	undirected	NA	NA
5834	6387	0.360880914291023	undirected	NA	NA
5834	7274	0.377354279337839	undirected	NA	NA
5834	7311	0.434212219610151	undirected	NA	NA
5834	7503	0.298428860362	undirected	NA	NA
5834	7901	0.404939220791754	undirected	NA	NA
5834	7978	0.232345507318484	undirected	NA	NA
5834	8359	0.0283881476181801	undirected	NA	NA
5834	8467	0.413966985938389	undirected	NA	NA
5834	8577	0.421750631075595	undirected	NA	NA
5834	8624	0.362477928040895	undirected	NA	NA
5834	8909	0.0340549412497932	undirected	NA	NA
5834	8972	0.389786122173722	undirected	NA	NA
5834	9134	0.255885074024802	undirected	NA	NA
5834	9338	0.40272265176433	undirected	NA	NA
5834	9416	0.418357843312201	undirected	NA	NA
5834	9836	0.380811525001327	undirected	NA	NA
5834	9870	0.404772292182216	undirected	NA	NA
5834	10359	0.409015507818971	undirected	NA	NA
5834	11183	0.227557156446428	undirected	NA	NA
5834	11206	0.47680030250071	undirected	NA	NA
5834	11273	0.0321079607582873	undirected	NA	NA
5834	12444	0.417484191693301	undirected	NA	NA
5834	12567	0.201855805503097	undirected	NA	NA
5834	12724	0.327459917904283	undirected	NA	NA
5834	12802	0.344358597167258	undirected	NA	NA
5834	12803	0.421144998933674	undirected	NA	NA
5834	12974	0.24554611351662	undirected	NA	NA
5834	13104	0.319281261767208	undirected	NA	NA
5834	13211	0.301648613426606	undirected	NA	NA
5834	13357	0.268332672737683	undirected	NA	NA
5834	14035	0.422618658729681	undirected	NA	NA
5834	14180	0.322943515849373	undirected	NA	NA
5834	14213	0.240505220990121	undirected	NA	NA
5834	14277	0.420267216368559	undirected	NA	NA
5834	14284	0.344645200828821	undirected	NA	NA
5834	14752	0.2383811076436	undirected	NA	NA
5834	15022	0.182027829906294	undirected	NA	NA
5915	6119	0.182434051800727	undirected	NA	NA
5915	6387	0.0788023469817077	undirected	NA	NA
5915	7274	0.183864529076434	undirected	NA	NA
5915	7311	0.13330087560171	undirected	NA	NA
5915	7503	0.134768326941424	undirected	NA	NA
5915	7901	0.060139899321857	undirected	NA	NA
5915	7978	0.171874679625244	undirected	NA	NA
5915	8359	0.217038941659326	undirected	NA	NA
5915	8467	0.12248327634233	undirected	NA	NA
5915	8577	0.12500441262627	undirected	NA	NA
5915	8624	0.118770961160893	undirected	NA	NA
5915	8909	0.163636666250228	undirected	NA	NA
5915	8972	0.15391861786041	undirected	NA	NA
5915	9134	0.0921054534498405	undirected	NA	NA
5915	9338	0.0825858302403658	undirected	NA	NA
5915	9416	0.122844136102618	undirected	NA	NA
5915	9836	0.161467908197617	undirected	NA	NA
5915	9870	0.058224571607291	undirected	NA	NA
5915	10359	0.0485560314196532	undirected	NA	NA
5915	11183	0.165954178962395	undirected	NA	NA
5915	11206	0.0537889650418142	undirected	NA	NA
5915	11273	0.181953299900288	undirected	NA	NA
5915	12444	0.121723072333831	undirected	NA	NA
5915	12567	0.0746394857732379	undirected	NA	NA
5915	12724	0.211247729401316	undirected	NA	NA
5915	12802	0.225321564804067	undirected	NA	NA
5915	12803	0.12427565140457	undirected	NA	NA
5915	12974	0.138314867744957	undirected	NA	NA
5915	13104	0.276633016745091	undirected	NA	NA
5915	13211	0.326711348167174	undirected	NA	NA
5915	13357	0.271346606555953	undirected	NA	NA
5915	14035	0.223037029737362	undirected	NA	NA
5915	14180	0.272018319018018	undirected	NA	NA
5915	14213	0.13900746361046	undirected	NA	NA
5915	14277	0.122676108862922	undirected	NA	NA
5915	14284	0.0674971789146621	undirected	NA	NA
5915	14752	0.184261122951898	undirected	NA	NA
5915	15022	0.0195827809922086	undirected	NA	NA
6119	6387	0.364241251189514	undirected	NA	NA
6119	7274	0.375784749573805	undirected	NA	NA
6119	7311	0.374266604076285	undirected	NA	NA
6119	7503	0.299144741619262	undirected	NA	NA
6119	7901	0.302749175551928	undirected	NA	NA
6119	7978	0.228980127396432	undirected	NA	NA
6119	8359	0.0452133820343224	undirected	NA	NA
6119	8467	0.356999021385201	undirected	NA	NA
6119	8577	0.361938930126372	undirected	NA	NA
6119	8624	0.373830957833932	undirected	NA	NA
6119	8909	0.072188055234155	undirected	NA	NA
6119	8972	0.372841223349588	undirected	NA	NA
6119	9134	0.224330070216939	undirected	NA	NA
6119	9338	0.408627465383786	undirected	NA	NA
6119	9416	0.362678100568305	undirected	NA	NA
6119	9836	0.393049174071765	undirected	NA	NA
6119	9870	0.301028641851895	undirected	NA	NA
6119	10359	0.30664539528585	undirected	NA	NA
6119	11183	0.278505347469698	undirected	NA	NA
6119	11206	0.386034553093625	undirected	NA	NA
6119	11273	0.0724676393410551	undirected	NA	NA
6119	12444	0.363140734654684	undirected	NA	NA
6119	12567	0.247648854318856	undirected	NA	NA
6119	12724	0.345165024418697	undirected	NA	NA
6119	12802	0.391389414384444	undirected	NA	NA
6119	12803	0.362792542396314	undirected	NA	NA
6119	12974	0.204323330915356	undirected	NA	NA
6119	13104	0.411929428579801	undirected	NA	NA
6119	13211	0.346640130195019	undirected	NA	NA
6119	13357	0.372675291268955	undirected	NA	NA
6119	14035	0.404606472268598	undirected	NA	NA
6119	14180	0.410369239500276	undirected	NA	NA
6119	14213	0.330726901913113	undirected	NA	NA
6119	14277	0.372498496620838	undirected	NA	NA
6119	14284	0.281772004684322	undirected	NA	NA
6119	14752	0.356872912696495	undirected	NA	NA
6119	15022	0.154050109288312	undirected	NA	NA
6387	7274	0.378200723166936	undirected	NA	NA
6387	7311	0.373967734420935	undirected	NA	NA
6387	7503	0.283797516412546	undirected	NA	NA
6387	7901	0.238301994650953	undirected	NA	NA
6387	7978	0.235304968675694	undirected	NA	NA
6387	8359	0.0182493718886617	undirected	NA	NA
6387	8467	0.351150920845612	undirected	NA	NA
6387	8577	0.357679472869261	undirected	NA	NA
6387	8624	0.394012096263461	undirected	NA	NA
6387	8909	0.0233836466911546	undirected	NA	NA
6387	8972	0.353505643047605	undirected	NA	NA
6387	9134	0.196357443845297	undirected	NA	NA
6387	9338	0.328549028655037	undirected	NA	NA
6387	9416	0.358582458865077	undirected	NA	NA
6387	9836	0.381536920435482	undirected	NA	NA
6387	9870	0.241615441393757	undirected	NA	NA
6387	10359	0.284213848973185	undirected	NA	NA
6387	11183	0.220653250511012	undirected	NA	NA
6387	11206	0.334061968919635	undirected	NA	NA
6387	11273	0.0210401631624469	undirected	NA	NA
6387	12444	0.356309956971199	undirected	NA	NA
6387	12567	0.228263444401087	undirected	NA	NA
6387	12724	0.337822152005079	undirected	NA	NA
6387	12802	0.347577096913221	undirected	NA	NA
6387	12803	0.356737148876458	undirected	NA	NA
6387	12974	0.215803248809685	undirected	NA	NA
6387	13104	0.292823392710547	undirected	NA	NA
6387	13211	0.221159481186612	undirected	NA	NA
6387	13357	0.219772026732015	undirected	NA	NA
6387	14035	0.374101761720341	undirected	NA	NA
6387	14180	0.253740740945237	undirected	NA	NA
6387	14213	0.303889746674948	undirected	NA	NA
6387	14277	0.361302512994898	undirected	NA	NA
6387	14284	0.246901781428658	undirected	NA	NA
6387	14752	0.261247241592042	undirected	NA	NA
6387	15022	0.131234165133235	undirected	NA	NA
7274	7311	0.370067015324744	undirected	NA	NA
7274	7503	0.331204631816595	undirected	NA	NA
7274	7901	0.306879754508269	undirected	NA	NA
7274	7978	0.268190502823655	undirected	NA	NA
7274	8359	0.0582683975232401	undirected	NA	NA
7274	8467	0.366721706476417	undirected	NA	NA
7274	8577	0.369884225677703	undirected	NA	NA
7274	8624	0.372459711134848	undirected	NA	NA
7274	8909	0.058736684141081	undirected	NA	NA
7274	8972	0.392572612902088	undirected	NA	NA
7274	9134	0.255424619717428	undirected	NA	NA
7274	9338	0.443236393866248	undirected	NA	NA
7274	9416	0.371614450631431	undirected	NA	NA
7274	9836	0.406410003026827	undirected	NA	NA
7274	9870	0.307948897580444	undirected	NA	NA
7274	10359	0.319984421640376	undirected	NA	NA
7274	11183	0.271445089047095	undirected	NA	NA
7274	11206	0.385623908680805	undirected	NA	NA
7274	11273	0.0579768303510039	undirected	NA	NA
7274	12444	0.371084224125986	undirected	NA	NA
7274	12567	0.225148800670906	undirected	NA	NA
7274	12724	0.369020383758227	undirected	NA	NA
7274	12802	0.399612843141891	undirected	NA	NA
7274	12803	0.370065124909551	undirected	NA	NA
7274	12974	0.241077565507019	undirected	NA	NA
7274	13104	0.405938219269668	undirected	NA	NA
7274	13211	0.357083388605119	undirected	NA	NA
7274	13357	0.342674227545768	undirected	NA	NA
7274	14035	0.431578638137397	undirected	NA	NA
7274	14180	0.382017081353704	undirected	NA	NA
7274	14213	0.329838058332603	undirected	NA	NA
7274	14277	0.380025323417742	undirected	NA	NA
7274	14284	0.257864559213493	undirected	NA	NA
7274	14752	0.340134884547656	undirected	NA	NA
7274	15022	0.186806270362646	undirected	NA	NA
7311	7503	0.286415814521388	undirected	NA	NA
7311	7901	0.382572766922884	undirected	NA	NA
7311	7978	0.197890979019767	undirected	NA	NA
7311	8359	0.0229132054995633	undirected	NA	NA
7311	8467	0.421291020922434	undirected	NA	NA
7311	8577	0.426656123767482	undirected	NA	NA
7311	8624	0.394839298675127	undirected	NA	NA
7311	8909	0.0368277707190922	undirected	NA	NA
7311	8972	0.396835315056984	undirected	NA	NA
7311	9134	0.2265937404818	undirected	NA	NA
7311	9338	0.422712965978958	undirected	NA	NA
7311	9416	0.426894851418074	undirected	NA	NA
7311	9836	0.40470573453643	undirected	NA	NA
7311	9870	0.379646440053362	undirected	NA	NA
7311	10359	0.378585489977549	undirected	NA	NA
7311	11183	0.215283737173236	undirected	NA	NA
7311	11206	0.510072424943075	undirected	NA	NA
7311	11273	0.0397944778463404	undirected	NA	NA
7311	12444	0.429236555035359	undirected	NA	NA
7311	12567	0.197652137278868	undirected	NA	NA
7311	12724	0.314695381283601	undirected	NA	NA
7311	12802	0.35343400892044	undirected	NA	NA
7311	12803	0.428603237155682	undirected	NA	NA
7311	12974	0.202449814856614	undirected	NA	NA
7311	13104	0.347483785286008	undirected	NA	NA
7311	13211	0.306543332321043	undirected	NA	NA
7311	13357	0.305881854030061	undirected	NA	NA
7311	14035	0.413140249031067	undirected	NA	NA
7311	14180	0.382957400004215	undirected	NA	NA
7311	14213	0.263648891620557	undirected	NA	NA
7311	14277	0.437331940259558	undirected	NA	NA
7311	14284	0.380463169528699	undirected	NA	NA
7311	14752	0.270067552980696	undirected	NA	NA
7311	15022	0.194347781180515	undirected	NA	NA
7503	7901	0.256370697053151	undirected	NA	NA
7503	7978	0.298212775704524	undirected	NA	NA
7503	8359	0.0676216835593392	undirected	NA	NA
7503	8467	0.298508361079497	undirected	NA	NA
7503	8577	0.300488013748644	undirected	NA	NA
7503	8624	0.266309813600989	undirected	NA	NA
7503	8909	0.0478368661215419	undirected	NA	NA
7503	8972	0.316306970557843	undirected	NA	NA
7503	9134	0.253127949898008	undirected	NA	NA
7503	9338	0.321980252512159	undirected	NA	NA
7503	9416	0.300066931017057	undirected	NA	NA
7503	9836	0.319747380989877	undirected	NA	NA
7503	9870	0.261662908639609	undirected	NA	NA
7503	10359	0.286080127316012	undirected	NA	NA
7503	11183	0.256718560751178	undirected	NA	NA
7503	11206	0.261571098868689	undirected	NA	NA
7503	11273	0.0376569784950198	undirected	NA	NA
7503	12444	0.297173723707404	undirected	NA	NA
7503	12567	0.206478398850825	undirected	NA	NA
7503	12724	0.325855144421349	undirected	NA	NA
7503	12802	0.315876729277669	undirected	NA	NA
7503	12803	0.298643472758626	undirected	NA	NA
7503	12974	0.279113981647809	undirected	NA	NA
7503	13104	0.293224006303185	undirected	NA	NA
7503	13211	0.280138073395086	undirected	NA	NA
7503	13357	0.231488993654515	undirected	NA	NA
7503	14035	0.355965194923394	undirected	NA	NA
7503	14180	0.236712097752938	undirected	NA	NA
7503	14213	0.245129930302449	undirected	NA	NA
7503	14277	0.296707320378987	undirected	NA	NA
7503	14284	0.171727884029575	undirected	NA	NA
7503	14752	0.239840905222739	undirected	NA	NA
7503	15022	0.123424970669658	undirected	NA	NA
7901	7978	0.212634322773098	undirected	NA	NA
7901	8359	0.0151140311820587	undirected	NA	NA
7901	8467	0.410796019702416	undirected	NA	NA
7901	8577	0.410954571911685	undirected	NA	NA
7901	8624	0.261437370883557	undirected	NA	NA
7901	8909	0.0217171175184232	undirected	NA	NA
7901	8972	0.349772108175433	undirected	NA	NA
7901	9134	0.22672247905437	undirected	NA	NA
7901	9338	0.238831002660177	undirected	NA	NA
7901	9416	0.407698770912422	undirected	NA	NA
7901	9836	0.325273918908042	undirected	NA	NA
7901	9870	0.354776010512678	undirected	NA	NA
7901	10359	0.369917331793197	undirected	NA	NA
7901	11183	0.209222717810623	undirected	NA	NA
7901	11206	0.359199165350118	undirected	NA	NA
7901	11273	0.0140118775323881	undirected	NA	NA
7901	12444	0.409716355204294	undirected	NA	NA
7901	12567	0.209948523780068	undirected	NA	NA
7901	12724	0.260681943002302	undirected	NA	NA
7901	12802	0.246588920320001	undirected	NA	NA
7901	12803	0.411683282553396	undirected	NA	NA
7901	12974	0.256380871903984	undirected	NA	NA
7901	13104	0.192733371167665	undirected	NA	NA
7901	13211	0.196663920219261	undirected	NA	NA
7901	13357	0.158697764609554	undirected	NA	NA
7901	14035	0.326672493447199	undirected	NA	NA
7901	14180	0.175522308178525	undirected	NA	NA
7901	14213	0.148880806857428	undirected	NA	NA
7901	14277	0.402634218393372	undirected	NA	NA
7901	14284	0.310724242038159	undirected	NA	NA
7901	14752	0.137005613373788	undirected	NA	NA
7901	15022	0.0938242681531731	undirected	NA	NA
7978	8359	0.122352067843518	undirected	NA	NA
7978	8467	0.233120230446993	undirected	NA	NA
7978	8577	0.230125011934905	undirected	NA	NA
7978	8624	0.161114955851563	undirected	NA	NA
7978	8909	0.0757850768356866	undirected	NA	NA
7978	8972	0.280947640200365	undirected	NA	NA
7978	9134	0.27134477802813	undirected	NA	NA
7978	9338	0.238551206884963	undirected	NA	NA
7978	9416	0.231549418604657	undirected	NA	NA
7978	9836	0.269389416855545	undirected	NA	NA
7978	9870	0.216340993742526	undirected	NA	NA
7978	10359	0.225496483037739	undirected	NA	NA
7978	11183	0.227324096310554	undirected	NA	NA
7978	11206	0.149602097518033	undirected	NA	NA
7978	11273	0.0587039813785733	undirected	NA	NA
7978	12444	0.230148768010287	undirected	NA	NA
7978	12567	0.158523874305025	undirected	NA	NA
7978	12724	0.269045613623332	undirected	NA	NA
7978	12802	0.23320352136497	undirected	NA	NA
7978	12803	0.229264808722302	undirected	NA	NA
7978	12974	0.229536522480212	undirected	NA	NA
7978	13104	0.241736355700782	undirected	NA	NA
7978	13211	0.260880558000523	undirected	NA	NA
7978	13357	0.204530803590567	undirected	NA	NA
7978	14035	0.251668894339162	undirected	NA	NA
7978	14180	0.187508976052087	undirected	NA	NA
7978	14213	0.18305642902915	undirected	NA	NA
7978	14277	0.233028281304105	undirected	NA	NA
7978	14284	0.0932850355280795	undirected	NA	NA
7978	14752	0.199050541446372	undirected	NA	NA
7978	15022	0.0823973487540287	undirected	NA	NA
8359	8467	0.0302844787740996	undirected	NA	NA
8359	8577	0.0295126453345823	undirected	NA	NA
8359	8624	0.01972142769775	undirected	NA	NA
8359	8909	0.0764907584829251	undirected	NA	NA
8359	8972	0.0504377890864592	undirected	NA	NA
8359	9134	0.0582203330063289	undirected	NA	NA
8359	9338	0.0294138434600943	undirected	NA	NA
8359	9416	0.0290682497899958	undirected	NA	NA
8359	9836	0.046154601711464	undirected	NA	NA
8359	9870	0.0150758400090165	undirected	NA	NA
8359	10359	0.0121101472280827	undirected	NA	NA
8359	11183	0.0828277747722036	undirected	NA	NA
8359	11206	0.00723581289049166	undirected	NA	NA
8359	11273	0.0761715119527035	undirected	NA	NA
8359	12444	0.0283495389125722	undirected	NA	NA
8359	12567	0.0248920358658772	undirected	NA	NA
8359	12724	0.0846393086414315	undirected	NA	NA
8359	12802	0.0732018811551245	undirected	NA	NA
8359	12803	0.028961012782807	undirected	NA	NA
8359	12974	0.097941940396429	undirected	NA	NA
8359	13104	0.100366035370745	undirected	NA	NA
8359	13211	0.1754128219221	undirected	NA	NA
8359	13357	0.100840750584978	undirected	NA	NA
8359	14035	0.0750362774072999	undirected	NA	NA
8359	14180	0.0816289683626291	undirected	NA	NA
8359	14213	0.043536670417023	undirected	NA	NA
8359	14277	0.0277922083432477	undirected	NA	NA
8359	14284	0.00650770759951636	undirected	NA	NA
8359	14752	0.0613845318818006	undirected	NA	NA
8359	15022	0.00379279214989862	undirected	NA	NA
8467	8577	0.415510599729388	undirected	NA	NA
8467	8624	0.342314883387922	undirected	NA	NA
8467	8909	0.0346318767220431	undirected	NA	NA
8467	8972	0.386731379721656	undirected	NA	NA
8467	9134	0.26155168128618	undirected	NA	NA
8467	9338	0.386364865617036	undirected	NA	NA
8467	9416	0.41206868998813	undirected	NA	NA
8467	9836	0.373372797154858	undirected	NA	NA
8467	9870	0.410812023492099	undirected	NA	NA
8467	10359	0.41337492214532	undirected	NA	NA
8467	11183	0.225752228355196	undirected	NA	NA
8467	11206	0.458888611121357	undirected	NA	NA
8467	11273	0.0315470019244803	undirected	NA	NA
8467	12444	0.411943498226201	undirected	NA	NA
8467	12567	0.198004309747011	undirected	NA	NA
8467	12724	0.319168714404619	undirected	NA	NA
8467	12802	0.331418132244438	undirected	NA	NA
8467	12803	0.414910573286654	undirected	NA	NA
8467	12974	0.249473563104914	undirected	NA	NA
8467	13104	0.305376022272269	undirected	NA	NA
8467	13211	0.296035436295136	undirected	NA	NA
8467	13357	0.256844080554368	undirected	NA	NA
8467	14035	0.411817740934275	undirected	NA	NA
8467	14180	0.305368969881665	undirected	NA	NA
8467	14213	0.226413326229667	undirected	NA	NA
8467	14277	0.416321708715966	undirected	NA	NA
8467	14284	0.331802436107182	undirected	NA	NA
8467	14752	0.224987932024582	undirected	NA	NA
8467	15022	0.17277845521371	undirected	NA	NA
8577	8624	0.351479803588446	undirected	NA	NA
8577	8909	0.034895295360227	undirected	NA	NA
8577	8972	0.39297765429135	undirected	NA	NA
8577	9134	0.25941072879113	undirected	NA	NA
8577	9338	0.395648276112362	undirected	NA	NA
8577	9416	0.417009306061421	undirected	NA	NA
8577	9836	0.382096718405581	undirected	NA	NA
8577	9870	0.410575481550765	undirected	NA	NA
8577	10359	0.412435857732112	undirected	NA	NA
8577	11183	0.225438146429027	undirected	NA	NA
8577	11206	0.469765405000079	undirected	NA	NA
8577	11273	0.0326244454183892	undirected	NA	NA
8577	12444	0.419327200886304	undirected	NA	NA
8577	12567	0.198381547526222	undirected	NA	NA
8577	12724	0.32132861440846	undirected	NA	NA
8577	12802	0.336996913420483	undirected	NA	NA
8577	12803	0.417977160110746	undirected	NA	NA
8577	12974	0.244785784903413	undirected	NA	NA
8577	13104	0.31319089901285	undirected	NA	NA
8577	13211	0.30015731310449	undirected	NA	NA
8577	13357	0.264590277274996	undirected	NA	NA
8577	14035	0.416004209491942	undirected	NA	NA
8577	14180	0.317151057655263	undirected	NA	NA
8577	14213	0.232731096660799	undirected	NA	NA
8577	14277	0.424211283462656	undirected	NA	NA
8577	14284	0.339540370259924	undirected	NA	NA
8577	14752	0.232077855252831	undirected	NA	NA
8577	15022	0.17864766841687	undirected	NA	NA
8624	8909	0.0320623482680953	undirected	NA	NA
8624	8972	0.35346175930267	undirected	NA	NA
8624	9134	0.180590266615357	undirected	NA	NA
8624	9338	0.385870573689918	undirected	NA	NA
8624	9416	0.353011433145083	undirected	NA	NA
8624	9836	0.394771996647828	undirected	NA	NA
8624	9870	0.260187079847704	undirected	NA	NA
8624	10359	0.275567096943319	undirected	NA	NA
8624	11183	0.183175893135401	undirected	NA	NA
8624	11206	0.386715219180347	undirected	NA	NA
8624	11273	0.038459377936978	undirected	NA	NA
8624	12444	0.353071942249009	undirected	NA	NA
8624	12567	0.172945324316082	undirected	NA	NA
8624	12724	0.307268857011405	undirected	NA	NA
8624	12802	0.337623993448266	undirected	NA	NA
8624	12803	0.352479002187323	undirected	NA	NA
8624	12974	0.139806807652974	undirected	NA	NA
8624	13104	0.346990403624535	undirected	NA	NA
8624	13211	0.259153303939413	undirected	NA	NA
8624	13357	0.295770053651675	undirected	NA	NA
8624	14035	0.345793734523434	undirected	NA	NA
8624	14180	0.372274560269669	undirected	NA	NA
8624	14213	0.307244370436212	undirected	NA	NA
8624	14277	0.366488059276111	undirected	NA	NA
8624	14284	0.280968191043037	undirected	NA	NA
8624	14752	0.306286875839517	undirected	NA	NA
8624	15022	0.178738548001726	undirected	NA	NA
8909	8972	0.048077050117835	undirected	NA	NA
8909	9134	0.036956272218109	undirected	NA	NA
8909	9338	0.0188568247585463	undirected	NA	NA
8909	9416	0.0338010189172582	undirected	NA	NA
8909	9836	0.0483906869822487	undirected	NA	NA
8909	9870	0.020330241253491	undirected	NA	NA
8909	10359	0.0152657239460315	undirected	NA	NA
8909	11183	0.140321863762447	undirected	NA	NA
8909	11206	0.0109960617037903	undirected	NA	NA
8909	11273	0.280967709150171	undirected	NA	NA
8909	12444	0.0337600885575013	undirected	NA	NA
8909	12567	0.0769063923845133	undirected	NA	NA
8909	12724	0.0851442660710579	undirected	NA	NA
8909	12802	0.0913907617403597	undirected	NA	NA
8909	12803	0.0348077281242472	undirected	NA	NA
8909	12974	0.0604602922272462	undirected	NA	NA
8909	13104	0.119064729786521	undirected	NA	NA
8909	13211	0.150122666614475	undirected	NA	NA
8909	13357	0.164284732605281	undirected	NA	NA
8909	14035	0.0719603895572031	undirected	NA	NA
8909	14180	0.105213170454944	undirected	NA	NA
8909	14213	0.0549049891934254	undirected	NA	NA
8909	14277	0.0336488430767084	undirected	NA	NA
8909	14284	0.0198577616219439	undirected	NA	NA
8909	14752	0.0931269821232092	undirected	NA	NA
8909	15022	0.00158056038963533	undirected	NA	NA
8972	9134	0.269750013187128	undirected	NA	NA
8972	9338	0.415017823110813	undirected	NA	NA
8972	9416	0.390767833517112	undirected	NA	NA
8972	9836	0.385695672966654	undirected	NA	NA
8972	9870	0.352027045536894	undirected	NA	NA
8972	10359	0.364956069304802	undirected	NA	NA
8972	11183	0.265196272812785	undirected	NA	NA
8972	11206	0.408277356951226	undirected	NA	NA
8972	11273	0.0429874059265536	undirected	NA	NA
8972	12444	0.388451877747498	undirected	NA	NA
8972	12567	0.22247858900102	undirected	NA	NA
8972	12724	0.361543861159617	undirected	NA	NA
8972	12802	0.372575642423924	undirected	NA	NA
8972	12803	0.391523954986615	undirected	NA	NA
8972	12974	0.275951698384809	undirected	NA	NA
8972	13104	0.353794694074457	undirected	NA	NA
8972	13211	0.333700424580647	undirected	NA	NA
8972	13357	0.29269799523876	undirected	NA	NA
8972	14035	0.435230992070657	undirected	NA	NA
8972	14180	0.328081509315621	undirected	NA	NA
8972	14213	0.276531630784981	undirected	NA	NA
8972	14277	0.387372790032019	undirected	NA	NA
8972	14284	0.278937180120928	undirected	NA	NA
8972	14752	0.276921623799659	undirected	NA	NA
8972	15022	0.173730658692815	undirected	NA	NA
9134	9338	0.217130552600826	undirected	NA	NA
9134	9416	0.25905424821231	undirected	NA	NA
9134	9836	0.252775131848677	undirected	NA	NA
9134	9870	0.233257270082256	undirected	NA	NA
9134	10359	0.256573672212765	undirected	NA	NA
9134	11183	0.213831071116463	undirected	NA	NA
9134	11206	0.196044251003508	undirected	NA	NA
9134	11273	0.0233423361249914	undirected	NA	NA
9134	12444	0.257327530164945	undirected	NA	NA
9134	12567	0.17064653087091	undirected	NA	NA
9134	12724	0.250187084529068	undirected	NA	NA
9134	12802	0.222885730371545	undirected	NA	NA
9134	12803	0.258024701487036	undirected	NA	NA
9134	12974	0.283620648027474	undirected	NA	NA
9134	13104	0.190760817290758	undirected	NA	NA
9134	13211	0.206635950480538	undirected	NA	NA
9134	13357	0.149333089455715	undirected	NA	NA
9134	14035	0.272083825072561	undirected	NA	NA
9134	14180	0.145854592884357	undirected	NA	NA
9134	14213	0.150893645800607	undirected	NA	NA
9134	14277	0.254062191363328	undirected	NA	NA
9134	14284	0.135585838051536	undirected	NA	NA
9134	14752	0.144377091268237	undirected	NA	NA
9134	15022	0.0778763261012338	undirected	NA	NA
9338	9416	0.396110277703831	undirected	NA	NA
9338	9836	0.449261105929859	undirected	NA	NA
9338	9870	0.237027080956997	undirected	NA	NA
9338	10359	0.228507115391026	undirected	NA	NA
9338	11183	0.153224243236005	undirected	NA	NA
9338	11206	0.168966612541261	undirected	NA	NA
9338	11273	0.0235217423959151	undirected	NA	NA
9338	12444	0.393844091365541	undirected	NA	NA
9338	12567	0.101779921190687	undirected	NA	NA
9338	12724	0.384542143269433	undirected	NA	NA
9338	12802	0.388945227057151	undirected	NA	NA
9338	12803	0.39497622830445	undirected	NA	NA
9338	12974	0.199203831786213	undirected	NA	NA
9338	13104	0.304991070648753	undirected	NA	NA
9338	13211	0.178361140295529	undirected	NA	NA
9338	13357	0.187540998596066	undirected	NA	NA
9338	14035	0.428995758150834	undirected	NA	NA
9338	14180	0.254266121088628	undirected	NA	NA
9338	14213	0.258620774735414	undirected	NA	NA
9338	14277	0.404371765562403	undirected	NA	NA
9338	14284	0.194104188502884	undirected	NA	NA
9338	14752	0.228241724549442	undirected	NA	NA
9338	15022	0.213797669092531	undirected	NA	NA
9416	9836	0.38019974277364	undirected	NA	NA
9416	9870	0.407653965528916	undirected	NA	NA
9416	10359	0.411283282735341	undirected	NA	NA
9416	11183	0.224796263996481	undirected	NA	NA
9416	11206	0.468337754131547	undirected	NA	NA
9416	11273	0.0315479528587305	undirected	NA	NA
9416	12444	0.41585701611844	undirected	NA	NA
9416	12567	0.197989086684043	undirected	NA	NA
9416	12724	0.322709407691897	undirected	NA	NA
9416	12802	0.33772166450635	undirected	NA	NA
9416	12803	0.416383147418269	undirected	NA	NA
9416	12974	0.245734452529463	undirected	NA	NA
9416	13104	0.312486111893622	undirected	NA	NA
9416	13211	0.298382090751134	undirected	NA	NA
9416	13357	0.262323852253333	undirected	NA	NA
9416	14035	0.416827111245308	undirected	NA	NA
9416	14180	0.31484771741659	undirected	NA	NA
9416	14213	0.233820257719171	undirected	NA	NA
9416	14277	0.420853659763711	undirected	NA	NA
9416	14284	0.337278963488182	undirected	NA	NA
9416	14752	0.23180719615408	undirected	NA	NA
9416	15022	0.179665073803821	undirected	NA	NA
9836	9870	0.326809766755146	undirected	NA	NA
9836	10359	0.342346187843959	undirected	NA	NA
9836	11183	0.265685832181893	undirected	NA	NA
9836	11206	0.422950526485141	undirected	NA	NA
9836	11273	0.0472917601802437	undirected	NA	NA
9836	12444	0.377384595972329	undirected	NA	NA
9836	12567	0.227393013958997	undirected	NA	NA
9836	12724	0.375558455717628	undirected	NA	NA
9836	12802	0.402614706221351	undirected	NA	NA
9836	12803	0.380570075524686	undirected	NA	NA
9836	12974	0.250722486897576	undirected	NA	NA
9836	13104	0.393788949975876	undirected	NA	NA
9836	13211	0.344811664174336	undirected	NA	NA
9836	13357	0.326373618763278	undirected	NA	NA
9836	14035	0.447803400406188	undirected	NA	NA
9836	14180	0.373777976724778	undirected	NA	NA
9836	14213	0.322775667637016	undirected	NA	NA
9836	14277	0.383109619453189	undirected	NA	NA
9836	14284	0.287239255419503	undirected	NA	NA
9836	14752	0.32331303464967	undirected	NA	NA
9836	15022	0.193197181745442	undirected	NA	NA
9870	10359	0.362146879136169	undirected	NA	NA
9870	11183	0.206514095037689	undirected	NA	NA
9870	11206	0.353351884791972	undirected	NA	NA
9870	11273	0.0129434475302872	undirected	NA	NA
9870	12444	0.409479485245523	undirected	NA	NA
9870	12567	0.206464688510462	undirected	NA	NA
9870	12724	0.261446676697767	undirected	NA	NA
9870	12802	0.245187965930447	undirected	NA	NA
9870	12803	0.411190403097862	undirected	NA	NA
9870	12974	0.26046645176305	undirected	NA	NA
9870	13104	0.189526881349843	undirected	NA	NA
9870	13211	0.193525304812151	undirected	NA	NA
9870	13357	0.154019991247783	undirected	NA	NA
9870	14035	0.325919390165683	undirected	NA	NA
9870	14180	0.170627902808601	undirected	NA	NA
9870	14213	0.147930571549148	undirected	NA	NA
9870	14277	0.402545996384306	undirected	NA	NA
9870	14284	0.302412902226606	undirected	NA	NA
9870	14752	0.134337592526645	undirected	NA	NA
9870	15022	0.0933874868848576	undirected	NA	NA
10359	11183	0.199468042226382	undirected	NA	NA
10359	11206	0.33233962639143	undirected	NA	NA
10359	11273	0.00965867456835112	undirected	NA	NA
10359	12444	0.412470853337222	undirected	NA	NA
10359	12567	0.208361848862379	undirected	NA	NA
10359	12724	0.270112702793686	undirected	NA	NA
10359	12802	0.248147364758148	undirected	NA	NA
10359	12803	0.412816431623715	undirected	NA	NA
10359	12974	0.263904419807181	undirected	NA	NA
10359	13104	0.181890744343379	undirected	NA	NA
10359	13211	0.17542913671167	undirected	NA	NA
10359	13357	0.140225807004237	undirected	NA	NA
10359	14035	0.323890579286081	undirected	NA	NA
10359	14180	0.156684462201501	undirected	NA	NA
10359	14213	0.157122374413471	undirected	NA	NA
10359	14277	0.407750477567387	undirected	NA	NA
10359	14284	0.281870020619124	undirected	NA	NA
10359	14752	0.133261371604381	undirected	NA	NA
10359	15022	0.0901993818488339	undirected	NA	NA
11183	11206	0.107729558499631	undirected	NA	NA
11183	11273	0.117252091833184	undirected	NA	NA
11183	12444	0.22495506873935	undirected	NA	NA
11183	12567	0.197300747465026	undirected	NA	NA
11183	12724	0.291746943805866	undirected	NA	NA
11183	12802	0.273626166446315	undirected	NA	NA
11183	12803	0.225593598265264	undirected	NA	NA
11183	12974	0.183785481274246	undirected	NA	NA
11183	13104	0.21928961460444	undirected	NA	NA
11183	13211	0.218358674939125	undirected	NA	NA
11183	13357	0.230987571962122	undirected	NA	NA
11183	14035	0.249720318704034	undirected	NA	NA
11183	14180	0.188023015288136	undirected	NA	NA
11183	14213	0.182732125332385	undirected	NA	NA
11183	14277	0.228348664669231	undirected	NA	NA
11183	14284	0.0859278449666147	undirected	NA	NA
11183	14752	0.202082191378764	undirected	NA	NA
11183	15022	0.0413835708058325	undirected	NA	NA
11206	11273	0.0143691977790967	undirected	NA	NA
11206	12444	0.470957668503156	undirected	NA	NA
11206	12567	0.0875290584540971	undirected	NA	NA
11206	12724	0.28938609738182	undirected	NA	NA
11206	12802	0.299001478138199	undirected	NA	NA
11206	12803	0.472026378153605	undirected	NA	NA
11206	12974	0.154942488540978	undirected	NA	NA
11206	13104	0.207985809903496	undirected	NA	NA
11206	13211	0.115246918040603	undirected	NA	NA
11206	13357	0.132439644272679	undirected	NA	NA
11206	14035	0.369160884125263	undirected	NA	NA
11206	14180	0.204466184394574	undirected	NA	NA
11206	14213	0.168834771283896	undirected	NA	NA
11206	14277	0.479297411275416	undirected	NA	NA
11206	14284	0.311073908830819	undirected	NA	NA
11206	14752	0.142746282173188	undirected	NA	NA
11206	15022	0.139483159866537	undirected	NA	NA
11273	12444	0.0314332858943747	undirected	NA	NA
11273	12567	0.0613777626278549	undirected	NA	NA
11273	12724	0.0797740484179696	undirected	NA	NA
11273	12802	0.0942523620430858	undirected	NA	NA
11273	12803	0.0325446989709178	undirected	NA	NA
11273	12974	0.0420001358515132	undirected	NA	NA
11273	13104	0.13377812367323	undirected	NA	NA
11273	13211	0.16007937308717	undirected	NA	NA
11273	13357	0.18445259190092	undirected	NA	NA
11273	14035	0.0735967836617175	undirected	NA	NA
11273	14180	0.132202120915155	undirected	NA	NA
11273	14213	0.0624369354535089	undirected	NA	NA
11273	14277	0.0317707593847099	undirected	NA	NA
11273	14284	0.0250153714174432	undirected	NA	NA
11273	14752	0.105387973262456	undirected	NA	NA
11273	15022	0.00200746217264693	undirected	NA	NA
12444	12567	0.199157528723557	undirected	NA	NA
12444	12724	0.321638901516189	undirected	NA	NA
12444	12802	0.336720055589425	undirected	NA	NA
12444	12803	0.418770986918242	undirected	NA	NA
12444	12974	0.245396047511506	undirected	NA	NA
12444	13104	0.311081125538591	undirected	NA	NA
12444	13211	0.297205838173756	undirected	NA	NA
12444	13357	0.261843105845413	undirected	NA	NA
12444	14035	0.416283460452114	undirected	NA	NA
12444	14180	0.314343368318229	undirected	NA	NA
12444	14213	0.23232137788146	undirected	NA	NA
12444	14277	0.419972540352918	undirected	NA	NA
12444	14284	0.341670092102367	undirected	NA	NA
12444	14752	0.23050905830625	undirected	NA	NA
12444	15022	0.17767186479883	undirected	NA	NA
12567	12724	0.233729158252766	undirected	NA	NA
12567	12802	0.224004979584073	undirected	NA	NA
12567	12803	0.199269765425216	undirected	NA	NA
12567	12974	0.126996907047446	undirected	NA	NA
12567	13104	0.157020787573047	undirected	NA	NA
12567	13211	0.129353339800765	undirected	NA	NA
12567	13357	0.162439114135184	undirected	NA	NA
12567	14035	0.194820631735078	undirected	NA	NA
12567	14180	0.131645923433951	undirected	NA	NA
12567	14213	0.157487409786826	undirected	NA	NA
12567	14277	0.203460598665338	undirected	NA	NA
12567	14284	0.0861625081590947	undirected	NA	NA
12567	14752	0.155035762915851	undirected	NA	NA
12567	15022	0.0291868055279865	undirected	NA	NA
12724	12802	0.374006552189329	undirected	NA	NA
12724	12803	0.321080735526898	undirected	NA	NA
12724	12974	0.22856976034481	undirected	NA	NA
12724	13104	0.398800022259304	undirected	NA	NA
12724	13211	0.356270302645145	undirected	NA	NA
12724	13357	0.348240424741834	undirected	NA	NA
12724	14035	0.380478170252218	undirected	NA	NA
12724	14180	0.355339939040698	undirected	NA	NA
12724	14213	0.323173575524496	undirected	NA	NA
12724	14277	0.329526024005669	undirected	NA	NA
12724	14284	0.193029306476139	undirected	NA	NA
12724	14752	0.350195198892868	undirected	NA	NA
12724	15022	0.140804001808891	undirected	NA	NA
12802	12803	0.336990328210172	undirected	NA	NA
12802	12974	0.18426625714135	undirected	NA	NA
12802	13104	0.420443856077301	undirected	NA	NA
12802	13211	0.359230148111218	undirected	NA	NA
12802	13357	0.384887715392041	undirected	NA	NA
12802	14035	0.363537599347307	undirected	NA	NA
12802	14180	0.404572722598087	undirected	NA	NA
12802	14213	0.337397640332297	undirected	NA	NA
12802	14277	0.346737756567101	undirected	NA	NA
12802	14284	0.206216968629071	undirected	NA	NA
12802	14752	0.37841186601466	undirected	NA	NA
12802	15022	0.14407641004936	undirected	NA	NA
12803	12974	0.24438766938848	undirected	NA	NA
12803	13104	0.312942997007568	undirected	NA	NA
12803	13211	0.299589493513927	undirected	NA	NA
12803	13357	0.264746811987232	undirected	NA	NA
12803	14035	0.416133498047196	undirected	NA	NA
12803	14180	0.317562992595477	undirected	NA	NA
12803	14213	0.232526595486735	undirected	NA	NA
12803	14277	0.423613178355218	undirected	NA	NA
12803	14284	0.342678717384484	undirected	NA	NA
12803	14752	0.231916388605959	undirected	NA	NA
12803	15022	0.177859213195252	undirected	NA	NA
12974	13104	0.18087946180868	undirected	NA	NA
12974	13211	0.220460540865645	undirected	NA	NA
12974	13357	0.155064934132435	undirected	NA	NA
12974	14035	0.221417377322504	undirected	NA	NA
12974	14180	0.146959666124661	undirected	NA	NA
12974	14213	0.124003108756668	undirected	NA	NA
12974	14277	0.24590378711569	undirected	NA	NA
12974	14284	0.100961710155653	undirected	NA	NA
12974	14752	0.133281229094634	undirected	NA	NA
12974	15022	0.0715565729655829	undirected	NA	NA
13104	13211	0.329774110968923	undirected	NA	NA
13104	13357	0.357405531127225	undirected	NA	NA
13104	14035	0.388003872592676	undirected	NA	NA
13104	14180	0.370750354742924	undirected	NA	NA
13104	14213	0.311711707434679	undirected	NA	NA
13104	14277	0.32086325911774	undirected	NA	NA
13104	14284	0.158325661082978	undirected	NA	NA
13104	14752	0.315826539978543	undirected	NA	NA
13104	15022	0.115535137935136	undirected	NA	NA
13211	13357	0.257283795148919	undirected	NA	NA
13211	14035	0.369919035884637	undirected	NA	NA
13211	14180	0.281114421982745	undirected	NA	NA
13211	14213	0.223236889346175	undirected	NA	NA
13211	14277	0.301513581336735	undirected	NA	NA
13211	14284	0.142341123112775	undirected	NA	NA
13211	14752	0.241749439734168	undirected	NA	NA
13211	15022	0.0696772004318393	undirected	NA	NA
13357	14035	0.345960687690533	undirected	NA	NA
13357	14180	0.311260237021403	undirected	NA	NA
13357	14213	0.271666544963374	undirected	NA	NA
13357	14277	0.26912171789653	undirected	NA	NA
13357	14284	0.162384569279803	undirected	NA	NA
13357	14752	0.297924103545649	undirected	NA	NA
13357	15022	0.0598522538049326	undirected	NA	NA
14035	14180	0.385833952550019	undirected	NA	NA
14035	14213	0.286720179050564	undirected	NA	NA
14035	14277	0.42477210995485	undirected	NA	NA
14035	14284	0.24293137545354	undirected	NA	NA
14035	14752	0.31266010184124	undirected	NA	NA
14035	15022	0.19095253756274	undirected	NA	NA
14180	14213	0.283573160990287	undirected	NA	NA
14180	14277	0.32430889631531	undirected	NA	NA
14180	14284	0.221351277847998	undirected	NA	NA
14180	14752	0.296628994783635	undirected	NA	NA
14180	15022	0.114280242177173	undirected	NA	NA
14213	14277	0.243025676198549	undirected	NA	NA
14213	14284	0.119038694901865	undirected	NA	NA
14213	14752	0.322708880016003	undirected	NA	NA
14213	15022	0.0944840203581508	undirected	NA	NA
14277	14284	0.347023859003224	undirected	NA	NA
14277	14752	0.240214869050863	undirected	NA	NA
14277	15022	0.182531454912323	undirected	NA	NA
14284	14752	0.11924007355071	undirected	NA	NA
14284	15022	0.0999948307524684	undirected	NA	NA
14752	15022	0.0743447242284256	undirected	NA	NA
