fromNode	toNode	weight	direction	fromAltName	toAltName
772	877	0.305951422366622	undirected	NA	NA
772	1001	0.145245393763346	undirected	NA	NA
772	1043	0.39309393597358	undirected	NA	NA
772	1436	0.324279668379337	undirected	NA	NA
772	1754	0.146725827102162	undirected	NA	NA
772	2681	0.00798400683730458	undirected	NA	NA
772	3081	0.376365544500066	undirected	NA	NA
772	4059	0.247042610245662	undirected	NA	NA
772	4618	0.0897601864261934	undirected	NA	NA
772	5160	0.395402674277767	undirected	NA	NA
772	5187	0.35844924229574	undirected	NA	NA
772	5322	0.0176898805312534	undirected	NA	NA
772	5651	0.397046238200461	undirected	NA	NA
772	5724	0.208597921492344	undirected	NA	NA
772	6268	0.245824816097479	undirected	NA	NA
772	7190	0.227374585250555	undirected	NA	NA
772	7209	0.268575097858604	undirected	NA	NA
772	7470	0.33360167294175	undirected	NA	NA
772	7829	0.00419880626000054	undirected	NA	NA
772	7871	0.0749499599811951	undirected	NA	NA
772	7919	0.242924390804549	undirected	NA	NA
772	9126	0.338251212862154	undirected	NA	NA
772	9333	0.138629892984877	undirected	NA	NA
772	9471	0.000355360602693215	undirected	NA	NA
772	9505	0.399691780762135	undirected	NA	NA
772	9750	0.000161938508689634	undirected	NA	NA
772	9875	0.0759819569282112	undirected	NA	NA
772	9998	0.397824608298811	undirected	NA	NA
772	10215	0.266219992754951	undirected	NA	NA
772	10783	0.364300036312164	undirected	NA	NA
772	10846	0.22986922941589	undirected	NA	NA
772	12478	0.301707099536478	undirected	NA	NA
772	13200	0.346028442942846	undirected	NA	NA
772	13486	0.299486861495741	undirected	NA	NA
772	13680	0.387243818487108	undirected	NA	NA
772	14327	0.293702668613127	undirected	NA	NA
772	14405	0.210896313066696	undirected	NA	NA
772	14826	0.0598565303515812	undirected	NA	NA
772	14874	0.288082299446863	undirected	NA	NA
772	14990	0.00191396541379822	undirected	NA	NA
772	15350	0.150629680479635	undirected	NA	NA
772	15423	0.0102753891303979	undirected	NA	NA
877	1001	0.081296946491607	undirected	NA	NA
877	1043	0.296945666587421	undirected	NA	NA
877	1436	0.218119469686674	undirected	NA	NA
877	1754	0.106123520311064	undirected	NA	NA
877	2681	0.00287569060785046	undirected	NA	NA
877	3081	0.297532733113066	undirected	NA	NA
877	4059	0.257122827289145	undirected	NA	NA
877	4618	0.0913556862680446	undirected	NA	NA
877	5160	0.332495130493726	undirected	NA	NA
877	5187	0.273848659037935	undirected	NA	NA
877	5322	0.0347687582787127	undirected	NA	NA
877	5651	0.344159079082143	undirected	NA	NA
877	5724	0.183293206589894	undirected	NA	NA
877	6268	0.182880278480043	undirected	NA	NA
877	7190	0.239696305042808	undirected	NA	NA
877	7209	0.165763119022439	undirected	NA	NA
877	7470	0.232342519017591	undirected	NA	NA
877	7829	0.0147793120665179	undirected	NA	NA
877	7871	0.092309210912012	undirected	NA	NA
877	7919	0.291571508064865	undirected	NA	NA
877	9126	0.225884937682142	undirected	NA	NA
877	9333	0.159113029029443	undirected	NA	NA
877	9471	0.000255846683549216	undirected	NA	NA
877	9505	0.308130402923737	undirected	NA	NA
877	9750	0.000122792588843535	undirected	NA	NA
877	9875	0.0767555033485351	undirected	NA	NA
877	9998	0.310181336687072	undirected	NA	NA
877	10215	0.318136043064315	undirected	NA	NA
877	10783	0.282764003853915	undirected	NA	NA
877	10846	0.163161839540669	undirected	NA	NA
877	12478	0.348488848755811	undirected	NA	NA
877	13200	0.241216724581327	undirected	NA	NA
877	13486	0.271499790077285	undirected	NA	NA
877	13680	0.304310877224387	undirected	NA	NA
877	14327	0.261150466252081	undirected	NA	NA
877	14405	0.126220802492926	undirected	NA	NA
877	14826	0.105427358933765	undirected	NA	NA
877	14874	0.241205350106245	undirected	NA	NA
877	14990	0.0010598893959636	undirected	NA	NA
877	15350	0.203683251250907	undirected	NA	NA
877	15423	0.00442319741394207	undirected	NA	NA
1001	1043	0.224813657020566	undirected	NA	NA
1001	1436	0.201048157153832	undirected	NA	NA
1001	1754	0.208884031909684	undirected	NA	NA
1001	2681	0.0655056946666154	undirected	NA	NA
1001	3081	0.219202594142117	undirected	NA	NA
1001	4059	0.0331422202537614	undirected	NA	NA
1001	4618	0.0290866175889854	undirected	NA	NA
1001	5160	0.21488747167571	undirected	NA	NA
1001	5187	0.174956270549293	undirected	NA	NA
1001	5322	0.000157831704006906	undirected	NA	NA
1001	5651	0.213471699237676	undirected	NA	NA
1001	5724	0.0361573249441946	undirected	NA	NA
1001	6268	0.194889103444688	undirected	NA	NA
1001	7190	0.0887201238483643	undirected	NA	NA
1001	7209	0.116364595589256	undirected	NA	NA
1001	7470	0.229582339213373	undirected	NA	NA
1001	7829	5.21452942163619e-05	undirected	NA	NA
1001	7871	0.0428106279810459	undirected	NA	NA
1001	7919	0.0982401830203623	undirected	NA	NA
1001	9126	0.218431016514029	undirected	NA	NA
1001	9333	0.0528724804597467	undirected	NA	NA
1001	9471	0.00155285172371576	undirected	NA	NA
1001	9505	0.22288962782788	undirected	NA	NA
1001	9750	0.000604189309961677	undirected	NA	NA
1001	9875	0.0398695029490499	undirected	NA	NA
1001	9998	0.220380971162298	undirected	NA	NA
1001	10215	0.137040273286019	undirected	NA	NA
1001	10783	0.212835955902345	undirected	NA	NA
1001	10846	0.127849001402712	undirected	NA	NA
1001	12478	0.122734855152125	undirected	NA	NA
1001	13200	0.225386520495278	undirected	NA	NA
1001	13486	0.181053211239307	undirected	NA	NA
1001	13680	0.224026392557561	undirected	NA	NA
1001	14327	0.070183072744801	undirected	NA	NA
1001	14405	0.118994488390453	undirected	NA	NA
1001	14826	0.0105352199760699	undirected	NA	NA
1001	14874	0.19526561695303	undirected	NA	NA
1001	14990	0.00331136733014751	undirected	NA	NA
1001	15350	0.0191939499970959	undirected	NA	NA
1001	15423	0.0151620831498528	undirected	NA	NA
1043	1436	0.51217168463376	undirected	NA	NA
1043	1754	0.251567260055642	undirected	NA	NA
1043	2681	0.0361518026118927	undirected	NA	NA
1043	3081	0.622485458771148	undirected	NA	NA
1043	4059	0.14879245254786	undirected	NA	NA
1043	4618	0.0542901455616296	undirected	NA	NA
1043	5160	0.623893017252829	undirected	NA	NA
1043	5187	0.458014085606021	undirected	NA	NA
1043	5322	0.00375971495850115	undirected	NA	NA
1043	5651	0.595766615295039	undirected	NA	NA
1043	5724	0.136680647865137	undirected	NA	NA
1043	6268	0.589380886007621	undirected	NA	NA
1043	7190	0.332066698589476	undirected	NA	NA
1043	7209	0.312843288873491	undirected	NA	NA
1043	7470	0.60649756993319	undirected	NA	NA
1043	7829	0.00125651132894007	undirected	NA	NA
1043	7871	0.134177201118324	undirected	NA	NA
1043	7919	0.193959993594826	undirected	NA	NA
1043	9126	0.54897720506425	undirected	NA	NA
1043	9333	0.261475614586805	undirected	NA	NA
1043	9471	0.00169464527859438	undirected	NA	NA
1043	9505	0.608322469409694	undirected	NA	NA
1043	9750	0.00141039660481955	undirected	NA	NA
1043	9875	0.166439197598973	undirected	NA	NA
1043	9998	0.61865408688691	undirected	NA	NA
1043	10215	0.290727909029598	undirected	NA	NA
1043	10783	0.648192946353198	undirected	NA	NA
1043	10846	0.232000743837286	undirected	NA	NA
1043	12478	0.411917054865378	undirected	NA	NA
1043	13200	0.59839356349808	undirected	NA	NA
1043	13486	0.379933767398589	undirected	NA	NA
1043	13680	0.617841027436658	undirected	NA	NA
1043	14327	0.224744246502857	undirected	NA	NA
1043	14405	0.289038054997072	undirected	NA	NA
1043	14826	0.0719004985855176	undirected	NA	NA
1043	14874	0.674841990078928	undirected	NA	NA
1043	14990	0.0072459799276902	undirected	NA	NA
1043	15350	0.096429874831332	undirected	NA	NA
1043	15423	0.0379739672235486	undirected	NA	NA
1436	1754	0.20507044764987	undirected	NA	NA
1436	2681	0.0355564739566425	undirected	NA	NA
1436	3081	0.521288806835057	undirected	NA	NA
1436	4059	0.116121169413427	undirected	NA	NA
1436	4618	0.0329049765504037	undirected	NA	NA
1436	5160	0.5155959271757	undirected	NA	NA
1436	5187	0.389417295333763	undirected	NA	NA
1436	5322	0.00265503232614358	undirected	NA	NA
1436	5651	0.490069116188467	undirected	NA	NA
1436	5724	0.117847067999591	undirected	NA	NA
1436	6268	0.467948752622127	undirected	NA	NA
1436	7190	0.235105107446108	undirected	NA	NA
1436	7209	0.29089790621342	undirected	NA	NA
1436	7470	0.518178594197748	undirected	NA	NA
1436	7829	0.000686594114512659	undirected	NA	NA
1436	7871	0.0853384546648746	undirected	NA	NA
1436	7919	0.152829482706108	undirected	NA	NA
1436	9126	0.472322720953393	undirected	NA	NA
1436	9333	0.191607698071653	undirected	NA	NA
1436	9471	0.00140324661527408	undirected	NA	NA
1436	9505	0.508157799454876	undirected	NA	NA
1436	9750	0.00179750019683015	undirected	NA	NA
1436	9875	0.1157388686037	undirected	NA	NA
1436	9998	0.519722269674937	undirected	NA	NA
1436	10215	0.223470878033132	undirected	NA	NA
1436	10783	0.546529905148103	undirected	NA	NA
1436	10846	0.207096291821468	undirected	NA	NA
1436	12478	0.309544610755908	undirected	NA	NA
1436	13200	0.513861638741554	undirected	NA	NA
1436	13486	0.309978767956832	undirected	NA	NA
1436	13680	0.516389922479048	undirected	NA	NA
1436	14327	0.164315690418929	undirected	NA	NA
1436	14405	0.277829619135389	undirected	NA	NA
1436	14826	0.051624878561721	undirected	NA	NA
1436	14874	0.559918588522669	undirected	NA	NA
1436	14990	0.00746651879367672	undirected	NA	NA
1436	15350	0.0554115737362059	undirected	NA	NA
1436	15423	0.0426415563088708	undirected	NA	NA
1754	2681	0.0569904769213536	undirected	NA	NA
1754	3081	0.238130693472163	undirected	NA	NA
1754	4059	0.0418104807325175	undirected	NA	NA
1754	4618	0.0437022421074984	undirected	NA	NA
1754	5160	0.239095514717668	undirected	NA	NA
1754	5187	0.236493728347823	undirected	NA	NA
1754	5322	0.000416087610987243	undirected	NA	NA
1754	5651	0.239103146469039	undirected	NA	NA
1754	5724	0.0383713039220477	undirected	NA	NA
1754	6268	0.239839054977661	undirected	NA	NA
1754	7190	0.136391109043117	undirected	NA	NA
1754	7209	0.172476203668957	undirected	NA	NA
1754	7470	0.230217104225137	undirected	NA	NA
1754	7829	0.000205797506624513	undirected	NA	NA
1754	7871	0.0838332195917604	undirected	NA	NA
1754	7919	0.0894760060607262	undirected	NA	NA
1754	9126	0.234484377846053	undirected	NA	NA
1754	9333	0.0850504545134124	undirected	NA	NA
1754	9471	0.00176961926896491	undirected	NA	NA
1754	9505	0.252178107351992	undirected	NA	NA
1754	9750	0.000481518603411945	undirected	NA	NA
1754	9875	0.0771543538363124	undirected	NA	NA
1754	9998	0.245387690684244	undirected	NA	NA
1754	10215	0.138732231169291	undirected	NA	NA
1754	10783	0.225720495556661	undirected	NA	NA
1754	10846	0.174757961693527	undirected	NA	NA
1754	12478	0.156791132845302	undirected	NA	NA
1754	13200	0.233378517732094	undirected	NA	NA
1754	13486	0.174748352130631	undirected	NA	NA
1754	13680	0.249190358892726	undirected	NA	NA
1754	14327	0.0893715951109796	undirected	NA	NA
1754	14405	0.156742330237707	undirected	NA	NA
1754	14826	0.0171185741514399	undirected	NA	NA
1754	14874	0.224109435412343	undirected	NA	NA
1754	14990	0.00304272692919317	undirected	NA	NA
1754	15350	0.0421425207711808	undirected	NA	NA
1754	15423	0.0129084243863252	undirected	NA	NA
2681	3081	0.0318148588624389	undirected	NA	NA
2681	4059	0.000699938472879349	undirected	NA	NA
2681	4618	0.000568998889274285	undirected	NA	NA
2681	5160	0.0293124724462421	undirected	NA	NA
2681	5187	0.0258172349450102	undirected	NA	NA
2681	5322	5.77266253290406e-07	undirected	NA	NA
2681	5651	0.0278405206115757	undirected	NA	NA
2681	5724	0.000881216164377982	undirected	NA	NA
2681	6268	0.0302334350132719	undirected	NA	NA
2681	7190	0.00555070908514101	undirected	NA	NA
2681	7209	0.020617804880284	undirected	NA	NA
2681	7470	0.0459205402845969	undirected	NA	NA
2681	7829	1.947527549466e-07	undirected	NA	NA
2681	7871	0.00596718610772965	undirected	NA	NA
2681	7919	0.00427181396064535	undirected	NA	NA
2681	9126	0.0452298829700418	undirected	NA	NA
2681	9333	0.00177005351994851	undirected	NA	NA
2681	9471	0.0180147650808865	undirected	NA	NA
2681	9505	0.0343395407504373	undirected	NA	NA
2681	9750	0.0220094653311211	undirected	NA	NA
2681	9875	0.00450182185783118	undirected	NA	NA
2681	9998	0.0328647884478203	undirected	NA	NA
2681	10215	0.00812450895883244	undirected	NA	NA
2681	10783	0.0299794827697769	undirected	NA	NA
2681	10846	0.0152863460308049	undirected	NA	NA
2681	12478	0.00727733036830913	undirected	NA	NA
2681	13200	0.0427643773385766	undirected	NA	NA
2681	13486	0.0143026847580255	undirected	NA	NA
2681	13680	0.0343499365974323	undirected	NA	NA
2681	14327	0.00162733014996613	undirected	NA	NA
2681	14405	0.0238967395663959	undirected	NA	NA
2681	14826	0.000221644000381113	undirected	NA	NA
2681	14874	0.0221882627257434	undirected	NA	NA
2681	14990	0.0296403340345296	undirected	NA	NA
2681	15350	0.000432893364336814	undirected	NA	NA
2681	15423	0.0738859677443202	undirected	NA	NA
3081	4059	0.149556807154555	undirected	NA	NA
3081	4618	0.05196884903153	undirected	NA	NA
3081	5160	0.605782188346145	undirected	NA	NA
3081	5187	0.463169087305224	undirected	NA	NA
3081	5322	0.0046433066827311	undirected	NA	NA
3081	5651	0.585980874637106	undirected	NA	NA
3081	5724	0.131833561949354	undirected	NA	NA
3081	6268	0.577699840132443	undirected	NA	NA
3081	7190	0.336267374630974	undirected	NA	NA
3081	7209	0.307105615216247	undirected	NA	NA
3081	7470	0.583085451951362	undirected	NA	NA
3081	7829	0.00168441361165095	undirected	NA	NA
3081	7871	0.137228777715991	undirected	NA	NA
3081	7919	0.187842999926296	undirected	NA	NA
3081	9126	0.558459842579636	undirected	NA	NA
3081	9333	0.271988591642417	undirected	NA	NA
3081	9471	0.00229827091295499	undirected	NA	NA
3081	9505	0.624822753687854	undirected	NA	NA
3081	9750	0.00237495709114881	undirected	NA	NA
3081	9875	0.169651377627787	undirected	NA	NA
3081	9998	0.619201625026168	undirected	NA	NA
3081	10215	0.283225988875153	undirected	NA	NA
3081	10783	0.628234100146081	undirected	NA	NA
3081	10846	0.22800147641934	undirected	NA	NA
3081	12478	0.409802698802734	undirected	NA	NA
3081	13200	0.581549085597466	undirected	NA	NA
3081	13486	0.360469213816076	undirected	NA	NA
3081	13680	0.615798807469827	undirected	NA	NA
3081	14327	0.215941877063973	undirected	NA	NA
3081	14405	0.287618354896259	undirected	NA	NA
3081	14826	0.0820696285461807	undirected	NA	NA
3081	14874	0.660544079166128	undirected	NA	NA
3081	14990	0.00852413917963622	undirected	NA	NA
3081	15350	0.099995306237331	undirected	NA	NA
3081	15423	0.0375530456025598	undirected	NA	NA
4059	4618	0.039910657786962	undirected	NA	NA
4059	5160	0.171123592012676	undirected	NA	NA
4059	5187	0.141899017991541	undirected	NA	NA
4059	5322	0.0555465403798345	undirected	NA	NA
4059	5651	0.176876016333295	undirected	NA	NA
4059	5724	0.245326956393752	undirected	NA	NA
4059	6268	0.0786852508277536	undirected	NA	NA
4059	7190	0.114726746810889	undirected	NA	NA
4059	7209	0.0965557067651433	undirected	NA	NA
4059	7470	0.110232464099078	undirected	NA	NA
4059	7829	0.0312633733365076	undirected	NA	NA
4059	7871	0.025452858911519	undirected	NA	NA
4059	7919	0.208372089974054	undirected	NA	NA
4059	9126	0.109403156937761	undirected	NA	NA
4059	9333	0.0669603810563703	undirected	NA	NA
4059	9471	6.11621251719291e-05	undirected	NA	NA
4059	9505	0.156031984184428	undirected	NA	NA
4059	9750	0.000101837767933663	undirected	NA	NA
4059	9875	0.0202450323699528	undirected	NA	NA
4059	9998	0.159878929411628	undirected	NA	NA
4059	10215	0.180491802657402	undirected	NA	NA
4059	10783	0.150363037170862	undirected	NA	NA
4059	10846	0.084042239172584	undirected	NA	NA
4059	12478	0.219312262702143	undirected	NA	NA
4059	13200	0.11678820138126	undirected	NA	NA
4059	13486	0.15304354972335	undirected	NA	NA
4059	13680	0.150167312670671	undirected	NA	NA
4059	14327	0.170987033073148	undirected	NA	NA
4059	14405	0.0687453550081038	undirected	NA	NA
4059	14826	0.088656783952136	undirected	NA	NA
4059	14874	0.130466486941876	undirected	NA	NA
4059	14990	0.000447791372085132	undirected	NA	NA
4059	15350	0.0795630502762838	undirected	NA	NA
4059	15423	0.00152371361027382	undirected	NA	NA
4618	5160	0.0665960317103139	undirected	NA	NA
4618	5187	0.0749331588731151	undirected	NA	NA
4618	5322	0.00287569172436382	undirected	NA	NA
4618	5651	0.0741048641063174	undirected	NA	NA
4618	5724	0.0262187765605826	undirected	NA	NA
4618	6268	0.0400413695849491	undirected	NA	NA
4618	7190	0.0867993225650698	undirected	NA	NA
4618	7209	0.047120645083774	undirected	NA	NA
4618	7470	0.037608765550329	undirected	NA	NA
4618	7829	0.00243124152677405	undirected	NA	NA
4618	7871	0.0599648829442799	undirected	NA	NA
4618	7919	0.112215785164653	undirected	NA	NA
4618	9126	0.035848172282912	undirected	NA	NA
4618	9333	0.0280203543072274	undirected	NA	NA
4618	9471	3.35283928791276e-05	undirected	NA	NA
4618	9505	0.0576237282684883	undirected	NA	NA
4618	9750	3.09447875843995e-06	undirected	NA	NA
4618	9875	0.0310861514997886	undirected	NA	NA
4618	9998	0.0578916924200056	undirected	NA	NA
4618	10215	0.134147177641152	undirected	NA	NA
4618	10783	0.0459105170417461	undirected	NA	NA
4618	10846	0.0766094012612841	undirected	NA	NA
4618	12478	0.109177889236746	undirected	NA	NA
4618	13200	0.0371557189486267	undirected	NA	NA
4618	13486	0.111027715024912	undirected	NA	NA
4618	13680	0.0564207150598921	undirected	NA	NA
4618	14327	0.117627626367572	undirected	NA	NA
4618	14405	0.0261165583751177	undirected	NA	NA
4618	14826	0.00907456093975276	undirected	NA	NA
4618	14874	0.036074371140003	undirected	NA	NA
4618	14990	6.83864385967288e-05	undirected	NA	NA
4618	15350	0.13891130622073	undirected	NA	NA
4618	15423	0.000263558291070568	undirected	NA	NA
5160	5187	0.466455899528764	undirected	NA	NA
5160	5322	0.00604108254421301	undirected	NA	NA
5160	5651	0.594982680499931	undirected	NA	NA
5160	5724	0.14625222549161	undirected	NA	NA
5160	6268	0.585802462484341	undirected	NA	NA
5160	7190	0.368926164813829	undirected	NA	NA
5160	7209	0.305058941537528	undirected	NA	NA
5160	7470	0.57692924505842	undirected	NA	NA
5160	7829	0.00220275510258691	undirected	NA	NA
5160	7871	0.154953073696417	undirected	NA	NA
5160	7919	0.203339600542049	undirected	NA	NA
5160	9126	0.552948677298527	undirected	NA	NA
5160	9333	0.289521636170648	undirected	NA	NA
5160	9471	0.00165623520562964	undirected	NA	NA
5160	9505	0.627289906029405	undirected	NA	NA
5160	9750	0.00121483709741988	undirected	NA	NA
5160	9875	0.183658939352325	undirected	NA	NA
5160	9998	0.622271333125401	undirected	NA	NA
5160	10215	0.303413862496697	undirected	NA	NA
5160	10783	0.625388636104096	undirected	NA	NA
5160	10846	0.229603806870302	undirected	NA	NA
5160	12478	0.441192203358146	undirected	NA	NA
5160	13200	0.577842303014886	undirected	NA	NA
5160	13486	0.376466584966699	undirected	NA	NA
5160	13680	0.618983065825153	undirected	NA	NA
5160	14327	0.252148931017264	undirected	NA	NA
5160	14405	0.27828496182547	undirected	NA	NA
5160	14826	0.0891321546579911	undirected	NA	NA
5160	14874	0.659802496851731	undirected	NA	NA
5160	14990	0.00673094324867024	undirected	NA	NA
5160	15350	0.128503147442691	undirected	NA	NA
5160	15423	0.0329355392205474	undirected	NA	NA
5187	5322	0.00352139509097686	undirected	NA	NA
5187	5651	0.458171355232394	undirected	NA	NA
5187	5724	0.131103035505344	undirected	NA	NA
5187	6268	0.40502771610991	undirected	NA	NA
5187	7190	0.250919216024072	undirected	NA	NA
5187	7209	0.237021046790893	undirected	NA	NA
5187	7470	0.444935270600297	undirected	NA	NA
5187	7829	0.000996229813091378	undirected	NA	NA
5187	7871	0.0919545694429909	undirected	NA	NA
5187	7919	0.235134699168439	undirected	NA	NA
5187	9126	0.399467252731056	undirected	NA	NA
5187	9333	0.160045876327406	undirected	NA	NA
5187	9471	0.00147929200039378	undirected	NA	NA
5187	9505	0.458500156229563	undirected	NA	NA
5187	9750	0.000745816842649952	undirected	NA	NA
5187	9875	0.0985400402401693	undirected	NA	NA
5187	9998	0.463773452755981	undirected	NA	NA
5187	10215	0.305760243320364	undirected	NA	NA
5187	10783	0.467534779994429	undirected	NA	NA
5187	10846	0.228248885714	undirected	NA	NA
5187	12478	0.343189462528838	undirected	NA	NA
5187	13200	0.442838755750515	undirected	NA	NA
5187	13486	0.35686205077492	undirected	NA	NA
5187	13680	0.463558765382442	undirected	NA	NA
5187	14327	0.230200457182172	undirected	NA	NA
5187	14405	0.222983595567668	undirected	NA	NA
5187	14826	0.0428835494298821	undirected	NA	NA
5187	14874	0.460918290842503	undirected	NA	NA
5187	14990	0.00521468695939886	undirected	NA	NA
5187	15350	0.0882485015311218	undirected	NA	NA
5187	15423	0.0217227347464403	undirected	NA	NA
5322	5651	0.00637632123589447	undirected	NA	NA
5322	5724	0.0367557912720136	undirected	NA	NA
5322	6268	0.00226391465110754	undirected	NA	NA
5322	7190	0.0104430266694622	undirected	NA	NA
5322	7209	0.00202909030852038	undirected	NA	NA
5322	7470	0.00177547309270938	undirected	NA	NA
5322	7829	0.371608789244967	undirected	NA	NA
5322	7871	0.00196363785264472	undirected	NA	NA
5322	7919	0.0142403902133617	undirected	NA	NA
5322	9126	0.00169293629679517	undirected	NA	NA
5322	9333	0.0240304193687662	undirected	NA	NA
5322	9471	1.65597250248254e-06	undirected	NA	NA
5322	9505	0.00429407903902918	undirected	NA	NA
5322	9750	1.70868118707578e-06	undirected	NA	NA
5322	9875	0.00254469689021772	undirected	NA	NA
5322	9998	0.00476347485259904	undirected	NA	NA
5322	10215	0.00900708251932564	undirected	NA	NA
5322	10783	0.0053529592051291	undirected	NA	NA
5322	10846	0.0015490693541811	undirected	NA	NA
5322	12478	0.0189410967396384	undirected	NA	NA
5322	13200	0.00213430156643547	undirected	NA	NA
5322	13486	0.00513973754251356	undirected	NA	NA
5322	13680	0.00411145504219356	undirected	NA	NA
5322	14327	0.0152590631138142	undirected	NA	NA
5322	14405	0.00116442225828968	undirected	NA	NA
5322	14826	0.0614898563257207	undirected	NA	NA
5322	14874	0.0074298998036161	undirected	NA	NA
5322	14990	1.21576060955699e-05	undirected	NA	NA
5322	15350	0.0161418039118618	undirected	NA	NA
5322	15423	1.16131396371447e-05	undirected	NA	NA
5651	5724	0.148113888055905	undirected	NA	NA
5651	6268	0.570233223932457	undirected	NA	NA
5651	7190	0.374039058965783	undirected	NA	NA
5651	7209	0.301262377521145	undirected	NA	NA
5651	7470	0.55823012670881	undirected	NA	NA
5651	7829	0.00233814967416789	undirected	NA	NA
5651	7871	0.157199538442312	undirected	NA	NA
5651	7919	0.213765611336897	undirected	NA	NA
5651	9126	0.526491561639553	undirected	NA	NA
5651	9333	0.283576823151237	undirected	NA	NA
5651	9471	0.00173376046066498	undirected	NA	NA
5651	9505	0.599797353954527	undirected	NA	NA
5651	9750	0.00112483743073447	undirected	NA	NA
5651	9875	0.179979769119772	undirected	NA	NA
5651	9998	0.594471103621621	undirected	NA	NA
5651	10215	0.313816030722429	undirected	NA	NA
5651	10783	0.605801978205688	undirected	NA	NA
5651	10846	0.236256377748841	undirected	NA	NA
5651	12478	0.447427608924143	undirected	NA	NA
5651	13200	0.550253623973617	undirected	NA	NA
5651	13486	0.378822610919855	undirected	NA	NA
5651	13680	0.591786053931615	undirected	NA	NA
5651	14327	0.263671260265249	undirected	NA	NA
5651	14405	0.273747489789368	undirected	NA	NA
5651	14826	0.0872268595628573	undirected	NA	NA
5651	14874	0.637255980443016	undirected	NA	NA
5651	14990	0.00648570161795327	undirected	NA	NA
5651	15350	0.138161192481367	undirected	NA	NA
5651	15423	0.0304267090191958	undirected	NA	NA
5724	6268	0.0636806488443477	undirected	NA	NA
5724	7190	0.0688205760540121	undirected	NA	NA
5724	7209	0.110266238669211	undirected	NA	NA
5724	7470	0.106802602397468	undirected	NA	NA
5724	7829	0.0102509765858949	undirected	NA	NA
5724	7871	0.0133817802511712	undirected	NA	NA
5724	7919	0.15865616535859	undirected	NA	NA
5724	9126	0.109607724587968	undirected	NA	NA
5724	9333	0.0430410388647254	undirected	NA	NA
5724	9471	5.31837180693588e-05	undirected	NA	NA
5724	9505	0.141343569922957	undirected	NA	NA
5724	9750	7.91390854691883e-05	undirected	NA	NA
5724	9875	0.014094261905987	undirected	NA	NA
5724	9998	0.144203177662637	undirected	NA	NA
5724	10215	0.129151437109513	undirected	NA	NA
5724	10783	0.13566959151516	undirected	NA	NA
5724	10846	0.0831616279253377	undirected	NA	NA
5724	12478	0.148317409855624	undirected	NA	NA
5724	13200	0.11297828267158	undirected	NA	NA
5724	13486	0.133109931938898	undirected	NA	NA
5724	13680	0.133344294274362	undirected	NA	NA
5724	14327	0.131130393073814	undirected	NA	NA
5724	14405	0.0774285430720956	undirected	NA	NA
5724	14826	0.0546466744623195	undirected	NA	NA
5724	14874	0.110421251881401	undirected	NA	NA
5724	14990	0.000407535788223581	undirected	NA	NA
5724	15350	0.0553852887338681	undirected	NA	NA
5724	15423	0.00170755418535686	undirected	NA	NA
6268	7190	0.264377563265759	undirected	NA	NA
6268	7209	0.24015630859757	undirected	NA	NA
6268	7470	0.533362275205084	undirected	NA	NA
6268	7829	0.00138782074873692	undirected	NA	NA
6268	7871	0.156616166222207	undirected	NA	NA
6268	7919	0.153507532777168	undirected	NA	NA
6268	9126	0.51059889698677	undirected	NA	NA
6268	9333	0.225068071281614	undirected	NA	NA
6268	9471	0.00188143987872583	undirected	NA	NA
6268	9505	0.591832673960526	undirected	NA	NA
6268	9750	0.00148024799269229	undirected	NA	NA
6268	9875	0.18310055533972	undirected	NA	NA
6268	9998	0.588581256053948	undirected	NA	NA
6268	10215	0.229526756443303	undirected	NA	NA
6268	10783	0.556693309989758	undirected	NA	NA
6268	10846	0.172629370446804	undirected	NA	NA
6268	12478	0.268007633683041	undirected	NA	NA
6268	13200	0.544621769040544	undirected	NA	NA
6268	13486	0.287562849034649	undirected	NA	NA
6268	13680	0.592407662810401	undirected	NA	NA
6268	14327	0.129272820623671	undirected	NA	NA
6268	14405	0.221256673103428	undirected	NA	NA
6268	14826	0.0691437228596818	undirected	NA	NA
6268	14874	0.466331515054032	undirected	NA	NA
6268	14990	0.00479015757910856	undirected	NA	NA
6268	15350	0.0967402695694446	undirected	NA	NA
6268	15423	0.0211697767516502	undirected	NA	NA
7190	7209	0.13403741060649	undirected	NA	NA
7190	7470	0.276393919676198	undirected	NA	NA
7190	7829	0.00731759421710912	undirected	NA	NA
7190	7871	0.185403843222866	undirected	NA	NA
7190	7919	0.199170783692461	undirected	NA	NA
7190	9126	0.255312907826871	undirected	NA	NA
7190	9333	0.221855634633792	undirected	NA	NA
7190	9471	0.000611964999594191	undirected	NA	NA
7190	9505	0.340584339348162	undirected	NA	NA
7190	9750	0.000118021185787002	undirected	NA	NA
7190	9875	0.172664195191364	undirected	NA	NA
7190	9998	0.342380572634643	undirected	NA	NA
7190	10215	0.268390708063736	undirected	NA	NA
7190	10783	0.31635410321613	undirected	NA	NA
7190	10846	0.118220080274414	undirected	NA	NA
7190	12478	0.33696421895406	undirected	NA	NA
7190	13200	0.2805832895521	undirected	NA	NA
7190	13486	0.241457740798096	undirected	NA	NA
7190	13680	0.345680925570109	undirected	NA	NA
7190	14327	0.181355496528497	undirected	NA	NA
7190	14405	0.109563381841264	undirected	NA	NA
7190	14826	0.105127767441232	undirected	NA	NA
7190	14874	0.283352693221284	undirected	NA	NA
7190	14990	0.00137190058357321	undirected	NA	NA
7190	15350	0.218284252092277	undirected	NA	NA
7190	15423	0.00586156961732929	undirected	NA	NA
7209	7470	0.306169632993624	undirected	NA	NA
7209	7829	0.000425809592279129	undirected	NA	NA
7209	7871	0.0439250786518016	undirected	NA	NA
7209	7919	0.178064799142745	undirected	NA	NA
7209	9126	0.293875196544455	undirected	NA	NA
7209	9333	0.0812163614651863	undirected	NA	NA
7209	9471	0.000653503270159764	undirected	NA	NA
7209	9505	0.312278788331429	undirected	NA	NA
7209	9750	0.000421304793855992	undirected	NA	NA
7209	9875	0.0495526954456293	undirected	NA	NA
7209	9998	0.313041059299619	undirected	NA	NA
7209	10215	0.209735127318096	undirected	NA	NA
7209	10783	0.309860573195676	undirected	NA	NA
7209	10846	0.148055427500118	undirected	NA	NA
7209	12478	0.204192123620087	undirected	NA	NA
7209	13200	0.307476561026887	undirected	NA	NA
7209	13486	0.270917002889464	undirected	NA	NA
7209	13680	0.308836100136645	undirected	NA	NA
7209	14327	0.158762236268165	undirected	NA	NA
7209	14405	0.150561519380098	undirected	NA	NA
7209	14826	0.0210082820835131	undirected	NA	NA
7209	14874	0.287073779733656	undirected	NA	NA
7209	14990	0.00305926788233815	undirected	NA	NA
7209	15350	0.0439487815572857	undirected	NA	NA
7209	15423	0.0152283528612314	undirected	NA	NA
7470	7829	0.000623559057656836	undirected	NA	NA
7470	7871	0.115289137631024	undirected	NA	NA
7470	7919	0.152720827195159	undirected	NA	NA
7470	9126	0.556087668373072	undirected	NA	NA
7470	9333	0.225004132282078	undirected	NA	NA
7470	9471	0.00171388841881219	undirected	NA	NA
7470	9505	0.606420600366296	undirected	NA	NA
7470	9750	0.00167223862743938	undirected	NA	NA
7470	9875	0.148904937312571	undirected	NA	NA
7470	9998	0.60025952297718	undirected	NA	NA
7470	10215	0.237510517240314	undirected	NA	NA
7470	10783	0.586938569255028	undirected	NA	NA
7470	10846	0.216028573147802	undirected	NA	NA
7470	12478	0.341730516857508	undirected	NA	NA
7470	13200	0.574819414588014	undirected	NA	NA
7470	13486	0.328179043808258	undirected	NA	NA
7470	13680	0.5959366973252	undirected	NA	NA
7470	14327	0.171394661484156	undirected	NA	NA
7470	14405	0.285595495098349	undirected	NA	NA
7470	14826	0.0567766722300375	undirected	NA	NA
7470	14874	0.609612787285072	undirected	NA	NA
7470	14990	0.00713985193310179	undirected	NA	NA
7470	15350	0.0668532628868372	undirected	NA	NA
7470	15423	0.0416835851009071	undirected	NA	NA
7829	7871	0.00236015124745597	undirected	NA	NA
7829	7919	0.00389465549263612	undirected	NA	NA
7829	9126	0.000509659972444262	undirected	NA	NA
7829	9333	0.0174222866535414	undirected	NA	NA
7829	9471	1.8610775613617e-06	undirected	NA	NA
7829	9505	0.00143275652238358	undirected	NA	NA
7829	9750	8.27743376038064e-07	undirected	NA	NA
7829	9875	0.00206317539181395	undirected	NA	NA
7829	9998	0.00158051553858206	undirected	NA	NA
7829	10215	0.00345994454197016	undirected	NA	NA
7829	10783	0.00179356811214915	undirected	NA	NA
7829	10846	0.00040565720148882	undirected	NA	NA
7829	12478	0.00845441380602583	undirected	NA	NA
7829	13200	0.000712363740908539	undirected	NA	NA
7829	13486	0.00168279086504345	undirected	NA	NA
7829	13680	0.00149992084969222	undirected	NA	NA
7829	14327	0.00599266855142001	undirected	NA	NA
7829	14405	0.000248677468824084	undirected	NA	NA
7829	14826	0.0536564994838077	undirected	NA	NA
7829	14874	0.0031993370321928	undirected	NA	NA
7829	14990	8.19284400759134e-06	undirected	NA	NA
7829	15350	0.0156032130077114	undirected	NA	NA
7829	15423	7.23081782462053e-06	undirected	NA	NA
7871	7919	0.0644463337047674	undirected	NA	NA
7871	9126	0.0987422181819562	undirected	NA	NA
7871	9333	0.114571146403215	undirected	NA	NA
7871	9471	0.000716464345935798	undirected	NA	NA
7871	9505	0.137098171038662	undirected	NA	NA
7871	9750	8.61795439504931e-05	undirected	NA	NA
7871	9875	0.146608728771544	undirected	NA	NA
7871	9998	0.138045424275477	undirected	NA	NA
7871	10215	0.109705012747832	undirected	NA	NA
7871	10783	0.125283162696307	undirected	NA	NA
7871	10846	0.0404707534739703	undirected	NA	NA
7871	12478	0.155979963501686	undirected	NA	NA
7871	13200	0.11218430659894	undirected	NA	NA
7871	13486	0.0988324270666737	undirected	NA	NA
7871	13680	0.143901947094387	undirected	NA	NA
7871	14327	0.0640785260215267	undirected	NA	NA
7871	14405	0.0367110744097274	undirected	NA	NA
7871	14826	0.0356014701808782	undirected	NA	NA
7871	14874	0.119153224622976	undirected	NA	NA
7871	14990	0.000698609520924003	undirected	NA	NA
7871	15350	0.118946563383259	undirected	NA	NA
7871	15423	0.00231704562423831	undirected	NA	NA
7919	9126	0.161273284558159	undirected	NA	NA
7919	9333	0.0986690489937068	undirected	NA	NA
7919	9471	0.000385434412698487	undirected	NA	NA
7919	9505	0.200598945021793	undirected	NA	NA
7919	9750	0.000143262799953088	undirected	NA	NA
7919	9875	0.0492819979121302	undirected	NA	NA
7919	9998	0.19748305914142	undirected	NA	NA
7919	10215	0.239643747526793	undirected	NA	NA
7919	10783	0.17580147285717	undirected	NA	NA
7919	10846	0.209018401222348	undirected	NA	NA
7919	12478	0.270514130078371	undirected	NA	NA
7919	13200	0.160259816377373	undirected	NA	NA
7919	13486	0.211441989015266	undirected	NA	NA
7919	13680	0.194205273995728	undirected	NA	NA
7919	14327	0.26546684149015	undirected	NA	NA
7919	14405	0.147345276000214	undirected	NA	NA
7919	14826	0.048218757614489	undirected	NA	NA
7919	14874	0.174190349638955	undirected	NA	NA
7919	14990	0.00131082467502699	undirected	NA	NA
7919	15350	0.146952882574811	undirected	NA	NA
7919	15423	0.00474244110368578	undirected	NA	NA
9126	9333	0.203249872684922	undirected	NA	NA
9126	9471	0.00188033743445823	undirected	NA	NA
9126	9505	0.544605611745746	undirected	NA	NA
9126	9750	0.00207707251257503	undirected	NA	NA
9126	9875	0.128948737685505	undirected	NA	NA
9126	9998	0.556346541791078	undirected	NA	NA
9126	10215	0.241388649909719	undirected	NA	NA
9126	10783	0.582752375650411	undirected	NA	NA
9126	10846	0.216274362873662	undirected	NA	NA
9126	12478	0.329934429836688	undirected	NA	NA
9126	13200	0.549953866071497	undirected	NA	NA
9126	13486	0.332729203054121	undirected	NA	NA
9126	13680	0.55447152380943	undirected	NA	NA
9126	14327	0.167258417739741	undirected	NA	NA
9126	14405	0.280511876312796	undirected	NA	NA
9126	14826	0.0506454062680145	undirected	NA	NA
9126	14874	0.596000514077242	undirected	NA	NA
9126	14990	0.00794582827112267	undirected	NA	NA
9126	15350	0.0579441591481192	undirected	NA	NA
9126	15423	0.0442082759509523	undirected	NA	NA
9333	9471	0.000427466522560585	undirected	NA	NA
9333	9505	0.266367992117851	undirected	NA	NA
9333	9750	0.000722615845869267	undirected	NA	NA
9333	9875	0.127293206710776	undirected	NA	NA
9333	9998	0.270462599817573	undirected	NA	NA
9333	10215	0.146281708710728	undirected	NA	NA
9333	10783	0.26617123126122	undirected	NA	NA
9333	10846	0.0557795853150689	undirected	NA	NA
9333	12478	0.235275240917566	undirected	NA	NA
9333	13200	0.230162522133133	undirected	NA	NA
9333	13486	0.137573788336726	undirected	NA	NA
9333	13680	0.273337346812089	undirected	NA	NA
9333	14327	0.0809312375358131	undirected	NA	NA
9333	14405	0.0741397397651815	undirected	NA	NA
9333	14826	0.243628050055964	undirected	NA	NA
9333	14874	0.264940928689588	undirected	NA	NA
9333	14990	0.00167285334539587	undirected	NA	NA
9333	15350	0.0821837526390502	undirected	NA	NA
9333	15423	0.00422828330877596	undirected	NA	NA
9471	9505	0.00171761505773805	undirected	NA	NA
9471	9750	0.352176358215274	undirected	NA	NA
9471	9875	0.000182189262264283	undirected	NA	NA
9471	9998	0.00155379166548253	undirected	NA	NA
9471	10215	0.000806779841656079	undirected	NA	NA
9471	10783	0.00162599635994311	undirected	NA	NA
9471	10846	0.00084827630213275	undirected	NA	NA
9471	12478	0.000683178948760188	undirected	NA	NA
9471	13200	0.00200158709296604	undirected	NA	NA
9471	13486	0.000494099892355512	undirected	NA	NA
9471	13680	0.00202670061047077	undirected	NA	NA
9471	14327	8.29194202631361e-05	undirected	NA	NA
9471	14405	0.00140878249988046	undirected	NA	NA
9471	14826	0.000329788055225551	undirected	NA	NA
9471	14874	0.00201833566688051	undirected	NA	NA
9471	14990	0.368986974675433	undirected	NA	NA
9471	15350	4.93747049046858e-05	undirected	NA	NA
9471	15423	0.143962746891424	undirected	NA	NA
9505	9750	0.00140654987634765	undirected	NA	NA
9505	9875	0.168264583774306	undirected	NA	NA
9505	9998	0.620850886357946	undirected	NA	NA
9505	10215	0.298596772187152	undirected	NA	NA
9505	10783	0.649917929635507	undirected	NA	NA
9505	10846	0.234231493906724	undirected	NA	NA
9505	12478	0.422077888485447	undirected	NA	NA
9505	13200	0.59850423415887	undirected	NA	NA
9505	13486	0.38490737752178	undirected	NA	NA
9505	13680	0.620151512616409	undirected	NA	NA
9505	14327	0.233718406165791	undirected	NA	NA
9505	14405	0.288174713062097	undirected	NA	NA
9505	14826	0.0748836953688006	undirected	NA	NA
9505	14874	0.677253754043555	undirected	NA	NA
9505	14990	0.00727224036652561	undirected	NA	NA
9505	15350	0.102725388700068	undirected	NA	NA
9505	15423	0.0369884411222169	undirected	NA	NA
9750	9875	5.85940079038635e-05	undirected	NA	NA
9750	9998	0.00124837719748373	undirected	NA	NA
9750	10215	0.000174561028868497	undirected	NA	NA
9750	10783	0.00184063441018058	undirected	NA	NA
9750	10846	0.00029577169021081	undirected	NA	NA
9750	12478	0.000222333862462531	undirected	NA	NA
9750	13200	0.00229331662588896	undirected	NA	NA
9750	13486	0.000123248394551402	undirected	NA	NA
9750	13680	0.00174152858469381	undirected	NA	NA
9750	14327	1.97996004038395e-05	undirected	NA	NA
9750	14405	0.00152292134137169	undirected	NA	NA
9750	14826	0.00119990637733848	undirected	NA	NA
9750	14874	0.00311274227091358	undirected	NA	NA
9750	14990	0.48457143376225	undirected	NA	NA
9750	15350	5.63486593957438e-06	undirected	NA	NA
9750	15423	0.194104657927699	undirected	NA	NA
9875	9998	0.170278837589337	undirected	NA	NA
9875	10215	0.0878896447553071	undirected	NA	NA
9875	10783	0.162027551208183	undirected	NA	NA
9875	10846	0.0344608787143774	undirected	NA	NA
9875	12478	0.139881707784856	undirected	NA	NA
9875	13200	0.146844417032721	undirected	NA	NA
9875	13486	0.0946106697754035	undirected	NA	NA
9875	13680	0.175108911117297	undirected	NA	NA
9875	14327	0.0518091095606942	undirected	NA	NA
9875	14405	0.0440726292068235	undirected	NA	NA
9875	14826	0.0600064139803062	undirected	NA	NA
9875	14874	0.157385392788265	undirected	NA	NA
9875	14990	0.000550808470763543	undirected	NA	NA
9875	15350	0.0751195738257181	undirected	NA	NA
9875	15423	0.00272081850357039	undirected	NA	NA
9998	10215	0.294641423171983	undirected	NA	NA
9998	10783	0.645199188017622	undirected	NA	NA
9998	10846	0.230947753663631	undirected	NA	NA
9998	12478	0.422158626355844	undirected	NA	NA
9998	13200	0.592277505934395	undirected	NA	NA
9998	13486	0.380610592281003	undirected	NA	NA
9998	13680	0.614255611781765	undirected	NA	NA
9998	14327	0.236703744479628	undirected	NA	NA
9998	14405	0.287263182446948	undirected	NA	NA
9998	14826	0.0778383592027081	undirected	NA	NA
9998	14874	0.674631677349129	undirected	NA	NA
9998	14990	0.00695381540721967	undirected	NA	NA
9998	15350	0.106068829546515	undirected	NA	NA
9998	15423	0.0364126367166761	undirected	NA	NA
10215	10783	0.261814929265857	undirected	NA	NA
10215	10846	0.234684581151657	undirected	NA	NA
10215	12478	0.324445163764406	undirected	NA	NA
10215	13200	0.246062648341089	undirected	NA	NA
10215	13486	0.247597521421972	undirected	NA	NA
10215	13680	0.293086635263332	undirected	NA	NA
10215	14327	0.284825271890139	undirected	NA	NA
10215	14405	0.172264213078893	undirected	NA	NA
10215	14826	0.053821531107898	undirected	NA	NA
10215	14874	0.241610645317255	undirected	NA	NA
10215	14990	0.00194648743252332	undirected	NA	NA
10215	15350	0.184986613057508	undirected	NA	NA
10215	15423	0.00738282415203361	undirected	NA	NA
10783	10846	0.217201644464496	undirected	NA	NA
10783	12478	0.388897078942462	undirected	NA	NA
10783	13200	0.608504706146979	undirected	NA	NA
10783	13486	0.34335906223404	undirected	NA	NA
10783	13680	0.639887012597804	undirected	NA	NA
10783	14327	0.207813508640805	undirected	NA	NA
10783	14405	0.288473525951822	undirected	NA	NA
10783	14826	0.0837174619549089	undirected	NA	NA
10783	14874	0.64789783511798	undirected	NA	NA
10783	14990	0.00776102320853463	undirected	NA	NA
10783	15350	0.0922478306899042	undirected	NA	NA
10783	15423	0.0385121818155836	undirected	NA	NA
10846	12478	0.186717649395911	undirected	NA	NA
10846	13200	0.218352038784395	undirected	NA	NA
10846	13486	0.246484303371755	undirected	NA	NA
10846	13680	0.231589054800036	undirected	NA	NA
10846	14327	0.157188292203827	undirected	NA	NA
10846	14405	0.105296135456885	undirected	NA	NA
10846	14826	0.0149947792411346	undirected	NA	NA
10846	14874	0.19247139715382	undirected	NA	NA
10846	14990	0.00240380578138413	undirected	NA	NA
10846	15350	0.0497827486296323	undirected	NA	NA
10846	15423	0.00760466309212544	undirected	NA	NA
12478	13200	0.352193399964149	undirected	NA	NA
12478	13486	0.303561444807097	undirected	NA	NA
12478	13680	0.420053176983946	undirected	NA	NA
12478	14327	0.288985251445865	undirected	NA	NA
12478	14405	0.16701408413127	undirected	NA	NA
12478	14826	0.11249808816661	undirected	NA	NA
12478	14874	0.329608449547843	undirected	NA	NA
12478	14990	0.00215530348643427	undirected	NA	NA
12478	15350	0.240338526484022	undirected	NA	NA
12478	15423	0.00935314369672514	undirected	NA	NA
13200	13486	0.33699483457465	undirected	NA	NA
13200	13680	0.587565531899991	undirected	NA	NA
13200	14327	0.175091997084623	undirected	NA	NA
13200	14405	0.290683458601729	undirected	NA	NA
13200	14826	0.0602872491214825	undirected	NA	NA
13200	14874	0.631420275994807	undirected	NA	NA
13200	14990	0.00828581871131057	undirected	NA	NA
13200	15350	0.0665507782709508	undirected	NA	NA
13200	15423	0.0444282227744568	undirected	NA	NA
13486	13680	0.374243556029714	undirected	NA	NA
13486	14327	0.276476126558802	undirected	NA	NA
13486	14405	0.20958316269816	undirected	NA	NA
13486	14826	0.0393804944413137	undirected	NA	NA
13486	14874	0.311477125502681	undirected	NA	NA
13486	14990	0.00206897703740221	undirected	NA	NA
13486	15350	0.147203794213399	undirected	NA	NA
13486	15423	0.011342213623955	undirected	NA	NA
13680	14327	0.225523772594976	undirected	NA	NA
13680	14405	0.286384466347004	undirected	NA	NA
13680	14826	0.0781231710594976	undirected	NA	NA
13680	14874	0.670664305818402	undirected	NA	NA
13680	14990	0.00764678445207005	undirected	NA	NA
13680	15350	0.104592437891832	undirected	NA	NA
13680	15423	0.0366327300751791	undirected	NA	NA
14327	14405	0.0995344832534985	undirected	NA	NA
14327	14826	0.0394399477923388	undirected	NA	NA
14327	14874	0.166820300879982	undirected	NA	NA
14327	14990	0.000382668718388267	undirected	NA	NA
14327	15350	0.196264686008624	undirected	NA	NA
14327	15423	0.0019915239118499	undirected	NA	NA
14405	14826	0.0199704349455362	undirected	NA	NA
14405	14874	0.270210975710887	undirected	NA	NA
14405	14990	0.00613508230805054	undirected	NA	NA
14405	15350	0.0261197015631125	undirected	NA	NA
14405	15423	0.0216257369797869	undirected	NA	NA
14826	14874	0.10981856617559	undirected	NA	NA
14826	14990	0.00253773668407911	undirected	NA	NA
14826	15350	0.0375054298039327	undirected	NA	NA
14826	15423	0.00280829912696453	undirected	NA	NA
14874	14990	0.00864399165492123	undirected	NA	NA
14874	15350	0.0879606804508836	undirected	NA	NA
14874	15423	0.0337958126045698	undirected	NA	NA
14990	15350	0.000125338311803813	undirected	NA	NA
14990	15423	0.226691970867976	undirected	NA	NA
15350	15423	0.000506576608746808	undirected	NA	NA
