fromNode	toNode	weight	direction	fromAltName	toAltName
94	142	0.291300239639842	undirected	NA	NA
94	831	0.00310767321762481	undirected	NA	NA
94	1874	0.299099382098306	undirected	NA	NA
94	3157	0.333933288652785	undirected	NA	NA
94	3229	0.349531514174884	undirected	NA	NA
94	3382	0.198245146084206	undirected	NA	NA
94	4123	0.328380649882174	undirected	NA	NA
94	5103	0.297328933297484	undirected	NA	NA
94	5112	0.0127690966374778	undirected	NA	NA
94	5323	0.126090093432242	undirected	NA	NA
94	6636	0.0165586816580021	undirected	NA	NA
94	7167	0.307322163098317	undirected	NA	NA
94	7361	0.302063820815601	undirected	NA	NA
94	7395	0.315657060525846	undirected	NA	NA
94	7481	0.00307743192680189	undirected	NA	NA
94	7742	0.304498319792791	undirected	NA	NA
94	7836	0.0042109489993786	undirected	NA	NA
94	7996	0.146986479654388	undirected	NA	NA
94	8443	0.350553723435223	undirected	NA	NA
94	8620	0.00387473058693349	undirected	NA	NA
94	8724	0.324397161957915	undirected	NA	NA
94	9468	0.275457341165755	undirected	NA	NA
94	9634	0.154224217735486	undirected	NA	NA
94	10672	0.325952946310722	undirected	NA	NA
94	10913	0.247206261598283	undirected	NA	NA
94	11527	0.351543070664538	undirected	NA	NA
94	11620	0.290902459800298	undirected	NA	NA
94	11685	0.330724859700906	undirected	NA	NA
94	12513	0.330692799262558	undirected	NA	NA
94	12624	0.12256833625429	undirected	NA	NA
94	12905	0.22128985018844	undirected	NA	NA
94	13345	0.339370325665411	undirected	NA	NA
94	13435	0.31662559433535	undirected	NA	NA
94	13888	0.125753042930444	undirected	NA	NA
94	14230	0.141127331434366	undirected	NA	NA
94	14422	0.0146575364515352	undirected	NA	NA
94	14483	0.303224162443537	undirected	NA	NA
94	14485	0.00208990972033757	undirected	NA	NA
94	14521	0.31040198009041	undirected	NA	NA
94	14667	0.050447817073383	undirected	NA	NA
94	15106	0.0426730629054983	undirected	NA	NA
94	15137	0.274520567167381	undirected	NA	NA
142	831	0.000880434341246726	undirected	NA	NA
142	1874	0.191174183732557	undirected	NA	NA
142	3157	0.183307516134445	undirected	NA	NA
142	3229	0.199021627275422	undirected	NA	NA
142	3382	0.257665430017605	undirected	NA	NA
142	4123	0.148798824804693	undirected	NA	NA
142	5103	0.211091418720239	undirected	NA	NA
142	5112	0.00441641428897597	undirected	NA	NA
142	5323	0.0487561096869692	undirected	NA	NA
142	6636	0.00540071828318024	undirected	NA	NA
142	7167	0.170272614101072	undirected	NA	NA
142	7361	0.210502688890889	undirected	NA	NA
142	7395	0.260140405109451	undirected	NA	NA
142	7481	0.000589995285905804	undirected	NA	NA
142	7742	0.173906450705154	undirected	NA	NA
142	7836	0.000982537624573192	undirected	NA	NA
142	7996	0.0567996988534574	undirected	NA	NA
142	8443	0.270653252023517	undirected	NA	NA
142	8620	0.000808157780029372	undirected	NA	NA
142	8724	0.124776053574252	undirected	NA	NA
142	9468	0.221815010254289	undirected	NA	NA
142	9634	0.127546352573427	undirected	NA	NA
142	10672	0.213497038495113	undirected	NA	NA
142	10913	0.0738104074532945	undirected	NA	NA
142	11527	0.219855074279456	undirected	NA	NA
142	11620	0.20828712970201	undirected	NA	NA
142	11685	0.130730831145872	undirected	NA	NA
142	12513	0.298461542782587	undirected	NA	NA
142	12624	0.0436474861113191	undirected	NA	NA
142	12905	0.0986724447425027	undirected	NA	NA
142	13345	0.125584820311702	undirected	NA	NA
142	13435	0.212988265365572	undirected	NA	NA
142	13888	0.0489174518622283	undirected	NA	NA
142	14230	0.0806908354012137	undirected	NA	NA
142	14422	0.00505343029505553	undirected	NA	NA
142	14483	0.243549900329874	undirected	NA	NA
142	14485	0.000632443246012944	undirected	NA	NA
142	14521	0.15148940360065	undirected	NA	NA
142	14667	0.0128396646851036	undirected	NA	NA
142	15106	0.0131894582071375	undirected	NA	NA
142	15137	0.150810263479236	undirected	NA	NA
831	1874	0.00650903443926366	undirected	NA	NA
831	3157	0.00893245463938697	undirected	NA	NA
831	3229	0.0115577962756719	undirected	NA	NA
831	3382	0.00034326165891189	undirected	NA	NA
831	4123	0.0088967641267845	undirected	NA	NA
831	5103	0.00209416282839204	undirected	NA	NA
831	5112	0.355670780536917	undirected	NA	NA
831	5323	0.104013056627251	undirected	NA	NA
831	6636	0.416943192998482	undirected	NA	NA
831	7167	0.0110819069886432	undirected	NA	NA
831	7361	0.00214532598940199	undirected	NA	NA
831	7395	0.00191664522168389	undirected	NA	NA
831	7481	0.305680683118682	undirected	NA	NA
831	7742	0.00467003101920025	undirected	NA	NA
831	7836	0.435278490225984	undirected	NA	NA
831	7996	0.0823502823294545	undirected	NA	NA
831	8443	0.00390302999360373	undirected	NA	NA
831	8620	0.336284342641478	undirected	NA	NA
831	8724	0.0183419441294869	undirected	NA	NA
831	9468	0.00195236534410247	undirected	NA	NA
831	9634	0.0109557979789658	undirected	NA	NA
831	10672	0.00860266372265748	undirected	NA	NA
831	10913	0.00515255372296602	undirected	NA	NA
831	11527	0.00670668072526685	undirected	NA	NA
831	11620	0.00538244025184777	undirected	NA	NA
831	11685	0.0189551133917914	undirected	NA	NA
831	12513	0.00198174410799257	undirected	NA	NA
831	12624	0.0999303033235563	undirected	NA	NA
831	12905	0.024333404068133	undirected	NA	NA
831	13345	0.0213623039755733	undirected	NA	NA
831	13435	0.00142897935218102	undirected	NA	NA
831	13888	0.0708803274900746	undirected	NA	NA
831	14230	0.0308293223132623	undirected	NA	NA
831	14422	0.370312048209607	undirected	NA	NA
831	14483	0.00212988008355175	undirected	NA	NA
831	14485	0.425855794231474	undirected	NA	NA
831	14521	0.00406470080571354	undirected	NA	NA
831	14667	0.22777665255304	undirected	NA	NA
831	15106	0.280086952211709	undirected	NA	NA
831	15137	0.0275188172085845	undirected	NA	NA
1874	3157	0.276397890362724	undirected	NA	NA
1874	3229	0.349777716405523	undirected	NA	NA
1874	3382	0.0891824527720733	undirected	NA	NA
1874	4123	0.323594778433063	undirected	NA	NA
1874	5103	0.324609892961363	undirected	NA	NA
1874	5112	0.0240527506294073	undirected	NA	NA
1874	5323	0.162637079595931	undirected	NA	NA
1874	6636	0.0273877272939012	undirected	NA	NA
1874	7167	0.348353831807095	undirected	NA	NA
1874	7361	0.332761316465123	undirected	NA	NA
1874	7395	0.261465682838654	undirected	NA	NA
1874	7481	0.0101514607738991	undirected	NA	NA
1874	7742	0.331326863443886	undirected	NA	NA
1874	7836	0.0105762011525647	undirected	NA	NA
1874	7996	0.162867257255307	undirected	NA	NA
1874	8443	0.315628369525506	undirected	NA	NA
1874	8620	0.0112055113825434	undirected	NA	NA
1874	8724	0.341356217540064	undirected	NA	NA
1874	9468	0.217372785969252	undirected	NA	NA
1874	9634	0.116554985791076	undirected	NA	NA
1874	10672	0.313710912101744	undirected	NA	NA
1874	10913	0.327074853417476	undirected	NA	NA
1874	11527	0.277488130618146	undirected	NA	NA
1874	11620	0.199327447946662	undirected	NA	NA
1874	11685	0.343013939564804	undirected	NA	NA
1874	12513	0.293873762119777	undirected	NA	NA
1874	12624	0.140615381868734	undirected	NA	NA
1874	12905	0.213151678482112	undirected	NA	NA
1874	13345	0.375549580123044	undirected	NA	NA
1874	13435	0.221937545135389	undirected	NA	NA
1874	13888	0.164154712147817	undirected	NA	NA
1874	14230	0.120332008694579	undirected	NA	NA
1874	14422	0.0269583406559453	undirected	NA	NA
1874	14483	0.287752531703886	undirected	NA	NA
1874	14485	0.00608473339394435	undirected	NA	NA
1874	14521	0.292965965261262	undirected	NA	NA
1874	14667	0.0860487998961701	undirected	NA	NA
1874	15106	0.0690338663985415	undirected	NA	NA
1874	15137	0.25364568220109	undirected	NA	NA
3157	3229	0.275518691479481	undirected	NA	NA
3157	3382	0.156985241715773	undirected	NA	NA
3157	4123	0.335891094013846	undirected	NA	NA
3157	5103	0.173560150019476	undirected	NA	NA
3157	5112	0.0131202706046818	undirected	NA	NA
3157	5323	0.0671551593763608	undirected	NA	NA
3157	6636	0.0245656207123812	undirected	NA	NA
3157	7167	0.262673427518086	undirected	NA	NA
3157	7361	0.182503499298717	undirected	NA	NA
3157	7395	0.325951859374277	undirected	NA	NA
3157	7481	0.00368947345240098	undirected	NA	NA
3157	7742	0.294293604934727	undirected	NA	NA
3157	7836	0.00754361260242246	undirected	NA	NA
3157	7996	0.197622111474782	undirected	NA	NA
3157	8443	0.366260445181723	undirected	NA	NA
3157	8620	0.00515540206032819	undirected	NA	NA
3157	8724	0.302661433912834	undirected	NA	NA
3157	9468	0.259212759700938	undirected	NA	NA
3157	9634	0.112244664483195	undirected	NA	NA
3157	10672	0.247942917256564	undirected	NA	NA
3157	10913	0.15534537643417	undirected	NA	NA
3157	11527	0.243643840762971	undirected	NA	NA
3157	11620	0.319440960054433	undirected	NA	NA
3157	11685	0.313143138927164	undirected	NA	NA
3157	12513	0.294748284218092	undirected	NA	NA
3157	12624	0.204652508258094	undirected	NA	NA
3157	12905	0.310108647895839	undirected	NA	NA
3157	13345	0.280609483403227	undirected	NA	NA
3157	13435	0.217809199880617	undirected	NA	NA
3157	13888	0.0571544107445936	undirected	NA	NA
3157	14230	0.276647399554037	undirected	NA	NA
3157	14422	0.0152510338020208	undirected	NA	NA
3157	14483	0.299398753230459	undirected	NA	NA
3157	14485	0.00310484163313493	undirected	NA	NA
3157	14521	0.280762761397569	undirected	NA	NA
3157	14667	0.0396870334290084	undirected	NA	NA
3157	15106	0.0346622918623752	undirected	NA	NA
3157	15137	0.186699369353128	undirected	NA	NA
3229	3382	0.124817544824903	undirected	NA	NA
3229	4123	0.285072248811112	undirected	NA	NA
3229	5103	0.318581006472405	undirected	NA	NA
3229	5112	0.0404003095529147	undirected	NA	NA
3229	5323	0.177927155015385	undirected	NA	NA
3229	6636	0.0404381355911111	undirected	NA	NA
3229	7167	0.329172860521053	undirected	NA	NA
3229	7361	0.326016844155073	undirected	NA	NA
3229	7395	0.278118441545054	undirected	NA	NA
3229	7481	0.0144203977312618	undirected	NA	NA
3229	7742	0.303717157266607	undirected	NA	NA
3229	7836	0.0169429409562735	undirected	NA	NA
3229	7996	0.166925809633608	undirected	NA	NA
3229	8443	0.341109061286106	undirected	NA	NA
3229	8620	0.0160639485444711	undirected	NA	NA
3229	8724	0.3034583479556	undirected	NA	NA
3229	9468	0.221697484219624	undirected	NA	NA
3229	9634	0.183954688425097	undirected	NA	NA
3229	10672	0.309037097907732	undirected	NA	NA
3229	10913	0.2124658246448	undirected	NA	NA
3229	11527	0.289484931838033	undirected	NA	NA
3229	11620	0.223387834797944	undirected	NA	NA
3229	11685	0.30738813507926	undirected	NA	NA
3229	12513	0.338534827843301	undirected	NA	NA
3229	12624	0.148642393978485	undirected	NA	NA
3229	12905	0.219377057077395	undirected	NA	NA
3229	13345	0.326787976587138	undirected	NA	NA
3229	13435	0.208168861321692	undirected	NA	NA
3229	13888	0.183826510643359	undirected	NA	NA
3229	14230	0.149222276465648	undirected	NA	NA
3229	14422	0.0443047349086944	undirected	NA	NA
3229	14483	0.323404441776895	undirected	NA	NA
3229	14485	0.0130612103672577	undirected	NA	NA
3229	14521	0.226762986689163	undirected	NA	NA
3229	14667	0.0893478214645473	undirected	NA	NA
3229	15106	0.0850740586972316	undirected	NA	NA
3229	15137	0.280286912666204	undirected	NA	NA
3382	4123	0.103140306584652	undirected	NA	NA
3382	5103	0.0875102718653122	undirected	NA	NA
3382	5112	0.00138186448575944	undirected	NA	NA
3382	5323	0.0139207974022063	undirected	NA	NA
3382	6636	0.00155797478609107	undirected	NA	NA
3382	7167	0.0818494516818934	undirected	NA	NA
3382	7361	0.0870029372044232	undirected	NA	NA
3382	7395	0.198294968323537	undirected	NA	NA
3382	7481	0.000117865870831165	undirected	NA	NA
3382	7742	0.0835254100326093	undirected	NA	NA
3382	7836	0.000239543486969176	undirected	NA	NA
3382	7996	0.020907033300613	undirected	NA	NA
3382	8443	0.186776324815881	undirected	NA	NA
3382	8620	0.000175344948766308	undirected	NA	NA
3382	8724	0.0761860313230165	undirected	NA	NA
3382	9468	0.199461128251977	undirected	NA	NA
3382	9634	0.0663269013913392	undirected	NA	NA
3382	10672	0.139933297054289	undirected	NA	NA
3382	10913	0.0265315983235355	undirected	NA	NA
3382	11527	0.1909694436887	undirected	NA	NA
3382	11620	0.143511579343763	undirected	NA	NA
3382	11685	0.0839134284473739	undirected	NA	NA
3382	12513	0.198279332621224	undirected	NA	NA
3382	12624	0.014644763355562	undirected	NA	NA
3382	12905	0.0588691171885084	undirected	NA	NA
3382	13345	0.0714004594767329	undirected	NA	NA
3382	13435	0.216691158304021	undirected	NA	NA
3382	13888	0.0110527908063019	undirected	NA	NA
3382	14230	0.0426963737831904	undirected	NA	NA
3382	14422	0.0014265566148139	undirected	NA	NA
3382	14483	0.14714008357334	undirected	NA	NA
3382	14485	0.00023945730614666	undirected	NA	NA
3382	14521	0.0976036065046648	undirected	NA	NA
3382	14667	0.00212177747265047	undirected	NA	NA
3382	15106	0.00275194347858001	undirected	NA	NA
3382	15137	0.0842549824019534	undirected	NA	NA
4123	5103	0.201974030038393	undirected	NA	NA
4123	5112	0.0166385610912766	undirected	NA	NA
4123	5323	0.0831286922714588	undirected	NA	NA
4123	6636	0.025838444209589	undirected	NA	NA
4123	7167	0.302347383310099	undirected	NA	NA
4123	7361	0.216226008445903	undirected	NA	NA
4123	7395	0.326033789044811	undirected	NA	NA
4123	7481	0.00808115994963643	undirected	NA	NA
4123	7742	0.33825039691209	undirected	NA	NA
4123	7836	0.0094480524086616	undirected	NA	NA
4123	7996	0.19882491993435	undirected	NA	NA
4123	8443	0.365790836472375	undirected	NA	NA
4123	8620	0.00970889479863495	undirected	NA	NA
4123	8724	0.374897078139914	undirected	NA	NA
4123	9468	0.255616303707272	undirected	NA	NA
4123	9634	0.0932745621247995	undirected	NA	NA
4123	10672	0.244267956949587	undirected	NA	NA
4123	10913	0.203392046596467	undirected	NA	NA
4123	11527	0.232372331047232	undirected	NA	NA
4123	11620	0.278808417226188	undirected	NA	NA
4123	11685	0.371634392661788	undirected	NA	NA
4123	12513	0.294423096770513	undirected	NA	NA
4123	12624	0.209360229707057	undirected	NA	NA
4123	12905	0.341586603210432	undirected	NA	NA
4123	13345	0.341209328873858	undirected	NA	NA
4123	13435	0.181159357937483	undirected	NA	NA
4123	13888	0.0771478596141638	undirected	NA	NA
4123	14230	0.232685555720965	undirected	NA	NA
4123	14422	0.0172303082685821	undirected	NA	NA
4123	14483	0.33930749566533	undirected	NA	NA
4123	14485	0.00390890413682039	undirected	NA	NA
4123	14521	0.282153173110522	undirected	NA	NA
4123	14667	0.0619954352980581	undirected	NA	NA
4123	15106	0.0428821705077364	undirected	NA	NA
4123	15137	0.189090707178062	undirected	NA	NA
5103	5112	0.0144416766836896	undirected	NA	NA
5103	5323	0.16235800393785	undirected	NA	NA
5103	6636	0.0144361717204454	undirected	NA	NA
5103	7167	0.325037793581474	undirected	NA	NA
5103	7361	0.314833350112633	undirected	NA	NA
5103	7395	0.224376303330326	undirected	NA	NA
5103	7481	0.00394702600003331	undirected	NA	NA
5103	7742	0.285624635898995	undirected	NA	NA
5103	7836	0.00422765699501321	undirected	NA	NA
5103	7996	0.0860799679733367	undirected	NA	NA
5103	8443	0.27747178148809	undirected	NA	NA
5103	8620	0.00430418947026389	undirected	NA	NA
5103	8724	0.201478985729414	undirected	NA	NA
5103	9468	0.180118351222867	undirected	NA	NA
5103	9634	0.109461032929021	undirected	NA	NA
5103	10672	0.324568814703668	undirected	NA	NA
5103	10913	0.274019183070512	undirected	NA	NA
5103	11527	0.246040137105158	undirected	NA	NA
5103	11620	0.125496934955391	undirected	NA	NA
5103	11685	0.206631626437729	undirected	NA	NA
5103	12513	0.297411800014283	undirected	NA	NA
5103	12624	0.0610069932447772	undirected	NA	NA
5103	12905	0.0965091540273866	undirected	NA	NA
5103	13345	0.255508834021948	undirected	NA	NA
5103	13435	0.218817463700642	undirected	NA	NA
5103	13888	0.174824408377783	undirected	NA	NA
5103	14230	0.0517840673374925	undirected	NA	NA
5103	14422	0.0171807211741054	undirected	NA	NA
5103	14483	0.261267947695582	undirected	NA	NA
5103	14485	0.00284203277746462	undirected	NA	NA
5103	14521	0.217988320753454	undirected	NA	NA
5103	14667	0.0559168277129402	undirected	NA	NA
5103	15106	0.0508427854687435	undirected	NA	NA
5103	15137	0.225078074765943	undirected	NA	NA
5112	5323	0.213677569454301	undirected	NA	NA
5112	6636	0.451010701581341	undirected	NA	NA
5112	7167	0.0363412212583567	undirected	NA	NA
5112	7361	0.0144698644763685	undirected	NA	NA
5112	7395	0.00698980254793921	undirected	NA	NA
5112	7481	0.362169310312529	undirected	NA	NA
5112	7742	0.013202127608438	undirected	NA	NA
5112	7836	0.426005878004116	undirected	NA	NA
5112	7996	0.079138817900543	undirected	NA	NA
5112	8443	0.0127789441625601	undirected	NA	NA
5112	8620	0.373077987447323	undirected	NA	NA
5112	8724	0.0273617121815501	undirected	NA	NA
5112	9468	0.00842615255658872	undirected	NA	NA
5112	9634	0.0334816378546008	undirected	NA	NA
5112	10672	0.0360346586374107	undirected	NA	NA
5112	10913	0.0134776025916083	undirected	NA	NA
5112	11527	0.0173046212630544	undirected	NA	NA
5112	11620	0.00632764828592733	undirected	NA	NA
5112	11685	0.0283074201749569	undirected	NA	NA
5112	12513	0.0104287082192961	undirected	NA	NA
5112	12624	0.0878654221263617	undirected	NA	NA
5112	12905	0.0230872931989629	undirected	NA	NA
5112	13345	0.0433816556188496	undirected	NA	NA
5112	13435	0.0042136093674192	undirected	NA	NA
5112	13888	0.169784385198543	undirected	NA	NA
5112	14230	0.0229911855341817	undirected	NA	NA
5112	14422	0.459011902105775	undirected	NA	NA
5112	14483	0.0101065273135521	undirected	NA	NA
5112	14485	0.415231588027692	undirected	NA	NA
5112	14521	0.00739818297652049	undirected	NA	NA
5112	14667	0.313832164540127	undirected	NA	NA
5112	15106	0.394075276392315	undirected	NA	NA
5112	15137	0.0614177434702587	undirected	NA	NA
5323	6636	0.191297301028738	undirected	NA	NA
5323	7167	0.179946986407112	undirected	NA	NA
5323	7361	0.157830326128624	undirected	NA	NA
5323	7395	0.0703842072013413	undirected	NA	NA
5323	7481	0.114393315067701	undirected	NA	NA
5323	7742	0.114197163806669	undirected	NA	NA
5323	7836	0.144061252291013	undirected	NA	NA
5323	7996	0.101057520108978	undirected	NA	NA
5323	8443	0.114326282613134	undirected	NA	NA
5323	8620	0.123205487662317	undirected	NA	NA
5323	8724	0.0948022264312773	undirected	NA	NA
5323	9468	0.0599297973891544	undirected	NA	NA
5323	9634	0.108847266379244	undirected	NA	NA
5323	10672	0.183227746481207	undirected	NA	NA
5323	10913	0.0834243481733399	undirected	NA	NA
5323	11527	0.106974993815113	undirected	NA	NA
5323	11620	0.0330512137633474	undirected	NA	NA
5323	11685	0.100885653846495	undirected	NA	NA
5323	12513	0.116560866223599	undirected	NA	NA
5323	12624	0.0925834461347117	undirected	NA	NA
5323	12905	0.0483493135486844	undirected	NA	NA
5323	13345	0.131141476824189	undirected	NA	NA
5323	13435	0.0508878589292043	undirected	NA	NA
5323	13888	0.241921504216381	undirected	NA	NA
5323	14230	0.0494847190738186	undirected	NA	NA
5323	14422	0.229552734284069	undirected	NA	NA
5323	14483	0.0945206608626141	undirected	NA	NA
5323	14485	0.143122815978241	undirected	NA	NA
5323	14521	0.0653567645467414	undirected	NA	NA
5323	14667	0.221111846066907	undirected	NA	NA
5323	15106	0.256932763547626	undirected	NA	NA
5323	15137	0.158691215356281	undirected	NA	NA
6636	7167	0.0391352287627414	undirected	NA	NA
6636	7361	0.0143773726342595	undirected	NA	NA
6636	7395	0.00951349533865544	undirected	NA	NA
6636	7481	0.331580356654813	undirected	NA	NA
6636	7742	0.0198923399859412	undirected	NA	NA
6636	7836	0.452098526105915	undirected	NA	NA
6636	7996	0.124287710797652	undirected	NA	NA
6636	8443	0.0179560577064235	undirected	NA	NA
6636	8620	0.362329765889734	undirected	NA	NA
6636	8724	0.0433755189795995	undirected	NA	NA
6636	9468	0.00858501730707103	undirected	NA	NA
6636	9634	0.0292312686383711	undirected	NA	NA
6636	10672	0.0352789530163111	undirected	NA	NA
6636	10913	0.0177476224291215	undirected	NA	NA
6636	11527	0.0250797818480211	undirected	NA	NA
6636	11620	0.0140537459601506	undirected	NA	NA
6636	11685	0.0454370347296144	undirected	NA	NA
6636	12513	0.0123320296328328	undirected	NA	NA
6636	12624	0.134359682226976	undirected	NA	NA
6636	12905	0.0440378632010838	undirected	NA	NA
6636	13345	0.0516172347223305	undirected	NA	NA
6636	13435	0.00733015652285064	undirected	NA	NA
6636	13888	0.140191493178863	undirected	NA	NA
6636	14230	0.0541693807283775	undirected	NA	NA
6636	14422	0.467663122747432	undirected	NA	NA
6636	14483	0.0113402096241621	undirected	NA	NA
6636	14485	0.462911775757783	undirected	NA	NA
6636	14521	0.015276590672024	undirected	NA	NA
6636	14667	0.326807304740522	undirected	NA	NA
6636	15106	0.370243545875293	undirected	NA	NA
6636	15137	0.0684430614117648	undirected	NA	NA
7167	7361	0.333018039648533	undirected	NA	NA
7167	7395	0.235851020832809	undirected	NA	NA
7167	7481	0.0164987429253589	undirected	NA	NA
7167	7742	0.312258893429381	undirected	NA	NA
7167	7836	0.0176176014942766	undirected	NA	NA
7167	7996	0.176833797795237	undirected	NA	NA
7167	8443	0.30058936307287	undirected	NA	NA
7167	8620	0.0178936437523399	undirected	NA	NA
7167	8724	0.328128903498378	undirected	NA	NA
7167	9468	0.193639483638208	undirected	NA	NA
7167	9634	0.127757022401005	undirected	NA	NA
7167	10672	0.294289405718123	undirected	NA	NA
7167	10913	0.293041743655427	undirected	NA	NA
7167	11527	0.265216237455092	undirected	NA	NA
7167	11620	0.19125077539687	undirected	NA	NA
7167	11685	0.329969597112028	undirected	NA	NA
7167	12513	0.297107613168301	undirected	NA	NA
7167	12624	0.15500381372488	undirected	NA	NA
7167	12905	0.215129137286831	undirected	NA	NA
7167	13345	0.358824150531539	undirected	NA	NA
7167	13435	0.196142500815669	undirected	NA	NA
7167	13888	0.179903655045656	undirected	NA	NA
7167	14230	0.130584804240589	undirected	NA	NA
7167	14422	0.0407683404878625	undirected	NA	NA
7167	14483	0.289938985199113	undirected	NA	NA
7167	14485	0.0115739319233087	undirected	NA	NA
7167	14521	0.261342852987414	undirected	NA	NA
7167	14667	0.0999918141779307	undirected	NA	NA
7167	15106	0.0875367399572388	undirected	NA	NA
7167	15137	0.25993232584023	undirected	NA	NA
7361	7395	0.235047090688666	undirected	NA	NA
7361	7481	0.00421540194215422	undirected	NA	NA
7361	7742	0.29575787325142	undirected	NA	NA
7361	7836	0.00430626886378822	undirected	NA	NA
7361	7996	0.0874698422508101	undirected	NA	NA
7361	8443	0.286353925527238	undirected	NA	NA
7361	8620	0.00457208482830211	undirected	NA	NA
7361	8724	0.214645150648901	undirected	NA	NA
7361	9468	0.190490749674523	undirected	NA	NA
7361	9634	0.107779949162054	undirected	NA	NA
7361	10672	0.32602516785619	undirected	NA	NA
7361	10913	0.285806528879339	undirected	NA	NA
7361	11527	0.246508847028719	undirected	NA	NA
7361	11620	0.129919077687511	undirected	NA	NA
7361	11685	0.219217536712869	undirected	NA	NA
7361	12513	0.300510040519222	undirected	NA	NA
7361	12624	0.0637729564221705	undirected	NA	NA
7361	12905	0.104224910670353	undirected	NA	NA
7361	13345	0.269779190417566	undirected	NA	NA
7361	13435	0.218784034242213	undirected	NA	NA
7361	13888	0.172264555732526	undirected	NA	NA
7361	14230	0.0542299967442748	undirected	NA	NA
7361	14422	0.0168143464782813	undirected	NA	NA
7361	14483	0.273929344851945	undirected	NA	NA
7361	14485	0.00280957022477267	undirected	NA	NA
7361	14521	0.2267010280327	undirected	NA	NA
7361	14667	0.057951978051548	undirected	NA	NA
7361	15106	0.0500066140770712	undirected	NA	NA
7361	15137	0.222312244706159	undirected	NA	NA
7395	7481	0.00192724222724762	undirected	NA	NA
7395	7742	0.261197699335855	undirected	NA	NA
7395	7836	0.00230290999565734	undirected	NA	NA
7395	7996	0.109104039134902	undirected	NA	NA
7395	8443	0.321908222621791	undirected	NA	NA
7395	8620	0.00252642788284554	undirected	NA	NA
7395	8724	0.301522970706187	undirected	NA	NA
7395	9468	0.297632000783502	undirected	NA	NA
7395	9634	0.109170955360295	undirected	NA	NA
7395	10672	0.245702481158065	undirected	NA	NA
7395	10913	0.19529486184591	undirected	NA	NA
7395	11527	0.281688537641821	undirected	NA	NA
7395	11620	0.285869837486335	undirected	NA	NA
7395	11685	0.303458571926399	undirected	NA	NA
7395	12513	0.312989273806984	undirected	NA	NA
7395	12624	0.100491745350407	undirected	NA	NA
7395	12905	0.225444903180336	undirected	NA	NA
7395	13345	0.295179423036954	undirected	NA	NA
7395	13435	0.275471652433096	undirected	NA	NA
7395	13888	0.0721744129176638	undirected	NA	NA
7395	14230	0.133041127416354	undirected	NA	NA
7395	14422	0.00701916000767521	undirected	NA	NA
7395	14483	0.329769868076071	undirected	NA	NA
7395	14485	0.000791055168584421	undirected	NA	NA
7395	14521	0.28330732949247	undirected	NA	NA
7395	14667	0.0335902198368107	undirected	NA	NA
7395	15106	0.0230249106988397	undirected	NA	NA
7395	15137	0.18922397033746	undirected	NA	NA
7481	7742	0.00569281405014354	undirected	NA	NA
7481	7836	0.415763745646578	undirected	NA	NA
7481	7996	0.0418449908599364	undirected	NA	NA
7481	8443	0.00355564949472578	undirected	NA	NA
7481	8620	0.445828492184521	undirected	NA	NA
7481	8724	0.0151260723963574	undirected	NA	NA
7481	9468	0.00218906211065112	undirected	NA	NA
7481	9634	0.00709774093387615	undirected	NA	NA
7481	10672	0.010249010824043	undirected	NA	NA
7481	10913	0.00980229640336425	undirected	NA	NA
7481	11527	0.00345875393747626	undirected	NA	NA
7481	11620	0.00125789133986462	undirected	NA	NA
7481	11685	0.0145514265462259	undirected	NA	NA
7481	12513	0.00235235209475319	undirected	NA	NA
7481	12624	0.0559307727979114	undirected	NA	NA
7481	12905	0.0114162807538926	undirected	NA	NA
7481	13345	0.026396620211888	undirected	NA	NA
7481	13435	0.000668158196390628	undirected	NA	NA
7481	13888	0.0956908384011943	undirected	NA	NA
7481	14230	0.00959647520226046	undirected	NA	NA
7481	14422	0.320917623164216	undirected	NA	NA
7481	14483	0.00349051574790631	undirected	NA	NA
7481	14485	0.280481241537514	undirected	NA	NA
7481	14521	0.00245300848451321	undirected	NA	NA
7481	14667	0.3273459575795	undirected	NA	NA
7481	15106	0.28362128804952	undirected	NA	NA
7481	15137	0.0205863788221462	undirected	NA	NA
7742	7836	0.00652000249001577	undirected	NA	NA
7742	7996	0.174660701873715	undirected	NA	NA
7742	8443	0.308774116828483	undirected	NA	NA
7742	8620	0.00672016302380631	undirected	NA	NA
7742	8724	0.357703501205225	undirected	NA	NA
7742	9468	0.204725824001958	undirected	NA	NA
7742	9634	0.081147465169935	undirected	NA	NA
7742	10672	0.262812378175705	undirected	NA	NA
7742	10913	0.323269334541042	undirected	NA	NA
7742	11527	0.25713343602775	undirected	NA	NA
7742	11620	0.219010257753664	undirected	NA	NA
7742	11685	0.357860380861927	undirected	NA	NA
7742	12513	0.289408235396112	undirected	NA	NA
7742	12624	0.156039979752761	undirected	NA	NA
7742	12905	0.239801861298649	undirected	NA	NA
7742	13345	0.364100878500128	undirected	NA	NA
7742	13435	0.226480772403613	undirected	NA	NA
7742	13888	0.106595889027036	undirected	NA	NA
7742	14230	0.137005829650757	undirected	NA	NA
7742	14422	0.015193187853429	undirected	NA	NA
7742	14483	0.291609546854584	undirected	NA	NA
7742	14485	0.0024980612242607	undirected	NA	NA
7742	14521	0.326077958147466	undirected	NA	NA
7742	14667	0.0665149747895408	undirected	NA	NA
7742	15106	0.0480431563191663	undirected	NA	NA
7742	15137	0.213131786666682	undirected	NA	NA
7836	7996	0.0819475787570718	undirected	NA	NA
7836	8443	0.00483278959636512	undirected	NA	NA
7836	8620	0.430682161003615	undirected	NA	NA
7836	8724	0.0195782545952193	undirected	NA	NA
7836	9468	0.00219381541255661	undirected	NA	NA
7836	9634	0.0135438235416567	undirected	NA	NA
7836	10672	0.0129850930541343	undirected	NA	NA
7836	10913	0.00845149962034668	undirected	NA	NA
7836	11527	0.00709002800958672	undirected	NA	NA
7836	11620	0.00378968442932303	undirected	NA	NA
7836	11685	0.02004022081771	undirected	NA	NA
7836	12513	0.00293578782312122	undirected	NA	NA
7836	12624	0.0970875662958777	undirected	NA	NA
7836	12905	0.0204906591716115	undirected	NA	NA
7836	13345	0.0280355726524609	undirected	NA	NA
7836	13435	0.00146610719531929	undirected	NA	NA
7836	13888	0.10425054518451	undirected	NA	NA
7836	14230	0.0256920682053543	undirected	NA	NA
7836	14422	0.420316941574493	undirected	NA	NA
7836	14483	0.00316014398936331	undirected	NA	NA
7836	14485	0.457429526823355	undirected	NA	NA
7836	14521	0.0042496856589209	undirected	NA	NA
7836	14667	0.312812438918271	undirected	NA	NA
7836	15106	0.341760940059257	undirected	NA	NA
7836	15137	0.0343875667590982	undirected	NA	NA
7996	8443	0.167074743273145	undirected	NA	NA
7996	8620	0.050501727339527	undirected	NA	NA
7996	8724	0.245306814555698	undirected	NA	NA
7996	9468	0.0775546442543417	undirected	NA	NA
7996	9634	0.0495672721677712	undirected	NA	NA
7996	10672	0.147830888105328	undirected	NA	NA
7996	10913	0.114469106484732	undirected	NA	NA
7996	11527	0.159903445255226	undirected	NA	NA
7996	11620	0.124013106479887	undirected	NA	NA
7996	11685	0.257262717152044	undirected	NA	NA
7996	12513	0.111634166236477	undirected	NA	NA
7996	12624	0.300352996635168	undirected	NA	NA
7996	12905	0.218958754953451	undirected	NA	NA
7996	13345	0.214152009897188	undirected	NA	NA
7996	13435	0.0904173983145798	undirected	NA	NA
7996	13888	0.0577470669216197	undirected	NA	NA
7996	14230	0.23440188301588	undirected	NA	NA
7996	14422	0.101553656697098	undirected	NA	NA
7996	14483	0.103103203314033	undirected	NA	NA
7996	14485	0.0631102087821812	undirected	NA	NA
7996	14521	0.168888477396646	undirected	NA	NA
7996	14667	0.0913060996921246	undirected	NA	NA
7996	15106	0.119056510117844	undirected	NA	NA
7996	15137	0.170007483256783	undirected	NA	NA
8443	8620	0.00453756105070665	undirected	NA	NA
8443	8724	0.365668821586372	undirected	NA	NA
8443	9468	0.282706485916306	undirected	NA	NA
8443	9634	0.140353411224649	undirected	NA	NA
8443	10672	0.305533940786781	undirected	NA	NA
8443	10913	0.253992180509786	undirected	NA	NA
8443	11527	0.341891159727552	undirected	NA	NA
8443	11620	0.31617024157741	undirected	NA	NA
8443	11685	0.369746555629216	undirected	NA	NA
8443	12513	0.339822698547599	undirected	NA	NA
8443	12624	0.149197806847586	undirected	NA	NA
8443	12905	0.269157904614798	undirected	NA	NA
8443	13345	0.365364689792864	undirected	NA	NA
8443	13435	0.30447390157263	undirected	NA	NA
8443	13888	0.111686598683035	undirected	NA	NA
8443	14230	0.171617480257541	undirected	NA	NA
8443	14422	0.014248904500879	undirected	NA	NA
8443	14483	0.331972678314323	undirected	NA	NA
8443	14485	0.00206592066848616	undirected	NA	NA
8443	14521	0.328879254243407	undirected	NA	NA
8443	14667	0.0535524992673899	undirected	NA	NA
8443	15106	0.0419057346484142	undirected	NA	NA
8443	15137	0.261963906704804	undirected	NA	NA
8620	8724	0.0174928576021243	undirected	NA	NA
8620	9468	0.00274208451175736	undirected	NA	NA
8620	9634	0.00875660300631001	undirected	NA	NA
8620	10672	0.0116029204170851	undirected	NA	NA
8620	10913	0.010399298856654	undirected	NA	NA
8620	11527	0.00452124590345301	undirected	NA	NA
8620	11620	0.0019832491585202	undirected	NA	NA
8620	11685	0.0170520312324085	undirected	NA	NA
8620	12513	0.00291502233648975	undirected	NA	NA
8620	12624	0.0656234662434806	undirected	NA	NA
8620	12905	0.0142980227720032	undirected	NA	NA
8620	13345	0.0284702305869173	undirected	NA	NA
8620	13435	0.000976941580724055	undirected	NA	NA
8620	13888	0.0998012260728147	undirected	NA	NA
8620	14230	0.0129307502232823	undirected	NA	NA
8620	14422	0.347348426374062	undirected	NA	NA
8620	14483	0.00409728413237354	undirected	NA	NA
8620	14485	0.301555714480099	undirected	NA	NA
8620	14521	0.00335859378632044	undirected	NA	NA
8620	14667	0.321009228253586	undirected	NA	NA
8620	15106	0.301215307659718	undirected	NA	NA
8620	15137	0.0239690243483227	undirected	NA	NA
8724	9468	0.228602360805531	undirected	NA	NA
8724	9634	0.0900597271691443	undirected	NA	NA
8724	10672	0.257683512162396	undirected	NA	NA
8724	10913	0.224031946691511	undirected	NA	NA
8724	11527	0.209039061896159	undirected	NA	NA
8724	11620	0.252081436690161	undirected	NA	NA
8724	11685	0.361763259834871	undirected	NA	NA
8724	12513	0.280292830351792	undirected	NA	NA
8724	12624	0.258248758844458	undirected	NA	NA
8724	12905	0.340144177687003	undirected	NA	NA
8724	13345	0.345765259583592	undirected	NA	NA
8724	13435	0.161579466682568	undirected	NA	NA
8724	13888	0.083183696224264	undirected	NA	NA
8724	14230	0.262731187480748	undirected	NA	NA
8724	14422	0.0308168436621543	undirected	NA	NA
8724	14483	0.314753144003431	undirected	NA	NA
8724	14485	0.0101416766406263	undirected	NA	NA
8724	14521	0.299002923343135	undirected	NA	NA
8724	14667	0.0763721838814675	undirected	NA	NA
8724	15106	0.0614122351648272	undirected	NA	NA
8724	15137	0.190900887263678	undirected	NA	NA
9468	9634	0.125835881867214	undirected	NA	NA
9468	10672	0.196909666706389	undirected	NA	NA
9468	10913	0.124319533856235	undirected	NA	NA
9468	11527	0.222167626593146	undirected	NA	NA
9468	11620	0.230952299911595	undirected	NA	NA
9468	11685	0.229464812059673	undirected	NA	NA
9468	12513	0.277320201845992	undirected	NA	NA
9468	12624	0.0744917267764073	undirected	NA	NA
9468	12905	0.184085144615151	undirected	NA	NA
9468	13345	0.226978007629468	undirected	NA	NA
9468	13435	0.203557414366531	undirected	NA	NA
9468	13888	0.0662285556701407	undirected	NA	NA
9468	14230	0.110413950245235	undirected	NA	NA
9468	14422	0.00733055965305689	undirected	NA	NA
9468	14483	0.309866013673124	undirected	NA	NA
9468	14485	0.00124235130982259	undirected	NA	NA
9468	14521	0.188754606662914	undirected	NA	NA
9468	14667	0.0276997007188241	undirected	NA	NA
9468	15106	0.0195361912200877	undirected	NA	NA
9468	15137	0.154564121891892	undirected	NA	NA
9634	10672	0.198107212222371	undirected	NA	NA
9634	10913	0.0365953817893579	undirected	NA	NA
9634	11527	0.173226838076975	undirected	NA	NA
9634	11620	0.0795380548196695	undirected	NA	NA
9634	11685	0.0982439192975308	undirected	NA	NA
9634	12513	0.146997668892292	undirected	NA	NA
9634	12624	0.0354347234526649	undirected	NA	NA
9634	12905	0.0665106147591875	undirected	NA	NA
9634	13345	0.110468611402177	undirected	NA	NA
9634	13435	0.103290294000817	undirected	NA	NA
9634	13888	0.105574646283319	undirected	NA	NA
9634	14230	0.0477568907517194	undirected	NA	NA
9634	14422	0.0355058645543803	undirected	NA	NA
9634	14483	0.112333683502287	undirected	NA	NA
9634	14485	0.0139928100014674	undirected	NA	NA
9634	14521	0.063148930319227	undirected	NA	NA
9634	14667	0.0280020626964282	undirected	NA	NA
9634	15106	0.0470227255138689	undirected	NA	NA
9634	15137	0.174643961893864	undirected	NA	NA
10672	10913	0.18935626579293	undirected	NA	NA
10672	11527	0.294929566616447	undirected	NA	NA
10672	11620	0.210255159000877	undirected	NA	NA
10672	11685	0.263926687453347	undirected	NA	NA
10672	12513	0.322979570248899	undirected	NA	NA
10672	12624	0.122039272376705	undirected	NA	NA
10672	12905	0.177246564392462	undirected	NA	NA
10672	13345	0.287594008929687	undirected	NA	NA
10672	13435	0.216854063161656	undirected	NA	NA
10672	13888	0.189525238885281	undirected	NA	NA
10672	14230	0.126421736796891	undirected	NA	NA
10672	14422	0.0406890556867666	undirected	NA	NA
10672	14483	0.285341398375833	undirected	NA	NA
10672	14485	0.0105892868933249	undirected	NA	NA
10672	14521	0.205330994617791	undirected	NA	NA
10672	14667	0.0775517297133521	undirected	NA	NA
10672	15106	0.0804147428831464	undirected	NA	NA
10672	15137	0.287529408809191	undirected	NA	NA
10913	11527	0.129179453511867	undirected	NA	NA
10913	11620	0.101531170628312	undirected	NA	NA
10913	11685	0.221994480548481	undirected	NA	NA
10913	12513	0.230886535882622	undirected	NA	NA
10913	12624	0.103892945702135	undirected	NA	NA
10913	12905	0.141008626572133	undirected	NA	NA
10913	13345	0.236040177199641	undirected	NA	NA
10913	13435	0.10446847620472	undirected	NA	NA
10913	13888	0.0778807614175075	undirected	NA	NA
10913	14230	0.0753093620933216	undirected	NA	NA
10913	14422	0.0148646910214689	undirected	NA	NA
10913	14483	0.24604048224759	undirected	NA	NA
10913	14485	0.00371924542536197	undirected	NA	NA
10913	14521	0.20860692288904	undirected	NA	NA
10913	14667	0.0604500126096619	undirected	NA	NA
10913	15106	0.0418630271439821	undirected	NA	NA
10913	15137	0.120115321925666	undirected	NA	NA
11527	11620	0.262465838774698	undirected	NA	NA
11527	11685	0.222503945600439	undirected	NA	NA
11527	12513	0.3288347809456	undirected	NA	NA
11527	12624	0.136832235293269	undirected	NA	NA
11527	12905	0.185195396432487	undirected	NA	NA
11527	13345	0.219210014659492	undirected	NA	NA
11527	13435	0.23868353023978	undirected	NA	NA
11527	13888	0.094927721884156	undirected	NA	NA
11527	14230	0.175825314914549	undirected	NA	NA
11527	14422	0.0221849567913251	undirected	NA	NA
11527	14483	0.26991082352408	undirected	NA	NA
11527	14485	0.00458244318853266	undirected	NA	NA
11527	14521	0.221593071094437	undirected	NA	NA
11527	14667	0.0387876023439323	undirected	NA	NA
11527	15106	0.0463330883941207	undirected	NA	NA
11527	15137	0.238822022731371	undirected	NA	NA
11620	11685	0.26531421706344	undirected	NA	NA
11620	12513	0.252602389189195	undirected	NA	NA
11620	12624	0.127550197209419	undirected	NA	NA
11620	12905	0.211945291670613	undirected	NA	NA
11620	13345	0.21569709840113	undirected	NA	NA
11620	13435	0.242594924030664	undirected	NA	NA
11620	13888	0.0255121757178412	undirected	NA	NA
11620	14230	0.208903626820326	undirected	NA	NA
11620	14422	0.00806258336726124	undirected	NA	NA
11620	14483	0.228772945734245	undirected	NA	NA
11620	14485	0.00147026899123299	undirected	NA	NA
11620	14521	0.243205757191781	undirected	NA	NA
11620	14667	0.0162363935423265	undirected	NA	NA
11620	15106	0.0170981064719908	undirected	NA	NA
11620	15137	0.143847488672791	undirected	NA	NA
11685	12513	0.286491546019895	undirected	NA	NA
11685	12624	0.268304532453377	undirected	NA	NA
11685	12905	0.347265467886875	undirected	NA	NA
11685	13345	0.343777168512038	undirected	NA	NA
11685	13435	0.168291147135778	undirected	NA	NA
11685	13888	0.088034824530488	undirected	NA	NA
11685	14230	0.273884972666183	undirected	NA	NA
11685	14422	0.0324697725869188	undirected	NA	NA
11685	14483	0.314696303496987	undirected	NA	NA
11685	14485	0.0104945879923296	undirected	NA	NA
11685	14521	0.300284269367016	undirected	NA	NA
11685	14667	0.0776018129751925	undirected	NA	NA
11685	15106	0.064535807262902	undirected	NA	NA
11685	15137	0.203794204874295	undirected	NA	NA
12513	12624	0.0897486461308356	undirected	NA	NA
12513	12905	0.177188162671594	undirected	NA	NA
12513	13345	0.305093731824049	undirected	NA	NA
12513	13435	0.307356201805322	undirected	NA	NA
12513	13888	0.12235475472718	undirected	NA	NA
12513	14230	0.106119207646699	undirected	NA	NA
12513	14422	0.0116462119397168	undirected	NA	NA
12513	14483	0.304203492143892	undirected	NA	NA
12513	14485	0.00153393126369122	undirected	NA	NA
12513	14521	0.282646615926622	undirected	NA	NA
12513	14667	0.042642670121872	undirected	NA	NA
12513	15106	0.0353209208549332	undirected	NA	NA
12513	15137	0.250381520151445	undirected	NA	NA
12624	12905	0.251948524497412	undirected	NA	NA
12624	13345	0.217298290806875	undirected	NA	NA
12624	13435	0.0716571925501889	undirected	NA	NA
12624	13888	0.052783705434498	undirected	NA	NA
12624	14230	0.222569403013985	undirected	NA	NA
12624	14422	0.106065281579172	undirected	NA	NA
12624	14483	0.0942910019676242	undirected	NA	NA
12624	14485	0.0776481417551714	undirected	NA	NA
12624	14521	0.156388099099411	undirected	NA	NA
12624	14667	0.0911892638019524	undirected	NA	NA
12624	15106	0.117609485149593	undirected	NA	NA
12624	15137	0.149366640808853	undirected	NA	NA
12905	13345	0.291730047057359	undirected	NA	NA
12905	13435	0.13381845459183	undirected	NA	NA
12905	13888	0.0373192473847214	undirected	NA	NA
12905	14230	0.309355519265578	undirected	NA	NA
12905	14422	0.0268648387627741	undirected	NA	NA
12905	14483	0.206331066775628	undirected	NA	NA
12905	14485	0.011072959547646	undirected	NA	NA
12905	14521	0.24057152905293	undirected	NA	NA
12905	14667	0.0469887772656189	undirected	NA	NA
12905	15106	0.0436128829513338	undirected	NA	NA
12905	15137	0.128127648287805	undirected	NA	NA
13345	13435	0.151212751172487	undirected	NA	NA
13345	13888	0.12596848410088	undirected	NA	NA
13345	14230	0.203004476661644	undirected	NA	NA
13345	14422	0.0467365355109582	undirected	NA	NA
13345	14483	0.334769273392505	undirected	NA	NA
13345	14485	0.0182271857477745	undirected	NA	NA
13345	14521	0.271951414757756	undirected	NA	NA
13345	14667	0.099295396711644	undirected	NA	NA
13345	15106	0.0831950465857949	undirected	NA	NA
13345	15137	0.213211158634693	undirected	NA	NA
13435	13888	0.0442741572588953	undirected	NA	NA
13435	14230	0.113743645247863	undirected	NA	NA
13435	14422	0.00554658099603125	undirected	NA	NA
13435	14483	0.247388397051932	undirected	NA	NA
13435	14485	0.000592632777962794	undirected	NA	NA
13435	14521	0.208428340856011	undirected	NA	NA
13435	14667	0.0157492901405803	undirected	NA	NA
13435	15106	0.016275927923791	undirected	NA	NA
13435	15137	0.16455579153985	undirected	NA	NA
13888	14230	0.0269972720698909	undirected	NA	NA
13888	14422	0.177968915690265	undirected	NA	NA
13888	14483	0.105278515558851	undirected	NA	NA
13888	14485	0.106352345847423	undirected	NA	NA
13888	14521	0.0542969863768493	undirected	NA	NA
13888	14667	0.18117709966592	undirected	NA	NA
13888	15106	0.204947757446425	undirected	NA	NA
13888	15137	0.148957919612533	undirected	NA	NA
14230	14422	0.0317017372645698	undirected	NA	NA
14230	14483	0.105125487585535	undirected	NA	NA
14230	14485	0.0156228857057729	undirected	NA	NA
14230	14521	0.163329759836238	undirected	NA	NA
14230	14667	0.0305302758767011	undirected	NA	NA
14230	15106	0.0453712545861931	undirected	NA	NA
14230	15137	0.142211323771479	undirected	NA	NA
14422	14483	0.00978708372501647	undirected	NA	NA
14422	14485	0.453221334796508	undirected	NA	NA
14422	14521	0.00909743076009652	undirected	NA	NA
14422	14667	0.331777526542798	undirected	NA	NA
14422	15106	0.408420820250142	undirected	NA	NA
14422	15137	0.0739345998207788	undirected	NA	NA
14483	14485	0.00138363947017305	undirected	NA	NA
14483	14521	0.280377567897216	undirected	NA	NA
14483	14667	0.0477537546891073	undirected	NA	NA
14483	15106	0.0309467027976729	undirected	NA	NA
14483	15137	0.199515696177482	undirected	NA	NA
14485	14521	0.00113367984302034	undirected	NA	NA
14485	14667	0.247556624285489	undirected	NA	NA
14485	15106	0.340809669700466	undirected	NA	NA
14485	15137	0.0308624793178143	undirected	NA	NA
14521	14667	0.0389179478702302	undirected	NA	NA
14521	15106	0.0295548034655097	undirected	NA	NA
14521	15137	0.165193536972638	undirected	NA	NA
14667	15106	0.335675729698703	undirected	NA	NA
14667	15137	0.0824145451912778	undirected	NA	NA
15106	15137	0.10845995142234	undirected	NA	NA
