fromNode	toNode	weight	direction	fromAltName	toAltName
151	315	0.0708326528885381	undirected	NA	NA
151	784	0.314054599655778	undirected	NA	NA
151	949	0.259709730719579	undirected	NA	NA
151	1206	0.295543850118433	undirected	NA	NA
151	1932	0.249005463678478	undirected	NA	NA
151	2265	0.218016444938592	undirected	NA	NA
151	2580	0.279954700752401	undirected	NA	NA
151	2684	0.311898321213356	undirected	NA	NA
151	2700	0.0727909037274811	undirected	NA	NA
151	3278	0.0495464247915485	undirected	NA	NA
151	3580	0.155981212106887	undirected	NA	NA
151	3722	0.226644097358823	undirected	NA	NA
151	3796	0.166514984510938	undirected	NA	NA
151	4394	0.0973729882589566	undirected	NA	NA
151	4759	0.32462991256165	undirected	NA	NA
151	5434	0.2744226663847	undirected	NA	NA
151	5806	0.321866171758655	undirected	NA	NA
151	5821	0.0639558415145175	undirected	NA	NA
151	6001	0.227245308579614	undirected	NA	NA
151	6283	0.269388698856782	undirected	NA	NA
151	6293	0.168218947006181	undirected	NA	NA
151	6602	0.273463779180189	undirected	NA	NA
151	6624	0.122436811758517	undirected	NA	NA
151	7024	0.0824502832837295	undirected	NA	NA
151	7358	0.35528626296196	undirected	NA	NA
151	7928	0.318061253307929	undirected	NA	NA
151	8247	0.285025600353914	undirected	NA	NA
151	8491	0.213734893481061	undirected	NA	NA
151	8535	0.285759533282586	undirected	NA	NA
151	8551	0.311236710173399	undirected	NA	NA
151	8725	0.272394762660635	undirected	NA	NA
151	10096	0.10989468300391	undirected	NA	NA
151	10286	0.0951729484986347	undirected	NA	NA
151	12333	0.311791711706198	undirected	NA	NA
151	12349	0.311772232136606	undirected	NA	NA
151	12463	0.276694578169107	undirected	NA	NA
151	12970	0.250074186672471	undirected	NA	NA
151	13135	0.302658930377164	undirected	NA	NA
151	13145	0.308287488630741	undirected	NA	NA
151	13893	0.193531674980709	undirected	NA	NA
151	14127	0.332823807763986	undirected	NA	NA
151	14709	0.292265907215265	undirected	NA	NA
151	14937	0.111343382616184	undirected	NA	NA
151	14949	0.162496695912034	undirected	NA	NA
151	15288	0.284645783325145	undirected	NA	NA
151	15306	0.107367474247502	undirected	NA	NA
151	15342	0.223420335760883	undirected	NA	NA
315	784	0.128304058698681	undirected	NA	NA
315	949	0.0664162747006696	undirected	NA	NA
315	1206	0.0907531798905014	undirected	NA	NA
315	1932	0.0634001862317421	undirected	NA	NA
315	2265	0.0947318743031265	undirected	NA	NA
315	2580	0.0759517663791828	undirected	NA	NA
315	2684	0.10455923844756	undirected	NA	NA
315	2700	0.0110485664012343	undirected	NA	NA
315	3278	0.00895424348239918	undirected	NA	NA
315	3580	0.0337618633488332	undirected	NA	NA
315	3722	0.0307738901048936	undirected	NA	NA
315	3796	0.114893795330476	undirected	NA	NA
315	4394	0.0172203840036741	undirected	NA	NA
315	4759	0.0624848980406535	undirected	NA	NA
315	5434	0.10591939366289	undirected	NA	NA
315	5806	0.0795541500260697	undirected	NA	NA
315	5821	0.00721221504855998	undirected	NA	NA
315	6001	0.158868872261923	undirected	NA	NA
315	6283	0.0987774922676436	undirected	NA	NA
315	6293	0.147593799919943	undirected	NA	NA
315	6602	0.0848554917729984	undirected	NA	NA
315	6624	0.0136402762889814	undirected	NA	NA
315	7024	0.149828324948973	undirected	NA	NA
315	7358	0.118096313801327	undirected	NA	NA
315	7928	0.0917434782955345	undirected	NA	NA
315	8247	0.0711437476888599	undirected	NA	NA
315	8491	0.0688401818753375	undirected	NA	NA
315	8535	0.0650339880886409	undirected	NA	NA
315	8551	0.107019542154156	undirected	NA	NA
315	8725	0.0977244779228326	undirected	NA	NA
315	10096	0.0121181511617855	undirected	NA	NA
315	10286	0.0154797637878058	undirected	NA	NA
315	12333	0.115577785974701	undirected	NA	NA
315	12349	0.0685065340421901	undirected	NA	NA
315	12463	0.0508008937127869	undirected	NA	NA
315	12970	0.0737981248383625	undirected	NA	NA
315	13135	0.0814440571910989	undirected	NA	NA
315	13145	0.134900863546024	undirected	NA	NA
315	13893	0.106110146646034	undirected	NA	NA
315	14127	0.0778634956628009	undirected	NA	NA
315	14709	0.0951600910417439	undirected	NA	NA
315	14937	0.0155199249017271	undirected	NA	NA
315	14949	0.0692208009525926	undirected	NA	NA
315	15288	0.0578009125486607	undirected	NA	NA
315	15306	0.0101583685388681	undirected	NA	NA
315	15342	0.119733336829256	undirected	NA	NA
784	949	0.316373340306739	undirected	NA	NA
784	1206	0.328347695622458	undirected	NA	NA
784	1932	0.281621791213909	undirected	NA	NA
784	2265	0.297446023299888	undirected	NA	NA
784	2580	0.323009621016362	undirected	NA	NA
784	2684	0.353680429478435	undirected	NA	NA
784	2700	0.132991204454122	undirected	NA	NA
784	3278	0.0928295153789442	undirected	NA	NA
784	3580	0.204671988187355	undirected	NA	NA
784	3722	0.203221576280415	undirected	NA	NA
784	3796	0.307233258647612	undirected	NA	NA
784	4394	0.158703238130097	undirected	NA	NA
784	4759	0.310490138176305	undirected	NA	NA
784	5434	0.307544917964974	undirected	NA	NA
784	5806	0.329234404227102	undirected	NA	NA
784	5821	0.105971583444236	undirected	NA	NA
784	6001	0.276315805468164	undirected	NA	NA
784	6283	0.35342219264006	undirected	NA	NA
784	6293	0.236289604887657	undirected	NA	NA
784	6602	0.286361076158877	undirected	NA	NA
784	6624	0.159793045738998	undirected	NA	NA
784	7024	0.1303140602578	undirected	NA	NA
784	7358	0.329400224849582	undirected	NA	NA
784	7928	0.344229390763722	undirected	NA	NA
784	8247	0.280487500618756	undirected	NA	NA
784	8491	0.3028323602407	undirected	NA	NA
784	8535	0.303512827643367	undirected	NA	NA
784	8551	0.352040322942705	undirected	NA	NA
784	8725	0.346330567456831	undirected	NA	NA
784	10096	0.141648935215198	undirected	NA	NA
784	10286	0.172631025442301	undirected	NA	NA
784	12333	0.30979462183132	undirected	NA	NA
784	12349	0.321243528115925	undirected	NA	NA
784	12463	0.272357410536209	undirected	NA	NA
784	12970	0.31106408659607	undirected	NA	NA
784	13135	0.368707145012683	undirected	NA	NA
784	13145	0.274141839462644	undirected	NA	NA
784	13893	0.287725397555304	undirected	NA	NA
784	14127	0.331819169403448	undirected	NA	NA
784	14709	0.294740414505697	undirected	NA	NA
784	14937	0.151936849899944	undirected	NA	NA
784	14949	0.2210359075987	undirected	NA	NA
784	15288	0.328079286542542	undirected	NA	NA
784	15306	0.128630458644224	undirected	NA	NA
784	15342	0.273691629966408	undirected	NA	NA
949	1206	0.313732461932878	undirected	NA	NA
949	1932	0.28360691902386	undirected	NA	NA
949	2265	0.274907837191772	undirected	NA	NA
949	2580	0.306888321994846	undirected	NA	NA
949	2684	0.330465688877795	undirected	NA	NA
949	2700	0.172352684591582	undirected	NA	NA
949	3278	0.0983421686276802	undirected	NA	NA
949	3580	0.274924072863694	undirected	NA	NA
949	3722	0.264358193580934	undirected	NA	NA
949	3796	0.213485289252419	undirected	NA	NA
949	4394	0.20393640273975	undirected	NA	NA
949	4759	0.315922852187971	undirected	NA	NA
949	5434	0.295289851891604	undirected	NA	NA
949	5806	0.332449983452727	undirected	NA	NA
949	5821	0.199403714907731	undirected	NA	NA
949	6001	0.207385678700094	undirected	NA	NA
949	6283	0.276340265885074	undirected	NA	NA
949	6293	0.145071748931584	undirected	NA	NA
949	6602	0.283770255160772	undirected	NA	NA
949	6624	0.222630683191037	undirected	NA	NA
949	7024	0.0846421141848485	undirected	NA	NA
949	7358	0.294803002323855	undirected	NA	NA
949	7928	0.319312550902799	undirected	NA	NA
949	8247	0.276342704112261	undirected	NA	NA
949	8491	0.27374555824023	undirected	NA	NA
949	8535	0.330751826122281	undirected	NA	NA
949	8551	0.322499767832273	undirected	NA	NA
949	8725	0.308217536550388	undirected	NA	NA
949	10096	0.171692315399205	undirected	NA	NA
949	10286	0.226663644349606	undirected	NA	NA
949	12333	0.275586835568019	undirected	NA	NA
949	12349	0.316465922556959	undirected	NA	NA
949	12463	0.297812979684559	undirected	NA	NA
949	12970	0.306711764210021	undirected	NA	NA
949	13135	0.32645723440067	undirected	NA	NA
949	13145	0.238697500891295	undirected	NA	NA
949	13893	0.284308953813942	undirected	NA	NA
949	14127	0.336934041885674	undirected	NA	NA
949	14709	0.260145686740505	undirected	NA	NA
949	14937	0.225769736520766	undirected	NA	NA
949	14949	0.222400951403492	undirected	NA	NA
949	15288	0.31576703014151	undirected	NA	NA
949	15306	0.157152692261675	undirected	NA	NA
949	15342	0.244716433244398	undirected	NA	NA
1206	1932	0.326640128392543	undirected	NA	NA
1206	2265	0.304858128791443	undirected	NA	NA
1206	2580	0.287567563311305	undirected	NA	NA
1206	2684	0.327740233010295	undirected	NA	NA
1206	2700	0.171322737427742	undirected	NA	NA
1206	3278	0.139179054319037	undirected	NA	NA
1206	3580	0.230385213894163	undirected	NA	NA
1206	3722	0.205187329796026	undirected	NA	NA
1206	3796	0.250613139903966	undirected	NA	NA
1206	4394	0.175757455918475	undirected	NA	NA
1206	4759	0.307125856584277	undirected	NA	NA
1206	5434	0.255925545056845	undirected	NA	NA
1206	5806	0.363222201164089	undirected	NA	NA
1206	5821	0.152042326543033	undirected	NA	NA
1206	6001	0.23746860647126	undirected	NA	NA
1206	6283	0.366127971910537	undirected	NA	NA
1206	6293	0.175811148308214	undirected	NA	NA
1206	6602	0.234098955066501	undirected	NA	NA
1206	6624	0.189191367094014	undirected	NA	NA
1206	7024	0.123413459371485	undirected	NA	NA
1206	7358	0.335864364491651	undirected	NA	NA
1206	7928	0.30779496480065	undirected	NA	NA
1206	8247	0.240755521466021	undirected	NA	NA
1206	8491	0.341508584248406	undirected	NA	NA
1206	8535	0.343176944402603	undirected	NA	NA
1206	8551	0.31457000113911	undirected	NA	NA
1206	8725	0.308095610274729	undirected	NA	NA
1206	10096	0.208717747970855	undirected	NA	NA
1206	10286	0.219233854715005	undirected	NA	NA
1206	12333	0.33600656279109	undirected	NA	NA
1206	12349	0.305951264769389	undirected	NA	NA
1206	12463	0.270690160414959	undirected	NA	NA
1206	12970	0.271985401710059	undirected	NA	NA
1206	13135	0.362375786561101	undirected	NA	NA
1206	13145	0.270838791106958	undirected	NA	NA
1206	13893	0.25894860514717	undirected	NA	NA
1206	14127	0.360013436877633	undirected	NA	NA
1206	14709	0.320537974974815	undirected	NA	NA
1206	14937	0.177656498064341	undirected	NA	NA
1206	14949	0.258480301531495	undirected	NA	NA
1206	15288	0.342993579826097	undirected	NA	NA
1206	15306	0.153577734627647	undirected	NA	NA
1206	15342	0.286920417491541	undirected	NA	NA
1932	2265	0.263017717746816	undirected	NA	NA
1932	2580	0.238155326376108	undirected	NA	NA
1932	2684	0.275297279567156	undirected	NA	NA
1932	2700	0.162036086541945	undirected	NA	NA
1932	3278	0.140513785054816	undirected	NA	NA
1932	3580	0.220732821483649	undirected	NA	NA
1932	3722	0.191588344097159	undirected	NA	NA
1932	3796	0.18166238868093	undirected	NA	NA
1932	4394	0.153387926327785	undirected	NA	NA
1932	4759	0.276475534385613	undirected	NA	NA
1932	5434	0.204345810778996	undirected	NA	NA
1932	5806	0.345139392838535	undirected	NA	NA
1932	5821	0.163684322582237	undirected	NA	NA
1932	6001	0.186726661721628	undirected	NA	NA
1932	6283	0.314308115155023	undirected	NA	NA
1932	6293	0.126661916266457	undirected	NA	NA
1932	6602	0.187230342681061	undirected	NA	NA
1932	6624	0.177703769544402	undirected	NA	NA
1932	7024	0.100319658249866	undirected	NA	NA
1932	7358	0.310037421584589	undirected	NA	NA
1932	7928	0.258856024525951	undirected	NA	NA
1932	8247	0.196298665800183	undirected	NA	NA
1932	8491	0.304931076498455	undirected	NA	NA
1932	8535	0.3295079006813	undirected	NA	NA
1932	8551	0.258076978348704	undirected	NA	NA
1932	8725	0.237969523604489	undirected	NA	NA
1932	10096	0.230820858893576	undirected	NA	NA
1932	10286	0.208386734613745	undirected	NA	NA
1932	12333	0.319654855331562	undirected	NA	NA
1932	12349	0.264941449273219	undirected	NA	NA
1932	12463	0.240362300850637	undirected	NA	NA
1932	12970	0.225737158610421	undirected	NA	NA
1932	13135	0.300475709856141	undirected	NA	NA
1932	13145	0.249232016112979	undirected	NA	NA
1932	13893	0.212445164991589	undirected	NA	NA
1932	14127	0.338953527361363	undirected	NA	NA
1932	14709	0.303346779400088	undirected	NA	NA
1932	14937	0.16268447446744	undirected	NA	NA
1932	14949	0.25920315732594	undirected	NA	NA
1932	15288	0.299636982678685	undirected	NA	NA
1932	15306	0.146388583663966	undirected	NA	NA
1932	15342	0.266365655741503	undirected	NA	NA
2265	2580	0.254708824227882	undirected	NA	NA
2265	2684	0.29604067532644	undirected	NA	NA
2265	2700	0.144576957362256	undirected	NA	NA
2265	3278	0.125497691251638	undirected	NA	NA
2265	3580	0.213745810250544	undirected	NA	NA
2265	3722	0.156771241007966	undirected	NA	NA
2265	3796	0.244291700291481	undirected	NA	NA
2265	4394	0.151792555946857	undirected	NA	NA
2265	4759	0.247219516957301	undirected	NA	NA
2265	5434	0.229283360044922	undirected	NA	NA
2265	5806	0.305905024274847	undirected	NA	NA
2265	5821	0.116750411576641	undirected	NA	NA
2265	6001	0.203415784951867	undirected	NA	NA
2265	6283	0.305150928216137	undirected	NA	NA
2265	6293	0.149587871806689	undirected	NA	NA
2265	6602	0.202030872835923	undirected	NA	NA
2265	6624	0.141684907275528	undirected	NA	NA
2265	7024	0.131499524392203	undirected	NA	NA
2265	7358	0.276696248043058	undirected	NA	NA
2265	7928	0.264970844490294	undirected	NA	NA
2265	8247	0.202431737701962	undirected	NA	NA
2265	8491	0.295795832447907	undirected	NA	NA
2265	8535	0.292183211868539	undirected	NA	NA
2265	8551	0.272149872034216	undirected	NA	NA
2265	8725	0.268706107719973	undirected	NA	NA
2265	10096	0.149030676856351	undirected	NA	NA
2265	10286	0.183554626813192	undirected	NA	NA
2265	12333	0.286141175329844	undirected	NA	NA
2265	12349	0.257704769156203	undirected	NA	NA
2265	12463	0.223048408315919	undirected	NA	NA
2265	12970	0.243884351944719	undirected	NA	NA
2265	13135	0.294339832348903	undirected	NA	NA
2265	13145	0.222431463462698	undirected	NA	NA
2265	13893	0.265403051846035	undirected	NA	NA
2265	14127	0.29958159518464	undirected	NA	NA
2265	14709	0.256485836627732	undirected	NA	NA
2265	14937	0.145233134580959	undirected	NA	NA
2265	14949	0.24496574541916	undirected	NA	NA
2265	15288	0.263503301961401	undirected	NA	NA
2265	15306	0.107628468250729	undirected	NA	NA
2265	15342	0.268480075186984	undirected	NA	NA
2580	2684	0.3467084435804	undirected	NA	NA
2580	2700	0.174121869636461	undirected	NA	NA
2580	3278	0.0943488600953625	undirected	NA	NA
2580	3580	0.244999323355598	undirected	NA	NA
2580	3722	0.281942597090494	undirected	NA	NA
2580	3796	0.263307670763646	undirected	NA	NA
2580	4394	0.219070787186265	undirected	NA	NA
2580	4759	0.316918073663008	undirected	NA	NA
2580	5434	0.31804428337016	undirected	NA	NA
2580	5806	0.296414818607603	undirected	NA	NA
2580	5821	0.142258250728523	undirected	NA	NA
2580	6001	0.20729004157902	undirected	NA	NA
2580	6283	0.27175260968636	undirected	NA	NA
2580	6293	0.179987212039378	undirected	NA	NA
2580	6602	0.342130785623029	undirected	NA	NA
2580	6624	0.224962247066184	undirected	NA	NA
2580	7024	0.0741734631907497	undirected	NA	NA
2580	7358	0.267104406209679	undirected	NA	NA
2580	7928	0.323750410186337	undirected	NA	NA
2580	8247	0.320212580001103	undirected	NA	NA
2580	8491	0.244597333053356	undirected	NA	NA
2580	8535	0.29086667915747	undirected	NA	NA
2580	8551	0.356138832118973	undirected	NA	NA
2580	8725	0.35119308289823	undirected	NA	NA
2580	10096	0.144680048866251	undirected	NA	NA
2580	10286	0.206319115318689	undirected	NA	NA
2580	12333	0.23448018761833	undirected	NA	NA
2580	12349	0.334687027760868	undirected	NA	NA
2580	12463	0.32038121229877	undirected	NA	NA
2580	12970	0.331103066661105	undirected	NA	NA
2580	13135	0.349224957971018	undirected	NA	NA
2580	13145	0.208674512796294	undirected	NA	NA
2580	13893	0.263859008612162	undirected	NA	NA
2580	14127	0.309802458586844	undirected	NA	NA
2580	14709	0.225714956198327	undirected	NA	NA
2580	14937	0.219832909378571	undirected	NA	NA
2580	14949	0.145548726599881	undirected	NA	NA
2580	15288	0.323272189357608	undirected	NA	NA
2580	15306	0.180942420321155	undirected	NA	NA
2580	15342	0.189754443491499	undirected	NA	NA
2684	2700	0.165713751317355	undirected	NA	NA
2684	3278	0.104361498819602	undirected	NA	NA
2684	3580	0.239137313186872	undirected	NA	NA
2684	3722	0.250645782932393	undirected	NA	NA
2684	3796	0.30936008275878	undirected	NA	NA
2684	4394	0.200743306015088	undirected	NA	NA
2684	4759	0.320865898689425	undirected	NA	NA
2684	5434	0.311761495999286	undirected	NA	NA
2684	5806	0.311692895921307	undirected	NA	NA
2684	5821	0.129330865456316	undirected	NA	NA
2684	6001	0.251826267323351	undirected	NA	NA
2684	6283	0.33264294404688	undirected	NA	NA
2684	6293	0.218058550329347	undirected	NA	NA
2684	6602	0.33085094825327	undirected	NA	NA
2684	6624	0.201363294413705	undirected	NA	NA
2684	7024	0.104838100834404	undirected	NA	NA
2684	7358	0.295620177401382	undirected	NA	NA
2684	7928	0.353169002145215	undirected	NA	NA
2684	8247	0.297957819705062	undirected	NA	NA
2684	8491	0.293056403970867	undirected	NA	NA
2684	8535	0.299033976481281	undirected	NA	NA
2684	8551	0.377761114651751	undirected	NA	NA
2684	8725	0.374288257432837	undirected	NA	NA
2684	10096	0.153335055120568	undirected	NA	NA
2684	10286	0.203569324894575	undirected	NA	NA
2684	12333	0.273136491121868	undirected	NA	NA
2684	12349	0.335040122720905	undirected	NA	NA
2684	12463	0.288370825234591	undirected	NA	NA
2684	12970	0.340757832378369	undirected	NA	NA
2684	13135	0.38427670040956	undirected	NA	NA
2684	13145	0.243430393118928	undirected	NA	NA
2684	13893	0.282897583267226	undirected	NA	NA
2684	14127	0.320016504084184	undirected	NA	NA
2684	14709	0.272702199317832	undirected	NA	NA
2684	14937	0.194880558509874	undirected	NA	NA
2684	14949	0.189925857684367	undirected	NA	NA
2684	15288	0.346716239945082	undirected	NA	NA
2684	15306	0.162643680934487	undirected	NA	NA
2684	15342	0.227617938326063	undirected	NA	NA
2700	3278	0.262412002557196	undirected	NA	NA
2700	3580	0.268927389304918	undirected	NA	NA
2700	3722	0.206400202223782	undirected	NA	NA
2700	3796	0.0720562696672436	undirected	NA	NA
2700	4394	0.272112233013516	undirected	NA	NA
2700	4759	0.197339168633714	undirected	NA	NA
2700	5434	0.107318074174707	undirected	NA	NA
2700	5806	0.194304055466708	undirected	NA	NA
2700	5821	0.177239861912651	undirected	NA	NA
2700	6001	0.0494248437914694	undirected	NA	NA
2700	6283	0.119729911792698	undirected	NA	NA
2700	6293	0.0225665299006354	undirected	NA	NA
2700	6602	0.118770761602405	undirected	NA	NA
2700	6624	0.256802006926561	undirected	NA	NA
2700	7024	0.02586135765283	undirected	NA	NA
2700	7358	0.113742867146166	undirected	NA	NA
2700	7928	0.14659623216042	undirected	NA	NA
2700	8247	0.13541589357164	undirected	NA	NA
2700	8491	0.1576228977789	undirected	NA	NA
2700	8535	0.218885964985299	undirected	NA	NA
2700	8551	0.147480348606964	undirected	NA	NA
2700	8725	0.149255276017464	undirected	NA	NA
2700	10096	0.178153831338988	undirected	NA	NA
2700	10286	0.269037492820196	undirected	NA	NA
2700	12333	0.112441720380266	undirected	NA	NA
2700	12349	0.20404175132788	undirected	NA	NA
2700	12463	0.228292264394658	undirected	NA	NA
2700	12970	0.143428526892076	undirected	NA	NA
2700	13135	0.168314404337878	undirected	NA	NA
2700	13145	0.0685833443909809	undirected	NA	NA
2700	13893	0.114705658418271	undirected	NA	NA
2700	14127	0.200172056327787	undirected	NA	NA
2700	14709	0.113397822742184	undirected	NA	NA
2700	14937	0.299363409622257	undirected	NA	NA
2700	14949	0.0892652362435167	undirected	NA	NA
2700	15288	0.178586621447705	undirected	NA	NA
2700	15306	0.174264846129968	undirected	NA	NA
2700	15342	0.0856229313108846	undirected	NA	NA
3278	3580	0.223207198456635	undirected	NA	NA
3278	3722	0.132080033275895	undirected	NA	NA
3278	3796	0.0560109032419496	undirected	NA	NA
3278	4394	0.239630591508066	undirected	NA	NA
3278	4759	0.115634409426844	undirected	NA	NA
3278	5434	0.0556866305332215	undirected	NA	NA
3278	5806	0.142091188647789	undirected	NA	NA
3278	5821	0.152706786695383	undirected	NA	NA
3278	6001	0.0355818364441921	undirected	NA	NA
3278	6283	0.102446199656274	undirected	NA	NA
3278	6293	0.0143618086278348	undirected	NA	NA
3278	6602	0.0676772352074343	undirected	NA	NA
3278	6624	0.203572372782503	undirected	NA	NA
3278	7024	0.0276177187953743	undirected	NA	NA
3278	7358	0.0784619311539525	undirected	NA	NA
3278	7928	0.0785725848353626	undirected	NA	NA
3278	8247	0.0692497000059664	undirected	NA	NA
3278	8491	0.147250266400339	undirected	NA	NA
3278	8535	0.163404834752948	undirected	NA	NA
3278	8551	0.0998871146949726	undirected	NA	NA
3278	8725	0.105453316900989	undirected	NA	NA
3278	10096	0.143483276614935	undirected	NA	NA
3278	10286	0.259064171255668	undirected	NA	NA
3278	12333	0.0867846505874166	undirected	NA	NA
3278	12349	0.120410472589807	undirected	NA	NA
3278	12463	0.142173628876652	undirected	NA	NA
3278	12970	0.0709838007080071	undirected	NA	NA
3278	13135	0.126715457582358	undirected	NA	NA
3278	13145	0.0482332819367925	undirected	NA	NA
3278	13893	0.071878306225862	undirected	NA	NA
3278	14127	0.142281320175599	undirected	NA	NA
3278	14709	0.0949615850902229	undirected	NA	NA
3278	14937	0.244494416692177	undirected	NA	NA
3278	14949	0.069129435424087	undirected	NA	NA
3278	15288	0.135337223141402	undirected	NA	NA
3278	15306	0.111298344666137	undirected	NA	NA
3278	15342	0.0646945913340013	undirected	NA	NA
3580	3722	0.189526522407001	undirected	NA	NA
3580	3796	0.15056277972998	undirected	NA	NA
3580	4394	0.242537556672789	undirected	NA	NA
3580	4759	0.246826977495545	undirected	NA	NA
3580	5434	0.180492574501423	undirected	NA	NA
3580	5806	0.258695951933662	undirected	NA	NA
3580	5821	0.210506822223713	undirected	NA	NA
3580	6001	0.109072784947304	undirected	NA	NA
3580	6283	0.208371339736799	undirected	NA	NA
3580	6293	0.0740732039128077	undirected	NA	NA
3580	6602	0.162227533987603	undirected	NA	NA
3580	6624	0.236815227785396	undirected	NA	NA
3580	7024	0.0582929155913448	undirected	NA	NA
3580	7358	0.186407813651269	undirected	NA	NA
3580	7928	0.230356640073077	undirected	NA	NA
3580	8247	0.184013537908543	undirected	NA	NA
3580	8491	0.23660889091917	undirected	NA	NA
3580	8535	0.270173484752086	undirected	NA	NA
3580	8551	0.207956673246496	undirected	NA	NA
3580	8725	0.212907960707679	undirected	NA	NA
3580	10096	0.222185353059949	undirected	NA	NA
3580	10286	0.285594553970695	undirected	NA	NA
3580	12333	0.186580844636586	undirected	NA	NA
3580	12349	0.252737787165321	undirected	NA	NA
3580	12463	0.241012727498444	undirected	NA	NA
3580	12970	0.237743287974942	undirected	NA	NA
3580	13135	0.241334428008609	undirected	NA	NA
3580	13145	0.127618265041683	undirected	NA	NA
3580	13893	0.209008891898026	undirected	NA	NA
3580	14127	0.259025108200706	undirected	NA	NA
3580	14709	0.175449634882429	undirected	NA	NA
3580	14937	0.247163284272452	undirected	NA	NA
3580	14949	0.186034045867594	undirected	NA	NA
3580	15288	0.24049248621163	undirected	NA	NA
3580	15306	0.188670025345805	undirected	NA	NA
3580	15342	0.172702951023821	undirected	NA	NA
3722	3796	0.142141906890347	undirected	NA	NA
3722	4394	0.20507259816177	undirected	NA	NA
3722	4759	0.321732393948009	undirected	NA	NA
3722	5434	0.215369944133902	undirected	NA	NA
3722	5806	0.255243252863296	undirected	NA	NA
3722	5821	0.167252754032118	undirected	NA	NA
3722	6001	0.112376619792433	undirected	NA	NA
3722	6283	0.195666387417827	undirected	NA	NA
3722	6293	0.100119807218892	undirected	NA	NA
3722	6602	0.215514844549008	undirected	NA	NA
3722	6624	0.264335954418213	undirected	NA	NA
3722	7024	0.0346733288865465	undirected	NA	NA
3722	7358	0.204863843896257	undirected	NA	NA
3722	7928	0.275714107185765	undirected	NA	NA
3722	8247	0.263853303481618	undirected	NA	NA
3722	8491	0.182087541670566	undirected	NA	NA
3722	8535	0.253605626131941	undirected	NA	NA
3722	8551	0.226955788605101	undirected	NA	NA
3722	8725	0.223156915640813	undirected	NA	NA
3722	10096	0.212910667236125	undirected	NA	NA
3722	10286	0.217945005454449	undirected	NA	NA
3722	12333	0.174324815960528	undirected	NA	NA
3722	12349	0.310757661965454	undirected	NA	NA
3722	12463	0.30467812086352	undirected	NA	NA
3722	12970	0.256754945455449	undirected	NA	NA
3722	13135	0.264411920389971	undirected	NA	NA
3722	13145	0.139540527474089	undirected	NA	NA
3722	13893	0.156929307153182	undirected	NA	NA
3722	14127	0.271351569386275	undirected	NA	NA
3722	14709	0.167449225953308	undirected	NA	NA
3722	14937	0.21971702747432	undirected	NA	NA
3722	14949	0.11283126262432	undirected	NA	NA
3722	15288	0.282327181575406	undirected	NA	NA
3722	15306	0.265910923236553	undirected	NA	NA
3722	15342	0.127153387946378	undirected	NA	NA
3796	4394	0.0989246522960769	undirected	NA	NA
3796	4759	0.227540868395349	undirected	NA	NA
3796	5434	0.266955526487544	undirected	NA	NA
3796	5806	0.242264550514761	undirected	NA	NA
3796	5821	0.0405956752756281	undirected	NA	NA
3796	6001	0.207022311206959	undirected	NA	NA
3796	6283	0.231347812204586	undirected	NA	NA
3796	6293	0.173691417347957	undirected	NA	NA
3796	6602	0.255023443718205	undirected	NA	NA
3796	6624	0.0802438195410871	undirected	NA	NA
3796	7024	0.126998004134218	undirected	NA	NA
3796	7358	0.246690288329086	undirected	NA	NA
3796	7928	0.268669141212864	undirected	NA	NA
3796	8247	0.237222998490957	undirected	NA	NA
3796	8491	0.195171448939655	undirected	NA	NA
3796	8535	0.220731811552924	undirected	NA	NA
3796	8551	0.301725570327926	undirected	NA	NA
3796	8725	0.292249707528677	undirected	NA	NA
3796	10096	0.0619964707232396	undirected	NA	NA
3796	10286	0.0851792307694597	undirected	NA	NA
3796	12333	0.231862547355307	undirected	NA	NA
3796	12349	0.254296858476031	undirected	NA	NA
3796	12463	0.213952576828305	undirected	NA	NA
3796	12970	0.231984922801484	undirected	NA	NA
3796	13135	0.253625092984934	undirected	NA	NA
3796	13145	0.20424760366801	undirected	NA	NA
3796	13893	0.254094670912652	undirected	NA	NA
3796	14127	0.246008275149703	undirected	NA	NA
3796	14709	0.204113176627653	undirected	NA	NA
3796	14937	0.0914824088635732	undirected	NA	NA
3796	14949	0.137492717008387	undirected	NA	NA
3796	15288	0.198810974319374	undirected	NA	NA
3796	15306	0.0647101706614098	undirected	NA	NA
3796	15342	0.202661740403449	undirected	NA	NA
4394	4759	0.222558034731846	undirected	NA	NA
4394	5434	0.148343401577355	undirected	NA	NA
4394	5806	0.201700648133432	undirected	NA	NA
4394	5821	0.152414749960216	undirected	NA	NA
4394	6001	0.0633916259923125	undirected	NA	NA
4394	6283	0.125684200499119	undirected	NA	NA
4394	6293	0.0444109944882998	undirected	NA	NA
4394	6602	0.152000314294546	undirected	NA	NA
4394	6624	0.218569185735021	undirected	NA	NA
4394	7024	0.0303487973350607	undirected	NA	NA
4394	7358	0.131988283037451	undirected	NA	NA
4394	7928	0.18876670151909	undirected	NA	NA
4394	8247	0.175824945884383	undirected	NA	NA
4394	8491	0.149543777184673	undirected	NA	NA
4394	8535	0.218404998237765	undirected	NA	NA
4394	8551	0.173825174738539	undirected	NA	NA
4394	8725	0.172673503701655	undirected	NA	NA
4394	10096	0.181886564892708	undirected	NA	NA
4394	10286	0.243196658971729	undirected	NA	NA
4394	12333	0.124282846552407	undirected	NA	NA
4394	12349	0.235432459041307	undirected	NA	NA
4394	12463	0.244911780100714	undirected	NA	NA
4394	12970	0.190569237783894	undirected	NA	NA
4394	13135	0.177367526722756	undirected	NA	NA
4394	13145	0.0828541191488041	undirected	NA	NA
4394	13893	0.148565141793349	undirected	NA	NA
4394	14127	0.209344877050552	undirected	NA	NA
4394	14709	0.117709557223499	undirected	NA	NA
4394	14937	0.251389676892982	undirected	NA	NA
4394	14949	0.096986294192158	undirected	NA	NA
4394	15288	0.176494872370745	undirected	NA	NA
4394	15306	0.201983441335754	undirected	NA	NA
4394	15342	0.100251814324039	undirected	NA	NA
4759	5434	0.279094843429825	undirected	NA	NA
4759	5806	0.321366770573294	undirected	NA	NA
4759	5821	0.183464228258422	undirected	NA	NA
4759	6001	0.202940437891901	undirected	NA	NA
4759	6283	0.294594712121983	undirected	NA	NA
4759	6293	0.171293916580311	undirected	NA	NA
4759	6602	0.320292377994358	undirected	NA	NA
4759	6624	0.270680543039969	undirected	NA	NA
4759	7024	0.0669416748947487	undirected	NA	NA
4759	7358	0.288746095593552	undirected	NA	NA
4759	7928	0.323355160179501	undirected	NA	NA
4759	8247	0.301352671321078	undirected	NA	NA
4759	8491	0.265040017573508	undirected	NA	NA
4759	8535	0.31429982727622	undirected	NA	NA
4759	8551	0.344371207762774	undirected	NA	NA
4759	8725	0.33221261057339	undirected	NA	NA
4759	10096	0.207864762531713	undirected	NA	NA
4759	10286	0.235287177079009	undirected	NA	NA
4759	12333	0.254839403551361	undirected	NA	NA
4759	12349	0.32920709589456	undirected	NA	NA
4759	12463	0.328577219946527	undirected	NA	NA
4759	12970	0.312924971628975	undirected	NA	NA
4759	13135	0.371400074403192	undirected	NA	NA
4759	13145	0.226132200025436	undirected	NA	NA
4759	13893	0.212739014386411	undirected	NA	NA
4759	14127	0.336338343200344	undirected	NA	NA
4759	14709	0.260238674273953	undirected	NA	NA
4759	14937	0.238613924410193	undirected	NA	NA
4759	14949	0.156651659184319	undirected	NA	NA
4759	15288	0.37180716393194	undirected	NA	NA
4759	15306	0.236188220466514	undirected	NA	NA
4759	15342	0.183722727328907	undirected	NA	NA
5434	5806	0.25547015472468	undirected	NA	NA
5434	5821	0.0876573735755451	undirected	NA	NA
5434	6001	0.232954752886063	undirected	NA	NA
5434	6283	0.256506918895872	undirected	NA	NA
5434	6293	0.216937327721496	undirected	NA	NA
5434	6602	0.314370190713357	undirected	NA	NA
5434	6624	0.149507546479474	undirected	NA	NA
5434	7024	0.0844172215829121	undirected	NA	NA
5434	7358	0.261214057024975	undirected	NA	NA
5434	7928	0.328522511688329	undirected	NA	NA
5434	8247	0.281390733684323	undirected	NA	NA
5434	8491	0.211860649329684	undirected	NA	NA
5434	8535	0.240415885157269	undirected	NA	NA
5434	8551	0.329162209688932	undirected	NA	NA
5434	8725	0.320606791395242	undirected	NA	NA
5434	10096	0.0954307140633109	undirected	NA	NA
5434	10286	0.1367123372732	undirected	NA	NA
5434	12333	0.227619935963411	undirected	NA	NA
5434	12349	0.291833321600662	undirected	NA	NA
5434	12463	0.25579617283021	undirected	NA	NA
5434	12970	0.328229441509561	undirected	NA	NA
5434	13135	0.310681813960494	undirected	NA	NA
5434	13145	0.224517542690691	undirected	NA	NA
5434	13893	0.251597197885935	undirected	NA	NA
5434	14127	0.265723451864497	undirected	NA	NA
5434	14709	0.214454883594165	undirected	NA	NA
5434	14937	0.144416178968632	undirected	NA	NA
5434	14949	0.151888843839486	undirected	NA	NA
5434	15288	0.274733825758096	undirected	NA	NA
5434	15306	0.118157605804684	undirected	NA	NA
5434	15342	0.188419319103569	undirected	NA	NA
5806	5821	0.192021594364296	undirected	NA	NA
5806	6001	0.237994593048136	undirected	NA	NA
5806	6283	0.363682838265646	undirected	NA	NA
5806	6293	0.174453246041848	undirected	NA	NA
5806	6602	0.26522544824952	undirected	NA	NA
5806	6624	0.232086816177784	undirected	NA	NA
5806	7024	0.106230387257078	undirected	NA	NA
5806	7358	0.317979731387348	undirected	NA	NA
5806	7928	0.315758472113828	undirected	NA	NA
5806	8247	0.248775696005531	undirected	NA	NA
5806	8491	0.342871994480116	undirected	NA	NA
5806	8535	0.334545271775823	undirected	NA	NA
5806	8551	0.337228430378843	undirected	NA	NA
5806	8725	0.325658971227635	undirected	NA	NA
5806	10096	0.236968581874614	undirected	NA	NA
5806	10286	0.247884336600021	undirected	NA	NA
5806	12333	0.313066662014228	undirected	NA	NA
5806	12349	0.312500529035455	undirected	NA	NA
5806	12463	0.278436814076585	undirected	NA	NA
5806	12970	0.291332554420002	undirected	NA	NA
5806	13135	0.384913699878206	undirected	NA	NA
5806	13145	0.265356559474903	undirected	NA	NA
5806	13893	0.244303501049681	undirected	NA	NA
5806	14127	0.346960433832018	undirected	NA	NA
5806	14709	0.330457677773092	undirected	NA	NA
5806	14937	0.213858594626978	undirected	NA	NA
5806	14949	0.243904609467938	undirected	NA	NA
5806	15288	0.377416707624712	undirected	NA	NA
5806	15306	0.188353712986226	undirected	NA	NA
5806	15342	0.258470137230446	undirected	NA	NA
5821	6001	0.04118146286122	undirected	NA	NA
5821	6283	0.0964640462677034	undirected	NA	NA
5821	6293	0.0182428000283721	undirected	NA	NA
5821	6602	0.080573676647982	undirected	NA	NA
5821	6624	0.185799176048425	undirected	NA	NA
5821	7024	0.0223739695732343	undirected	NA	NA
5821	7358	0.116878141763659	undirected	NA	NA
5821	7928	0.13357948509295	undirected	NA	NA
5821	8247	0.103112759345114	undirected	NA	NA
5821	8491	0.132735158333631	undirected	NA	NA
5821	8535	0.213580798525561	undirected	NA	NA
5821	8551	0.10572098444177	undirected	NA	NA
5821	8725	0.0983546978623239	undirected	NA	NA
5821	10096	0.201898327194459	undirected	NA	NA
5821	10286	0.18971513757964	undirected	NA	NA
5821	12333	0.120103632863856	undirected	NA	NA
5821	12349	0.16662928397059	undirected	NA	NA
5821	12463	0.176851460221011	undirected	NA	NA
5821	12970	0.13994209354132	undirected	NA	NA
5821	13135	0.123430198877667	undirected	NA	NA
5821	13145	0.0741482581442576	undirected	NA	NA
5821	13893	0.1013382967757	undirected	NA	NA
5821	14127	0.191860054263847	undirected	NA	NA
5821	14709	0.116074558050099	undirected	NA	NA
5821	14937	0.205806061572638	undirected	NA	NA
5821	14949	0.141739169074439	undirected	NA	NA
5821	15288	0.143071888127912	undirected	NA	NA
5821	15306	0.138904427563413	undirected	NA	NA
5821	15342	0.102356098423739	undirected	NA	NA
6001	6283	0.239663529428983	undirected	NA	NA
6001	6293	0.227580273763215	undirected	NA	NA
6001	6602	0.195963424157154	undirected	NA	NA
6001	6624	0.0642053688564717	undirected	NA	NA
6001	7024	0.138680434525346	undirected	NA	NA
6001	7358	0.298303526763516	undirected	NA	NA
6001	7928	0.245251056059692	undirected	NA	NA
6001	8247	0.19028870349261	undirected	NA	NA
6001	8491	0.180867441870175	undirected	NA	NA
6001	8535	0.204655278116463	undirected	NA	NA
6001	8551	0.244191939398851	undirected	NA	NA
6001	8725	0.214616814244826	undirected	NA	NA
6001	10096	0.063312760021447	undirected	NA	NA
6001	10286	0.070556399799223	undirected	NA	NA
6001	12333	0.281708786887334	undirected	NA	NA
6001	12349	0.205551153345153	undirected	NA	NA
6001	12463	0.164274245965131	undirected	NA	NA
6001	12970	0.203640497998076	undirected	NA	NA
6001	13135	0.216747689545077	undirected	NA	NA
6001	13145	0.295988725231715	undirected	NA	NA
6001	13893	0.208616339082521	undirected	NA	NA
6001	14127	0.236308541305601	undirected	NA	NA
6001	14709	0.241682244976997	undirected	NA	NA
6001	14937	0.0590209740798185	undirected	NA	NA
6001	14949	0.181969505254893	undirected	NA	NA
6001	15288	0.185591041100218	undirected	NA	NA
6001	15306	0.0516091113650294	undirected	NA	NA
6001	15342	0.251692078429652	undirected	NA	NA
6283	6293	0.179530924527461	undirected	NA	NA
6283	6602	0.246557548894414	undirected	NA	NA
6283	6624	0.134909866096534	undirected	NA	NA
6283	7024	0.138528469696589	undirected	NA	NA
6283	7358	0.361367606172852	undirected	NA	NA
6283	7928	0.297993088020689	undirected	NA	NA
6283	8247	0.239890305716998	undirected	NA	NA
6283	8491	0.296004672443965	undirected	NA	NA
6283	8535	0.333500809374979	undirected	NA	NA
6283	8551	0.329142028169669	undirected	NA	NA
6283	8725	0.298964398731375	undirected	NA	NA
6283	10096	0.160019178751577	undirected	NA	NA
6283	10286	0.155237297855454	undirected	NA	NA
6283	12333	0.362651626307001	undirected	NA	NA
6283	12349	0.296089187434558	undirected	NA	NA
6283	12463	0.260207321742338	undirected	NA	NA
6283	12970	0.243527357097514	undirected	NA	NA
6283	13135	0.325472863347764	undirected	NA	NA
6283	13145	0.304965533934078	undirected	NA	NA
6283	13893	0.245298082217023	undirected	NA	NA
6283	14127	0.360792442358741	undirected	NA	NA
6283	14709	0.344098615212554	undirected	NA	NA
6283	14937	0.130347472563609	undirected	NA	NA
6283	14949	0.233502478459119	undirected	NA	NA
6283	15288	0.29080083423133	undirected	NA	NA
6283	15306	0.11567909973856	undirected	NA	NA
6283	15342	0.290528625597639	undirected	NA	NA
6293	6602	0.20310304115941	undirected	NA	NA
6293	6624	0.043503886811182	undirected	NA	NA
6293	7024	0.101953526336234	undirected	NA	NA
6293	7358	0.237630520202815	undirected	NA	NA
6293	7928	0.210697759619707	undirected	NA	NA
6293	8247	0.188631718518272	undirected	NA	NA
6293	8491	0.122490397463002	undirected	NA	NA
6293	8535	0.145343627116507	undirected	NA	NA
6293	8551	0.224704713298364	undirected	NA	NA
6293	8725	0.200985374132945	undirected	NA	NA
6293	10096	0.0251294988788187	undirected	NA	NA
6293	10286	0.0365207886048167	undirected	NA	NA
6293	12333	0.205231071859461	undirected	NA	NA
6293	12349	0.179020883830989	undirected	NA	NA
6293	12463	0.144002227024083	undirected	NA	NA
6293	12970	0.162777491800579	undirected	NA	NA
6293	13135	0.186693870222103	undirected	NA	NA
6293	13145	0.238627625910048	undirected	NA	NA
6293	13893	0.158081816518773	undirected	NA	NA
6293	14127	0.179361062882155	undirected	NA	NA
6293	14709	0.176914742066399	undirected	NA	NA
6293	14937	0.043185388521276	undirected	NA	NA
6293	14949	0.0978015104262392	undirected	NA	NA
6293	15288	0.149049778444804	undirected	NA	NA
6293	15306	0.0290515489567335	undirected	NA	NA
6293	15342	0.166315257178368	undirected	NA	NA
6602	6624	0.159490964040623	undirected	NA	NA
6602	7024	0.0670580074217186	undirected	NA	NA
6602	7358	0.258089644380068	undirected	NA	NA
6602	7928	0.346207319413773	undirected	NA	NA
6602	8247	0.324858829365344	undirected	NA	NA
6602	8491	0.198389554583518	undirected	NA	NA
6602	8535	0.246237421306149	undirected	NA	NA
6602	8551	0.305697749903291	undirected	NA	NA
6602	8725	0.303859839843255	undirected	NA	NA
6602	10096	0.107161418322129	undirected	NA	NA
6602	10286	0.138861318125097	undirected	NA	NA
6602	12333	0.217605936959629	undirected	NA	NA
6602	12349	0.336446288605953	undirected	NA	NA
6602	12463	0.293767431876828	undirected	NA	NA
6602	12970	0.317860623728734	undirected	NA	NA
6602	13135	0.306589648272487	undirected	NA	NA
6602	13145	0.199269392650528	undirected	NA	NA
6602	13893	0.237975661751682	undirected	NA	NA
6602	14127	0.27949778967223	undirected	NA	NA
6602	14709	0.193318043256054	undirected	NA	NA
6602	14937	0.142944705494889	undirected	NA	NA
6602	14949	0.130204888360217	undirected	NA	NA
6602	15288	0.276664122754263	undirected	NA	NA
6602	15306	0.14616060418586	undirected	NA	NA
6602	15342	0.177433553224483	undirected	NA	NA
6624	7024	0.0247237608543885	undirected	NA	NA
6624	7358	0.154806515104577	undirected	NA	NA
6624	7928	0.20481282693519	undirected	NA	NA
6624	8247	0.194699928571858	undirected	NA	NA
6624	8491	0.154059984920171	undirected	NA	NA
6624	8535	0.247628036388353	undirected	NA	NA
6624	8551	0.17806883552111	undirected	NA	NA
6624	8725	0.168997214727226	undirected	NA	NA
6624	10096	0.233402518037382	undirected	NA	NA
6624	10286	0.24331585148059	undirected	NA	NA
6624	12333	0.140415234383592	undirected	NA	NA
6624	12349	0.262981594689561	undirected	NA	NA
6624	12463	0.281585970948288	undirected	NA	NA
6624	12970	0.194991278467549	undirected	NA	NA
6624	13135	0.195792521202665	undirected	NA	NA
6624	13145	0.0965561622319878	undirected	NA	NA
6624	13893	0.125588093858436	undirected	NA	NA
6624	14127	0.244237787232928	undirected	NA	NA
6624	14709	0.138368838743717	undirected	NA	NA
6624	14937	0.262719301531362	undirected	NA	NA
6624	14949	0.100164610585901	undirected	NA	NA
6624	15288	0.213750550947584	undirected	NA	NA
6624	15306	0.256594746052114	undirected	NA	NA
6624	15342	0.100571747592866	undirected	NA	NA
7024	7358	0.125345577053382	undirected	NA	NA
7024	7928	0.0859986250090643	undirected	NA	NA
7024	8247	0.0583415790790306	undirected	NA	NA
7024	8491	0.119046683646302	undirected	NA	NA
7024	8535	0.0937964918831073	undirected	NA	NA
7024	8551	0.102669410609546	undirected	NA	NA
7024	8725	0.0947859564704043	undirected	NA	NA
7024	10096	0.0322031356808885	undirected	NA	NA
7024	10286	0.0388349299733472	undirected	NA	NA
7024	12333	0.144129915502131	undirected	NA	NA
7024	12349	0.0709706925250821	undirected	NA	NA
7024	12463	0.055349689814744	undirected	NA	NA
7024	12970	0.074109770786288	undirected	NA	NA
7024	13135	0.0976152355970259	undirected	NA	NA
7024	13145	0.130946708909321	undirected	NA	NA
7024	13893	0.117809367337866	undirected	NA	NA
7024	14127	0.0992449672266332	undirected	NA	NA
7024	14709	0.126408229992886	undirected	NA	NA
7024	14937	0.0266524291844578	undirected	NA	NA
7024	14949	0.12625160276167	undirected	NA	NA
7024	15288	0.0776737558414833	undirected	NA	NA
7024	15306	0.0171053853754363	undirected	NA	NA
7024	15342	0.159022169655832	undirected	NA	NA
7358	7928	0.30678124251461	undirected	NA	NA
7358	8247	0.237709692757211	undirected	NA	NA
7358	8491	0.301947103249802	undirected	NA	NA
7358	8535	0.286569228112299	undirected	NA	NA
7358	8551	0.325030571265059	undirected	NA	NA
7358	8725	0.304485196012667	undirected	NA	NA
7358	10096	0.159736562419861	undirected	NA	NA
7358	10286	0.159133647886263	undirected	NA	NA
7358	12333	0.330742019059024	undirected	NA	NA
7358	12349	0.277631237627208	undirected	NA	NA
7358	12463	0.234658112142325	undirected	NA	NA
7358	12970	0.267340057103819	undirected	NA	NA
7358	13135	0.356737763472333	undirected	NA	NA
7358	13145	0.326444101666109	undirected	NA	NA
7358	13893	0.229285370914787	undirected	NA	NA
7358	14127	0.318041129977898	undirected	NA	NA
7358	14709	0.340799096063422	undirected	NA	NA
7358	14937	0.137201801169991	undirected	NA	NA
7358	14949	0.234499043622936	undirected	NA	NA
7358	15288	0.337665538716776	undirected	NA	NA
7358	15306	0.125470554914083	undirected	NA	NA
7358	15342	0.276283408227144	undirected	NA	NA
7928	8247	0.320324523333105	undirected	NA	NA
7928	8491	0.258016585985368	undirected	NA	NA
7928	8535	0.302193055668295	undirected	NA	NA
7928	8551	0.368634922544124	undirected	NA	NA
7928	8725	0.35537520950207	undirected	NA	NA
7928	10096	0.140659448659766	undirected	NA	NA
7928	10286	0.186219023008524	undirected	NA	NA
7928	12333	0.270231206954113	undirected	NA	NA
7928	12349	0.332990820462665	undirected	NA	NA
7928	12463	0.312174013783788	undirected	NA	NA
7928	12970	0.33612936104518	undirected	NA	NA
7928	13135	0.364040814859649	undirected	NA	NA
7928	13145	0.25551246308582	undirected	NA	NA
7928	13893	0.266644506329739	undirected	NA	NA
7928	14127	0.327804686116995	undirected	NA	NA
7928	14709	0.259444378085834	undirected	NA	NA
7928	14937	0.193814831933382	undirected	NA	NA
7928	14949	0.167086625717324	undirected	NA	NA
7928	15288	0.338036595703914	undirected	NA	NA
7928	15306	0.162407928653196	undirected	NA	NA
7928	15342	0.217308356744652	undirected	NA	NA
8247	8491	0.198123842245101	undirected	NA	NA
8247	8535	0.238076680068683	undirected	NA	NA
8247	8551	0.32065904317503	undirected	NA	NA
8247	8725	0.313944974803989	undirected	NA	NA
8247	10096	0.120204896935111	undirected	NA	NA
8247	10286	0.158108715464858	undirected	NA	NA
8247	12333	0.199017588304342	undirected	NA	NA
8247	12349	0.310074396550303	undirected	NA	NA
8247	12463	0.287315014587507	undirected	NA	NA
8247	12970	0.311277489767611	undirected	NA	NA
8247	13135	0.317672645337968	undirected	NA	NA
8247	13145	0.188919156046211	undirected	NA	NA
8247	13893	0.207024084251853	undirected	NA	NA
8247	14127	0.264955665685006	undirected	NA	NA
8247	14709	0.196120615794394	undirected	NA	NA
8247	14937	0.174327272377566	undirected	NA	NA
8247	14949	0.115771738853754	undirected	NA	NA
8247	15288	0.29696628875448	undirected	NA	NA
8247	15306	0.174734365043751	undirected	NA	NA
8247	15342	0.146792899692894	undirected	NA	NA
8491	8535	0.329134553812545	undirected	NA	NA
8491	8551	0.278510192422519	undirected	NA	NA
8491	8725	0.256660950299929	undirected	NA	NA
8491	10096	0.188712723551476	undirected	NA	NA
8491	10286	0.195025813869608	undirected	NA	NA
8491	12333	0.318095146408024	undirected	NA	NA
8491	12349	0.266265761942293	undirected	NA	NA
8491	12463	0.240148094979732	undirected	NA	NA
8491	12970	0.224890248164998	undirected	NA	NA
8491	13135	0.283576338194664	undirected	NA	NA
8491	13145	0.239521906536812	undirected	NA	NA
8491	13893	0.236775478454217	undirected	NA	NA
8491	14127	0.335323168479484	undirected	NA	NA
8491	14709	0.301480546253149	undirected	NA	NA
8491	14937	0.153360311141162	undirected	NA	NA
8491	14949	0.254913459965994	undirected	NA	NA
8491	15288	0.265172381371579	undirected	NA	NA
8491	15306	0.12470249424086	undirected	NA	NA
8491	15342	0.272934473407633	undirected	NA	NA
8535	8551	0.313599181227972	undirected	NA	NA
8535	8725	0.305629349359243	undirected	NA	NA
8535	10096	0.250333322359434	undirected	NA	NA
8535	10286	0.269478924286183	undirected	NA	NA
8535	12333	0.284459004370603	undirected	NA	NA
8535	12349	0.306643992092274	undirected	NA	NA
8535	12463	0.277891357749433	undirected	NA	NA
8535	12970	0.286365977891433	undirected	NA	NA
8535	13135	0.361293928102939	undirected	NA	NA
8535	13145	0.230234465259676	undirected	NA	NA
8535	13893	0.238599678578912	undirected	NA	NA
8535	14127	0.335392209239505	undirected	NA	NA
8535	14709	0.300917353387751	undirected	NA	NA
8535	14937	0.233022884278867	undirected	NA	NA
8535	14949	0.237886450214895	undirected	NA	NA
8535	15288	0.358740745513219	undirected	NA	NA
8535	15306	0.19980824787441	undirected	NA	NA
8535	15342	0.241307115925773	undirected	NA	NA
8551	8725	0.348542192991143	undirected	NA	NA
8551	10096	0.146599089406456	undirected	NA	NA
8551	10286	0.179323888858378	undirected	NA	NA
8551	12333	0.295500371143503	undirected	NA	NA
8551	12349	0.359336922334027	undirected	NA	NA
8551	12463	0.312657860628578	undirected	NA	NA
8551	12970	0.329559567576498	undirected	NA	NA
8551	13135	0.368149054172373	undirected	NA	NA
8551	13145	0.257099423045433	undirected	NA	NA
8551	13893	0.284174319594659	undirected	NA	NA
8551	14127	0.345966763502602	undirected	NA	NA
8551	14709	0.263740497906111	undirected	NA	NA
8551	14937	0.164416476467537	undirected	NA	NA
8551	14949	0.189806434181182	undirected	NA	NA
8551	15288	0.331346766626542	undirected	NA	NA
8551	15306	0.153805431728825	undirected	NA	NA
8551	15342	0.245874247653444	undirected	NA	NA
8725	10096	0.137242017397172	undirected	NA	NA
8725	10286	0.174288315119811	undirected	NA	NA
8725	12333	0.278494012286705	undirected	NA	NA
8725	12349	0.352998315487616	undirected	NA	NA
8725	12463	0.309717961741162	undirected	NA	NA
8725	12970	0.318677729459403	undirected	NA	NA
8725	13135	0.337682607744661	undirected	NA	NA
8725	13145	0.234780848576262	undirected	NA	NA
8725	13893	0.28327941064891	undirected	NA	NA
8725	14127	0.334452601759551	undirected	NA	NA
8725	14709	0.247969883794731	undirected	NA	NA
8725	14937	0.159014834464971	undirected	NA	NA
8725	14949	0.176569132987857	undirected	NA	NA
8725	15288	0.300572877455693	undirected	NA	NA
8725	15306	0.147393711885225	undirected	NA	NA
8725	15342	0.231572666209808	undirected	NA	NA
10096	10286	0.223244191495327	undirected	NA	NA
10096	12333	0.164538687389953	undirected	NA	NA
10096	12349	0.189401099103678	undirected	NA	NA
10096	12463	0.209032952990831	undirected	NA	NA
10096	12970	0.120941748697634	undirected	NA	NA
10096	13135	0.187775343467947	undirected	NA	NA
10096	13145	0.105982162950325	undirected	NA	NA
10096	13893	0.0927276288342604	undirected	NA	NA
10096	14127	0.239495276431932	undirected	NA	NA
10096	14709	0.183952065293688	undirected	NA	NA
10096	14937	0.228878451795979	undirected	NA	NA
10096	14949	0.12081164253622	undirected	NA	NA
10096	15288	0.220764687866231	undirected	NA	NA
10096	15306	0.136253670711365	undirected	NA	NA
10096	15342	0.109885940179327	undirected	NA	NA
10286	12333	0.160892720850084	undirected	NA	NA
10286	12349	0.236241419688932	undirected	NA	NA
10286	12463	0.249065176793425	undirected	NA	NA
10286	12970	0.182152770883039	undirected	NA	NA
10286	13135	0.199237699659503	undirected	NA	NA
10286	13145	0.101967529391656	undirected	NA	NA
10286	13893	0.151926821698049	undirected	NA	NA
10286	14127	0.250873112298296	undirected	NA	NA
10286	14709	0.157449523541405	undirected	NA	NA
10286	14937	0.280596988346685	undirected	NA	NA
10286	14949	0.142730733068525	undirected	NA	NA
10286	15288	0.207517512967715	undirected	NA	NA
10286	15306	0.191830560330396	undirected	NA	NA
10286	15342	0.130689710569369	undirected	NA	NA
12333	12349	0.245483610546261	undirected	NA	NA
12333	12463	0.207172486127973	undirected	NA	NA
12333	12970	0.235464821179452	undirected	NA	NA
12333	13135	0.33281528740927	undirected	NA	NA
12333	13145	0.307776805409218	undirected	NA	NA
12333	13893	0.22452690329039	undirected	NA	NA
12333	14127	0.306985021881135	undirected	NA	NA
12333	14709	0.344832092604898	undirected	NA	NA
12333	14937	0.129178369577718	undirected	NA	NA
12333	14949	0.260753567179868	undirected	NA	NA
12333	15288	0.313378697226107	undirected	NA	NA
12333	15306	0.108764334472004	undirected	NA	NA
12333	15342	0.291484770088856	undirected	NA	NA
12349	12463	0.330445647198401	undirected	NA	NA
12349	12970	0.326514202600246	undirected	NA	NA
12349	13135	0.376644746854337	undirected	NA	NA
12349	13145	0.214366225658157	undirected	NA	NA
12349	13893	0.229470458710366	undirected	NA	NA
12349	14127	0.327388050858988	undirected	NA	NA
12349	14709	0.248442842302814	undirected	NA	NA
12349	14937	0.241145664594759	undirected	NA	NA
12349	14949	0.151362768848754	undirected	NA	NA
12349	15288	0.363350686572154	undirected	NA	NA
12349	15306	0.22775306521959	undirected	NA	NA
12349	15342	0.181224741475371	undirected	NA	NA
12463	12970	0.302145737969313	undirected	NA	NA
12463	13135	0.340892738528932	undirected	NA	NA
12463	13145	0.173828416107709	undirected	NA	NA
12463	13893	0.20348173064826	undirected	NA	NA
12463	14127	0.293545819493514	undirected	NA	NA
12463	14709	0.216156675424896	undirected	NA	NA
12463	14937	0.25226770001136	undirected	NA	NA
12463	14949	0.134410684029435	undirected	NA	NA
12463	15288	0.339957050778618	undirected	NA	NA
12463	15306	0.258593570758989	undirected	NA	NA
12463	15342	0.154040959245353	undirected	NA	NA
12970	13135	0.309949695884185	undirected	NA	NA
12970	13145	0.215276806846393	undirected	NA	NA
12970	13893	0.289878759383069	undirected	NA	NA
12970	14127	0.301554512583415	undirected	NA	NA
12970	14709	0.214886124127093	undirected	NA	NA
12970	14937	0.199274669957252	undirected	NA	NA
12970	14949	0.173799607243806	undirected	NA	NA
12970	15288	0.286156001052398	undirected	NA	NA
12970	15306	0.141714763970593	undirected	NA	NA
12970	15342	0.210776417253922	undirected	NA	NA
13135	13145	0.276223786614647	undirected	NA	NA
13135	13893	0.265735469141623	undirected	NA	NA
13135	14127	0.393411493108486	undirected	NA	NA
13135	14709	0.310376268665223	undirected	NA	NA
13135	14937	0.175987655760228	undirected	NA	NA
13135	14949	0.203472376004705	undirected	NA	NA
13135	15288	0.336075132505911	undirected	NA	NA
13135	15306	0.178802685184306	undirected	NA	NA
13135	15342	0.257243291625158	undirected	NA	NA
13145	13893	0.195758807965573	undirected	NA	NA
13145	14127	0.262331801598728	undirected	NA	NA
13145	14709	0.300720930051508	undirected	NA	NA
13145	14937	0.0853164344105745	undirected	NA	NA
13145	14949	0.219850189439108	undirected	NA	NA
13145	15288	0.255640644161249	undirected	NA	NA
13145	15306	0.0762880789357961	undirected	NA	NA
13145	15342	0.26999749848385	undirected	NA	NA
13893	14127	0.243139198379492	undirected	NA	NA
13893	14709	0.206069349530436	undirected	NA	NA
13893	14937	0.143167669139013	undirected	NA	NA
13893	14949	0.201930850371889	undirected	NA	NA
13893	15288	0.225962621845507	undirected	NA	NA
13893	15306	0.0835873314521621	undirected	NA	NA
13893	15342	0.221957430516187	undirected	NA	NA
14127	14709	0.324438225889751	undirected	NA	NA
14127	14937	0.221502242699788	undirected	NA	NA
14127	14949	0.229373180410177	undirected	NA	NA
14127	15288	0.387428316421393	undirected	NA	NA
14127	15306	0.203411066070036	undirected	NA	NA
14127	15342	0.248413229773141	undirected	NA	NA
14709	14937	0.122211881572721	undirected	NA	NA
14709	14949	0.248144237418607	undirected	NA	NA
14709	15288	0.299892009055427	undirected	NA	NA
14709	15306	0.114799847054281	undirected	NA	NA
14709	15342	0.282878420574036	undirected	NA	NA
14937	14949	0.111121746847394	undirected	NA	NA
14937	15288	0.190549264397652	undirected	NA	NA
14937	15306	0.237956618988547	undirected	NA	NA
14937	15342	0.104602136674221	undirected	NA	NA
14949	15288	0.192560116215664	undirected	NA	NA
14949	15306	0.0595053723945089	undirected	NA	NA
14949	15342	0.264955409666676	undirected	NA	NA
15288	15306	0.204144187889244	undirected	NA	NA
15288	15342	0.231292496825379	undirected	NA	NA
15306	15342	0.0668395893278614	undirected	NA	NA
