fromNode	toNode	weight	direction	fromAltName	toAltName
148	458	0.0103907880827335	undirected	NA	NA
148	571	0.20868735970762	undirected	NA	NA
148	803	0.0417087563247542	undirected	NA	NA
148	890	0.141345429710614	undirected	NA	NA
148	1363	0.203165473171851	undirected	NA	NA
148	1531	0.203387706273156	undirected	NA	NA
148	1618	0.287107153257657	undirected	NA	NA
148	1658	0.239001905369435	undirected	NA	NA
148	2067	0.165558116390564	undirected	NA	NA
148	2462	0.200179622742246	undirected	NA	NA
148	2683	0.230230045034437	undirected	NA	NA
148	2889	0.190638098546669	undirected	NA	NA
148	3256	0.10904157342403	undirected	NA	NA
148	3487	0.0614660834751169	undirected	NA	NA
148	3682	0.145012741476222	undirected	NA	NA
148	3756	0.139449231152586	undirected	NA	NA
148	3912	0.184868219637285	undirected	NA	NA
148	4652	0.0881572923977744	undirected	NA	NA
148	4829	0.164827107404544	undirected	NA	NA
148	5248	0.123574877726524	undirected	NA	NA
148	5396	0.26831167753973	undirected	NA	NA
148	5407	0.196615896560841	undirected	NA	NA
148	5932	0.0798550952527596	undirected	NA	NA
148	5979	0.0672550171218879	undirected	NA	NA
148	6014	0.228418167940816	undirected	NA	NA
148	6064	0.206923930407443	undirected	NA	NA
148	6312	0.271100125258513	undirected	NA	NA
148	6992	0.191762165627842	undirected	NA	NA
148	6996	0.117549626736808	undirected	NA	NA
148	7078	0.209226008000858	undirected	NA	NA
148	7275	0.21000332178352	undirected	NA	NA
148	7630	0.161290710794638	undirected	NA	NA
148	8046	0.169326759115674	undirected	NA	NA
148	8214	0.130355850272887	undirected	NA	NA
148	8228	0.219406578707709	undirected	NA	NA
148	8424	0.0869477600666962	undirected	NA	NA
148	8496	0.174061330222251	undirected	NA	NA
148	9038	0.242851252996156	undirected	NA	NA
148	9453	0.239396637563975	undirected	NA	NA
148	10037	0.175610474018197	undirected	NA	NA
148	10301	0.122921465967013	undirected	NA	NA
148	10374	0.100078580911883	undirected	NA	NA
148	10499	0.244589583263326	undirected	NA	NA
148	10943	0.0893929047718308	undirected	NA	NA
148	11132	0.20761787953624	undirected	NA	NA
148	11201	0.251528697640777	undirected	NA	NA
148	12179	0.0454900767159906	undirected	NA	NA
148	12223	0.194674821010954	undirected	NA	NA
148	12553	0.252272118651302	undirected	NA	NA
148	13220	0.0492875397958558	undirected	NA	NA
148	14159	0.183352210015063	undirected	NA	NA
148	14509	0.240402491212236	undirected	NA	NA
148	14552	0.259715075191148	undirected	NA	NA
148	15091	0.204509953830498	undirected	NA	NA
148	15117	0.114694747638717	undirected	NA	NA
458	571	0.0113618425484029	undirected	NA	NA
458	803	0.000323674099167408	undirected	NA	NA
458	890	0.000916885170956039	undirected	NA	NA
458	1363	0.000591049115127494	undirected	NA	NA
458	1531	0.00796921186927592	undirected	NA	NA
458	1618	0.00263823675514222	undirected	NA	NA
458	1658	0.00355746098373703	undirected	NA	NA
458	2067	0.00033759420651762	undirected	NA	NA
458	2462	0.00067872204002324	undirected	NA	NA
458	2683	0.00756171163758291	undirected	NA	NA
458	2889	0.000369213789913856	undirected	NA	NA
458	3256	0.000197555976784148	undirected	NA	NA
458	3487	0.00294407324883604	undirected	NA	NA
458	3682	0.000263864596824114	undirected	NA	NA
458	3756	4.17797952964802e-05	undirected	NA	NA
458	3912	0.00485628860161907	undirected	NA	NA
458	4652	0.000688404230475519	undirected	NA	NA
458	4829	0.000371315203420811	undirected	NA	NA
458	5248	0.000804040265697845	undirected	NA	NA
458	5396	0.00204329853646708	undirected	NA	NA
458	5407	0.00160828441996045	undirected	NA	NA
458	5932	0.00048429953399875	undirected	NA	NA
458	5979	0.000579640405990457	undirected	NA	NA
458	6014	0.00114490678453549	undirected	NA	NA
458	6064	0.000674052080986006	undirected	NA	NA
458	6312	0.00453138747791656	undirected	NA	NA
458	6992	0.0299492335877694	undirected	NA	NA
458	6996	0.000442137785860803	undirected	NA	NA
458	7078	0.000449805506287642	undirected	NA	NA
458	7275	0.0036840449444515	undirected	NA	NA
458	7630	0.000883981874826669	undirected	NA	NA
458	8046	0.000237733149388163	undirected	NA	NA
458	8214	0.0153131901183261	undirected	NA	NA
458	8228	0.00195186431830098	undirected	NA	NA
458	8424	0.109954740981794	undirected	NA	NA
458	8496	0.00334974043650181	undirected	NA	NA
458	9038	0.0287234810604231	undirected	NA	NA
458	9453	0.000635375047086876	undirected	NA	NA
458	10037	0.000935366705919656	undirected	NA	NA
458	10301	0.0139608457959963	undirected	NA	NA
458	10374	0.00050072298634229	undirected	NA	NA
458	10499	0.0113359173867935	undirected	NA	NA
458	10943	0.0833021244462818	undirected	NA	NA
458	11132	0.00377871890466729	undirected	NA	NA
458	11201	0.0284505836223009	undirected	NA	NA
458	12179	0.0257946618411061	undirected	NA	NA
458	12223	0.000879531414819768	undirected	NA	NA
458	12553	0.00723937884876176	undirected	NA	NA
458	13220	7.93164781595488e-05	undirected	NA	NA
458	14159	0.000543889821368003	undirected	NA	NA
458	14509	0.0102544688402979	undirected	NA	NA
458	14552	0.036665879266436	undirected	NA	NA
458	15091	0.00133205081231141	undirected	NA	NA
458	15117	0.000407549227987454	undirected	NA	NA
571	803	0.0416121908881621	undirected	NA	NA
571	890	0.182989363537935	undirected	NA	NA
571	1363	0.163601976060487	undirected	NA	NA
571	1531	0.322215341181452	undirected	NA	NA
571	1618	0.258823219591804	undirected	NA	NA
571	1658	0.315143966639276	undirected	NA	NA
571	2067	0.190328755997017	undirected	NA	NA
571	2462	0.117407444735864	undirected	NA	NA
571	2683	0.239475882341535	undirected	NA	NA
571	2889	0.147195330591889	undirected	NA	NA
571	3256	0.0939075812019357	undirected	NA	NA
571	3487	0.109195037309418	undirected	NA	NA
571	3682	0.135130911835639	undirected	NA	NA
571	3756	0.11274244573857	undirected	NA	NA
571	3912	0.313013804834512	undirected	NA	NA
571	4652	0.0932444376925291	undirected	NA	NA
571	4829	0.143223339192866	undirected	NA	NA
571	5248	0.169233549804705	undirected	NA	NA
571	5396	0.18003095898971	undirected	NA	NA
571	5407	0.168880144603473	undirected	NA	NA
571	5932	0.0820524215375448	undirected	NA	NA
571	5979	0.0720374760537771	undirected	NA	NA
571	6014	0.258904731452214	undirected	NA	NA
571	6064	0.218052131616691	undirected	NA	NA
571	6312	0.288486378323738	undirected	NA	NA
571	6992	0.233609689485547	undirected	NA	NA
571	6996	0.104119662548958	undirected	NA	NA
571	7078	0.215843037885072	undirected	NA	NA
571	7275	0.278336758630375	undirected	NA	NA
571	7630	0.107074406795509	undirected	NA	NA
571	8046	0.167144857604409	undirected	NA	NA
571	8214	0.242332023888628	undirected	NA	NA
571	8228	0.13856439855895	undirected	NA	NA
571	8424	0.0866957447464907	undirected	NA	NA
571	8496	0.132992597740614	undirected	NA	NA
571	9038	0.293764894810131	undirected	NA	NA
571	9453	0.223645170821865	undirected	NA	NA
571	10037	0.206212464858212	undirected	NA	NA
571	10301	0.16747735093571	undirected	NA	NA
571	10374	0.0714688536360013	undirected	NA	NA
571	10499	0.245855653774901	undirected	NA	NA
571	10943	0.0772049307368166	undirected	NA	NA
571	11132	0.290411748390354	undirected	NA	NA
571	11201	0.271028663977259	undirected	NA	NA
571	12179	0.0674571837032522	undirected	NA	NA
571	12223	0.182612295961654	undirected	NA	NA
571	12553	0.201820577076113	undirected	NA	NA
571	13220	0.0390009078503932	undirected	NA	NA
571	14159	0.155504180225804	undirected	NA	NA
571	14509	0.178135022962298	undirected	NA	NA
571	14552	0.320018685435079	undirected	NA	NA
571	15091	0.137950208283499	undirected	NA	NA
571	15117	0.104380739441208	undirected	NA	NA
803	890	0.091461094451575	undirected	NA	NA
803	1363	0.31319453484674	undirected	NA	NA
803	1531	0.022229510136046	undirected	NA	NA
803	1618	0.160731587899124	undirected	NA	NA
803	1658	0.0681750472448589	undirected	NA	NA
803	2067	0.196313121993425	undirected	NA	NA
803	2462	0.305140356828526	undirected	NA	NA
803	2683	0.153889055255394	undirected	NA	NA
803	2889	0.311235077976244	undirected	NA	NA
803	3256	0.278276168764739	undirected	NA	NA
803	3487	0.0774410776093513	undirected	NA	NA
803	3682	0.256788421348352	undirected	NA	NA
803	3756	0.150403411201926	undirected	NA	NA
803	3912	0.0458913717194461	undirected	NA	NA
803	4652	0.253816608534144	undirected	NA	NA
803	4829	0.251050774481586	undirected	NA	NA
803	5248	0.159148998324567	undirected	NA	NA
803	5396	0.242502636782749	undirected	NA	NA
803	5407	0.0562906257474955	undirected	NA	NA
803	5932	0.266753103053619	undirected	NA	NA
803	5979	0.126260264116326	undirected	NA	NA
803	6014	0.161690627385054	undirected	NA	NA
803	6064	0.0957388981960776	undirected	NA	NA
803	6312	0.102068689346536	undirected	NA	NA
803	6992	0.0503801027612871	undirected	NA	NA
803	6996	0.0466126340486676	undirected	NA	NA
803	7078	0.180520110113733	undirected	NA	NA
803	7275	0.0373217905087112	undirected	NA	NA
803	7630	0.335236782986665	undirected	NA	NA
803	8046	0.236685491358422	undirected	NA	NA
803	8214	0.0288548721636251	undirected	NA	NA
803	8228	0.243618559042443	undirected	NA	NA
803	8424	0.0165906656435324	undirected	NA	NA
803	8496	0.0775851016731009	undirected	NA	NA
803	9038	0.0152604713310167	undirected	NA	NA
803	9453	0.120619698657895	undirected	NA	NA
803	10037	0.154963548338643	undirected	NA	NA
803	10301	0.128307231305031	undirected	NA	NA
803	10374	0.33623461626115	undirected	NA	NA
803	10499	0.0956398916521092	undirected	NA	NA
803	10943	0.0239474994953675	undirected	NA	NA
803	11132	0.107145028257164	undirected	NA	NA
803	11201	0.076709771548537	undirected	NA	NA
803	12179	0.0798256626731579	undirected	NA	NA
803	12223	0.169299086693048	undirected	NA	NA
803	12553	0.182152953793408	undirected	NA	NA
803	13220	0.138543857507501	undirected	NA	NA
803	14159	0.0875274262794076	undirected	NA	NA
803	14509	0.0789340760535965	undirected	NA	NA
803	14552	0.038679967525905	undirected	NA	NA
803	15091	0.310248420626501	undirected	NA	NA
803	15117	0.068694744591241	undirected	NA	NA
890	1363	0.177713403513656	undirected	NA	NA
890	1531	0.101856229836653	undirected	NA	NA
890	1618	0.176714954843512	undirected	NA	NA
890	1658	0.227815266707356	undirected	NA	NA
890	2067	0.205057562892398	undirected	NA	NA
890	2462	0.146260192846481	undirected	NA	NA
890	2683	0.212806310105199	undirected	NA	NA
890	2889	0.171768934991392	undirected	NA	NA
890	3256	0.1211402082627	undirected	NA	NA
890	3487	0.188764646908875	undirected	NA	NA
890	3682	0.208999029077722	undirected	NA	NA
890	3756	0.212422138936045	undirected	NA	NA
890	3912	0.215465945412245	undirected	NA	NA
890	4652	0.151557022208566	undirected	NA	NA
890	4829	0.219427598009257	undirected	NA	NA
890	5248	0.227393958349338	undirected	NA	NA
890	5396	0.140157903565615	undirected	NA	NA
890	5407	0.180338939791091	undirected	NA	NA
890	5932	0.143710210384595	undirected	NA	NA
890	5979	0.189758086083544	undirected	NA	NA
890	6014	0.249795385631128	undirected	NA	NA
890	6064	0.263026055735607	undirected	NA	NA
890	6312	0.231061923383159	undirected	NA	NA
890	6992	0.159429028937842	undirected	NA	NA
890	6996	0.200033026420248	undirected	NA	NA
890	7078	0.254551211255493	undirected	NA	NA
890	7275	0.203419674528354	undirected	NA	NA
890	7630	0.125693990388376	undirected	NA	NA
890	8046	0.20693304662481	undirected	NA	NA
890	8214	0.177740020697253	undirected	NA	NA
890	8228	0.113248564032427	undirected	NA	NA
890	8424	0.0187334982105574	undirected	NA	NA
890	8496	0.168556940472241	undirected	NA	NA
890	9038	0.0876486156153688	undirected	NA	NA
890	9453	0.195557949182524	undirected	NA	NA
890	10037	0.166494788764099	undirected	NA	NA
890	10301	0.145045601856538	undirected	NA	NA
890	10374	0.112248866626556	undirected	NA	NA
890	10499	0.214572442318817	undirected	NA	NA
890	10943	0.0273494670902623	undirected	NA	NA
890	11132	0.223702525469161	undirected	NA	NA
890	11201	0.115777589183129	undirected	NA	NA
890	12179	0.0377208085257313	undirected	NA	NA
890	12223	0.143645321989789	undirected	NA	NA
890	12553	0.16984410131033	undirected	NA	NA
890	13220	0.0638508264950208	undirected	NA	NA
890	14159	0.236836025998205	undirected	NA	NA
890	14509	0.143035032283171	undirected	NA	NA
890	14552	0.11463594833544	undirected	NA	NA
890	15091	0.142932120268419	undirected	NA	NA
890	15117	0.211846289880856	undirected	NA	NA
1363	1531	0.106119266952255	undirected	NA	NA
1363	1618	0.292832343214077	undirected	NA	NA
1363	1658	0.178827624654862	undirected	NA	NA
1363	2067	0.264305287237128	undirected	NA	NA
1363	2462	0.30518229985292	undirected	NA	NA
1363	2683	0.314528435520318	undirected	NA	NA
1363	2889	0.328613425635516	undirected	NA	NA
1363	3256	0.323468833703196	undirected	NA	NA
1363	3487	0.164040478759209	undirected	NA	NA
1363	3682	0.286376173010657	undirected	NA	NA
1363	3756	0.298533469761216	undirected	NA	NA
1363	3912	0.134629877553527	undirected	NA	NA
1363	4652	0.35832783111274	undirected	NA	NA
1363	4829	0.293445249248832	undirected	NA	NA
1363	5248	0.250514948709439	undirected	NA	NA
1363	5396	0.307071004277602	undirected	NA	NA
1363	5407	0.15068495450207	undirected	NA	NA
1363	5932	0.35583179535811	undirected	NA	NA
1363	5979	0.204015131250355	undirected	NA	NA
1363	6014	0.250934987802844	undirected	NA	NA
1363	6064	0.207766688717544	undirected	NA	NA
1363	6312	0.234488325958197	undirected	NA	NA
1363	6992	0.161418139998169	undirected	NA	NA
1363	6996	0.114020496686597	undirected	NA	NA
1363	7078	0.290088079788013	undirected	NA	NA
1363	7275	0.128851441258223	undirected	NA	NA
1363	7630	0.293574306286541	undirected	NA	NA
1363	8046	0.305338284679507	undirected	NA	NA
1363	8214	0.110894078776699	undirected	NA	NA
1363	8228	0.318255726920024	undirected	NA	NA
1363	8424	0.0246685380283327	undirected	NA	NA
1363	8496	0.177049817232853	undirected	NA	NA
1363	9038	0.077052101738624	undirected	NA	NA
1363	9453	0.243754573086028	undirected	NA	NA
1363	10037	0.270495099358742	undirected	NA	NA
1363	10301	0.222305955033802	undirected	NA	NA
1363	10374	0.293295034794168	undirected	NA	NA
1363	10499	0.246402530500323	undirected	NA	NA
1363	10943	0.0402683988390342	undirected	NA	NA
1363	11132	0.236206735273437	undirected	NA	NA
1363	11201	0.205093594362462	undirected	NA	NA
1363	12179	0.0643464181494015	undirected	NA	NA
1363	12223	0.291835679309727	undirected	NA	NA
1363	12553	0.31729504014408	undirected	NA	NA
1363	13220	0.27147141207655	undirected	NA	NA
1363	14159	0.191792561618753	undirected	NA	NA
1363	14509	0.248838028378339	undirected	NA	NA
1363	14552	0.133447930164891	undirected	NA	NA
1363	15091	0.301581970658788	undirected	NA	NA
1363	15117	0.135619167901703	undirected	NA	NA
1531	1618	0.215027104286297	undirected	NA	NA
1531	1658	0.245449714466871	undirected	NA	NA
1531	2067	0.12786988635459	undirected	NA	NA
1531	2462	0.0706266688767229	undirected	NA	NA
1531	2683	0.211519753678829	undirected	NA	NA
1531	2889	0.0938954970464312	undirected	NA	NA
1531	3256	0.0649850355522411	undirected	NA	NA
1531	3487	0.0416571617715344	undirected	NA	NA
1531	3682	0.0737899272922071	undirected	NA	NA
1531	3756	0.0619982054123311	undirected	NA	NA
1531	3912	0.262908877050901	undirected	NA	NA
1531	4652	0.0681424421803108	undirected	NA	NA
1531	4829	0.077430232096195	undirected	NA	NA
1531	5248	0.104187101180035	undirected	NA	NA
1531	5396	0.134811362480764	undirected	NA	NA
1531	5407	0.101212899901542	undirected	NA	NA
1531	5932	0.0574564538608738	undirected	NA	NA
1531	5979	0.0347753013021978	undirected	NA	NA
1531	6014	0.17133740014016	undirected	NA	NA
1531	6064	0.12939005781277	undirected	NA	NA
1531	6312	0.220060524655649	undirected	NA	NA
1531	6992	0.161224088923854	undirected	NA	NA
1531	6996	0.0455805068698846	undirected	NA	NA
1531	7078	0.134467198022873	undirected	NA	NA
1531	7275	0.217828155926569	undirected	NA	NA
1531	7630	0.0655024462816462	undirected	NA	NA
1531	8046	0.10533049831499	undirected	NA	NA
1531	8214	0.184735484140576	undirected	NA	NA
1531	8228	0.110051108372858	undirected	NA	NA
1531	8424	0.0516922913402881	undirected	NA	NA
1531	8496	0.0823660968874174	undirected	NA	NA
1531	9038	0.156859664314562	undirected	NA	NA
1531	9453	0.166121915545862	undirected	NA	NA
1531	10037	0.171826261139367	undirected	NA	NA
1531	10301	0.0854912999246129	undirected	NA	NA
1531	10374	0.0415598046376329	undirected	NA	NA
1531	10499	0.214805175956813	undirected	NA	NA
1531	10943	0.0388108859768391	undirected	NA	NA
1531	11132	0.250924670472694	undirected	NA	NA
1531	11201	0.162482965875578	undirected	NA	NA
1531	12179	0.0288593503341526	undirected	NA	NA
1531	12223	0.154451311396277	undirected	NA	NA
1531	12553	0.169958989925357	undirected	NA	NA
1531	13220	0.0233763317751986	undirected	NA	NA
1531	14159	0.0801843173394785	undirected	NA	NA
1531	14509	0.181844533102513	undirected	NA	NA
1531	14552	0.197499767290411	undirected	NA	NA
1531	15091	0.0889515987200012	undirected	NA	NA
1531	15117	0.0453746982394843	undirected	NA	NA
1618	1658	0.22915459974812	undirected	NA	NA
1618	2067	0.274236397128728	undirected	NA	NA
1618	2462	0.255588557823049	undirected	NA	NA
1618	2683	0.317959659725325	undirected	NA	NA
1618	2889	0.292110427430764	undirected	NA	NA
1618	3256	0.214449540371631	undirected	NA	NA
1618	3487	0.136485873145374	undirected	NA	NA
1618	3682	0.243393991484068	undirected	NA	NA
1618	3756	0.275736467245878	undirected	NA	NA
1618	3912	0.193921902145445	undirected	NA	NA
1618	4652	0.238991161640583	undirected	NA	NA
1618	4829	0.254201752405059	undirected	NA	NA
1618	5248	0.202960110493328	undirected	NA	NA
1618	5396	0.284232571953914	undirected	NA	NA
1618	5407	0.179130767709063	undirected	NA	NA
1618	5932	0.225413076372224	undirected	NA	NA
1618	5979	0.131234970776711	undirected	NA	NA
1618	6014	0.289116542720029	undirected	NA	NA
1618	6064	0.259365608338325	undirected	NA	NA
1618	6312	0.266178283251481	undirected	NA	NA
1618	6992	0.225563180747186	undirected	NA	NA
1618	6996	0.133004671566902	undirected	NA	NA
1618	7078	0.312069511365976	undirected	NA	NA
1618	7275	0.18852574856177	undirected	NA	NA
1618	7630	0.209817464922669	undirected	NA	NA
1618	8046	0.290987587763025	undirected	NA	NA
1618	8214	0.174740115419725	undirected	NA	NA
1618	8228	0.251528881720663	undirected	NA	NA
1618	8424	0.047558156530141	undirected	NA	NA
1618	8496	0.171043942560145	undirected	NA	NA
1618	9038	0.181529664485468	undirected	NA	NA
1618	9453	0.308848942028815	undirected	NA	NA
1618	10037	0.254213643951545	undirected	NA	NA
1618	10301	0.207220954284437	undirected	NA	NA
1618	10374	0.164170569827567	undirected	NA	NA
1618	10499	0.287108142005811	undirected	NA	NA
1618	10943	0.0593961548716463	undirected	NA	NA
1618	11132	0.268023565088234	undirected	NA	NA
1618	11201	0.278551257916069	undirected	NA	NA
1618	12179	0.0570713534932625	undirected	NA	NA
1618	12223	0.266436816980962	undirected	NA	NA
1618	12553	0.293079741419141	undirected	NA	NA
1618	13220	0.179946999418256	undirected	NA	NA
1618	14159	0.218943810311345	undirected	NA	NA
1618	14509	0.290715861440669	undirected	NA	NA
1618	14552	0.238574492281242	undirected	NA	NA
1618	15091	0.24513723567254	undirected	NA	NA
1618	15117	0.141500125083611	undirected	NA	NA
1658	2067	0.220908986507119	undirected	NA	NA
1658	2462	0.135995669299516	undirected	NA	NA
1658	2683	0.260049085849323	undirected	NA	NA
1658	2889	0.169582650261998	undirected	NA	NA
1658	3256	0.107496806624903	undirected	NA	NA
1658	3487	0.152408846940986	undirected	NA	NA
1658	3682	0.176735696834083	undirected	NA	NA
1658	3756	0.193496610940826	undirected	NA	NA
1658	3912	0.292310270338631	undirected	NA	NA
1658	4652	0.136238463343309	undirected	NA	NA
1658	4829	0.187577141293807	undirected	NA	NA
1658	5248	0.194706998199348	undirected	NA	NA
1658	5396	0.167619774601376	undirected	NA	NA
1658	5407	0.21247223092851	undirected	NA	NA
1658	5932	0.122839168196298	undirected	NA	NA
1658	5979	0.120815518014103	undirected	NA	NA
1658	6014	0.283025430190652	undirected	NA	NA
1658	6064	0.290496720401695	undirected	NA	NA
1658	6312	0.276450635901783	undirected	NA	NA
1658	6992	0.231892574749132	undirected	NA	NA
1658	6996	0.179346164791671	undirected	NA	NA
1658	7078	0.269622877385626	undirected	NA	NA
1658	7275	0.274573022723226	undirected	NA	NA
1658	7630	0.112792303946157	undirected	NA	NA
1658	8046	0.206891262875039	undirected	NA	NA
1658	8214	0.257891976235721	undirected	NA	NA
1658	8228	0.123551465029319	undirected	NA	NA
1658	8424	0.0391409730110248	undirected	NA	NA
1658	8496	0.165217144552032	undirected	NA	NA
1658	9038	0.208453449488325	undirected	NA	NA
1658	9453	0.258120137816256	undirected	NA	NA
1658	10037	0.195618658662449	undirected	NA	NA
1658	10301	0.166590582183283	undirected	NA	NA
1658	10374	0.0803307075263023	undirected	NA	NA
1658	10499	0.274363227178811	undirected	NA	NA
1658	10943	0.0459189598427809	undirected	NA	NA
1658	11132	0.283605421753449	undirected	NA	NA
1658	11201	0.207066506184644	undirected	NA	NA
1658	12179	0.0427270369073667	undirected	NA	NA
1658	12223	0.171537083262439	undirected	NA	NA
1658	12553	0.198291344311528	undirected	NA	NA
1658	13220	0.0659169807119055	undirected	NA	NA
1658	14159	0.234283361843337	undirected	NA	NA
1658	14509	0.208265232205448	undirected	NA	NA
1658	14552	0.231847297285628	undirected	NA	NA
1658	15091	0.140348953423455	undirected	NA	NA
1658	15117	0.174683074155898	undirected	NA	NA
2067	2462	0.177482828927813	undirected	NA	NA
2067	2683	0.267855854838385	undirected	NA	NA
2067	2889	0.259175577014242	undirected	NA	NA
2067	3256	0.294805163613341	undirected	NA	NA
2067	3487	0.140117611726635	undirected	NA	NA
2067	3682	0.244338043442617	undirected	NA	NA
2067	3756	0.320025240221046	undirected	NA	NA
2067	3912	0.193147754470612	undirected	NA	NA
2067	4652	0.320694381220794	undirected	NA	NA
2067	4829	0.233415396513803	undirected	NA	NA
2067	5248	0.283221748007751	undirected	NA	NA
2067	5396	0.215062403488859	undirected	NA	NA
2067	5407	0.141114615046864	undirected	NA	NA
2067	5932	0.309404139208042	undirected	NA	NA
2067	5979	0.157441576590163	undirected	NA	NA
2067	6014	0.2766282405609	undirected	NA	NA
2067	6064	0.226636002431641	undirected	NA	NA
2067	6312	0.229301498582812	undirected	NA	NA
2067	6992	0.119291650169166	undirected	NA	NA
2067	6996	0.106203328928602	undirected	NA	NA
2067	7078	0.306036440930236	undirected	NA	NA
2067	7275	0.168873071588982	undirected	NA	NA
2067	7630	0.17763964962578	undirected	NA	NA
2067	8046	0.31363057073905	undirected	NA	NA
2067	8214	0.119196110791642	undirected	NA	NA
2067	8228	0.207773645900965	undirected	NA	NA
2067	8424	0.0118162173905712	undirected	NA	NA
2067	8496	0.125353384134198	undirected	NA	NA
2067	9038	0.0654117685936414	undirected	NA	NA
2067	9453	0.266295129290333	undirected	NA	NA
2067	10037	0.332910783404088	undirected	NA	NA
2067	10301	0.1587751216751	undirected	NA	NA
2067	10374	0.174277305394444	undirected	NA	NA
2067	10499	0.203292619091477	undirected	NA	NA
2067	10943	0.0168005787687386	undirected	NA	NA
2067	11132	0.286352314670306	undirected	NA	NA
2067	11201	0.140751674899344	undirected	NA	NA
2067	12179	0.0338949921614701	undirected	NA	NA
2067	12223	0.31098018563007	undirected	NA	NA
2067	12553	0.219302717449707	undirected	NA	NA
2067	13220	0.214548665267471	undirected	NA	NA
2067	14159	0.173445076645195	undirected	NA	NA
2067	14509	0.174764039910762	undirected	NA	NA
2067	14552	0.105720523811295	undirected	NA	NA
2067	15091	0.19169871647746	undirected	NA	NA
2067	15117	0.119315542188762	undirected	NA	NA
2462	2683	0.273792025506631	undirected	NA	NA
2462	2889	0.28948456478301	undirected	NA	NA
2462	3256	0.267066868088945	undirected	NA	NA
2462	3487	0.14782448334694	undirected	NA	NA
2462	3682	0.246079123488761	undirected	NA	NA
2462	3756	0.218884384251242	undirected	NA	NA
2462	3912	0.0880073320694999	undirected	NA	NA
2462	4652	0.278377034024687	undirected	NA	NA
2462	4829	0.260921554870261	undirected	NA	NA
2462	5248	0.186570441172706	undirected	NA	NA
2462	5396	0.331211136996105	undirected	NA	NA
2462	5407	0.160552758629768	undirected	NA	NA
2462	5932	0.283600716263516	undirected	NA	NA
2462	5979	0.218705290310437	undirected	NA	NA
2462	6014	0.201268825413755	undirected	NA	NA
2462	6064	0.152179995658802	undirected	NA	NA
2462	6312	0.208534781288229	undirected	NA	NA
2462	6992	0.162467686401114	undirected	NA	NA
2462	6996	0.117502418676103	undirected	NA	NA
2462	7078	0.199709665504312	undirected	NA	NA
2462	7275	0.100348632667293	undirected	NA	NA
2462	7630	0.348147588091838	undirected	NA	NA
2462	8046	0.207248854170644	undirected	NA	NA
2462	8214	0.085432781002003	undirected	NA	NA
2462	8228	0.347474753419408	undirected	NA	NA
2462	8424	0.0305187124223548	undirected	NA	NA
2462	8496	0.219980115135331	undirected	NA	NA
2462	9038	0.0709008560942574	undirected	NA	NA
2462	9453	0.167114423238427	undirected	NA	NA
2462	10037	0.181783378366044	undirected	NA	NA
2462	10301	0.202638807501519	undirected	NA	NA
2462	10374	0.340173668061602	undirected	NA	NA
2462	10499	0.234683673659583	undirected	NA	NA
2462	10943	0.0623060842439272	undirected	NA	NA
2462	11132	0.16205444959496	undirected	NA	NA
2462	11201	0.195309029728116	undirected	NA	NA
2462	12179	0.0647385974169791	undirected	NA	NA
2462	12223	0.222427692140423	undirected	NA	NA
2462	12553	0.333064040622528	undirected	NA	NA
2462	13220	0.235778223088591	undirected	NA	NA
2462	14159	0.169913717522781	undirected	NA	NA
2462	14509	0.26867837243451	undirected	NA	NA
2462	14552	0.118755672142045	undirected	NA	NA
2462	15091	0.348746074760207	undirected	NA	NA
2462	15117	0.140493786046977	undirected	NA	NA
2683	2889	0.29622347542693	undirected	NA	NA
2683	3256	0.201886113878593	undirected	NA	NA
2683	3487	0.18459487366436	undirected	NA	NA
2683	3682	0.261890739720911	undirected	NA	NA
2683	3756	0.192380052441603	undirected	NA	NA
2683	3912	0.213900382946575	undirected	NA	NA
2683	4652	0.198899702078133	undirected	NA	NA
2683	4829	0.274527062261952	undirected	NA	NA
2683	5248	0.232524455831098	undirected	NA	NA
2683	5396	0.31176672458379	undirected	NA	NA
2683	5407	0.183226443774167	undirected	NA	NA
2683	5932	0.186665997802312	undirected	NA	NA
2683	5979	0.13854813315082	undirected	NA	NA
2683	6014	0.315502877674117	undirected	NA	NA
2683	6064	0.243058967552556	undirected	NA	NA
2683	6312	0.296497766254674	undirected	NA	NA
2683	6992	0.273871215504129	undirected	NA	NA
2683	6996	0.129088719698897	undirected	NA	NA
2683	7078	0.296339031573068	undirected	NA	NA
2683	7275	0.198042160782366	undirected	NA	NA
2683	7630	0.25850014577242	undirected	NA	NA
2683	8046	0.276464261130964	undirected	NA	NA
2683	8214	0.215016103114779	undirected	NA	NA
2683	8228	0.261424415355909	undirected	NA	NA
2683	8424	0.0997074255511784	undirected	NA	NA
2683	8496	0.179463590751869	undirected	NA	NA
2683	9038	0.216009673541798	undirected	NA	NA
2683	9453	0.257535603262444	undirected	NA	NA
2683	10037	0.246526200580487	undirected	NA	NA
2683	10301	0.27162075098911	undirected	NA	NA
2683	10374	0.198455539924242	undirected	NA	NA
2683	10499	0.268761407142588	undirected	NA	NA
2683	10943	0.106633692768642	undirected	NA	NA
2683	11132	0.270123821439076	undirected	NA	NA
2683	11201	0.320442949577383	undirected	NA	NA
2683	12179	0.128930880866647	undirected	NA	NA
2683	12223	0.24713182342571	undirected	NA	NA
2683	12553	0.29062931305351	undirected	NA	NA
2683	13220	0.113581392601028	undirected	NA	NA
2683	14159	0.202390353013448	undirected	NA	NA
2683	14509	0.235068667253957	undirected	NA	NA
2683	14552	0.296265913020032	undirected	NA	NA
2683	15091	0.29265332014278	undirected	NA	NA
2683	15117	0.147294928891201	undirected	NA	NA
2889	3256	0.336062170359918	undirected	NA	NA
2889	3487	0.145935123213179	undirected	NA	NA
2889	3682	0.271884635144451	undirected	NA	NA
2889	3756	0.304972492665032	undirected	NA	NA
2889	3912	0.122955832971795	undirected	NA	NA
2889	4652	0.357407109712111	undirected	NA	NA
2889	4829	0.277226589649721	undirected	NA	NA
2889	5248	0.24462646649668	undirected	NA	NA
2889	5396	0.309396697223359	undirected	NA	NA
2889	5407	0.148084907127739	undirected	NA	NA
2889	5932	0.356568544208128	undirected	NA	NA
2889	5979	0.195859353637428	undirected	NA	NA
2889	6014	0.25009910613694	undirected	NA	NA
2889	6064	0.195264529208541	undirected	NA	NA
2889	6312	0.223259663061198	undirected	NA	NA
2889	6992	0.138624457664944	undirected	NA	NA
2889	6996	0.10659382087169	undirected	NA	NA
2889	7078	0.277262223133723	undirected	NA	NA
2889	7275	0.120978715126071	undirected	NA	NA
2889	7630	0.294505581926241	undirected	NA	NA
2889	8046	0.295878584104997	undirected	NA	NA
2889	8214	0.0932658335564631	undirected	NA	NA
2889	8228	0.320403745437497	undirected	NA	NA
2889	8424	0.0185548432282091	undirected	NA	NA
2889	8496	0.168663787000727	undirected	NA	NA
2889	9038	0.0628501660354759	undirected	NA	NA
2889	9453	0.236099856474735	undirected	NA	NA
2889	10037	0.274962192461248	undirected	NA	NA
2889	10301	0.199583926589432	undirected	NA	NA
2889	10374	0.292905063327921	undirected	NA	NA
2889	10499	0.226314108762117	undirected	NA	NA
2889	10943	0.032160266378088	undirected	NA	NA
2889	11132	0.224572018777113	undirected	NA	NA
2889	11201	0.182273286404188	undirected	NA	NA
2889	12179	0.0536916857515032	undirected	NA	NA
2889	12223	0.300417531587854	undirected	NA	NA
2889	12553	0.30420766323026	undirected	NA	NA
2889	13220	0.287119225603602	undirected	NA	NA
2889	14159	0.180961653794187	undirected	NA	NA
2889	14509	0.236555085810123	undirected	NA	NA
2889	14552	0.112515643609678	undirected	NA	NA
2889	15091	0.302171828806773	undirected	NA	NA
2889	15117	0.12737268113725	undirected	NA	NA
3256	3487	0.0987704123509295	undirected	NA	NA
3256	3682	0.278899750030974	undirected	NA	NA
3256	3756	0.295704061663983	undirected	NA	NA
3256	3912	0.0758581507362657	undirected	NA	NA
3256	4652	0.3130977678442	undirected	NA	NA
3256	4829	0.267399138804637	undirected	NA	NA
3256	5248	0.176091900336925	undirected	NA	NA
3256	5396	0.246896872102743	undirected	NA	NA
3256	5407	0.087491691461267	undirected	NA	NA
3256	5932	0.312752050286336	undirected	NA	NA
3256	5979	0.117213088087368	undirected	NA	NA
3256	6014	0.226576567543928	undirected	NA	NA
3256	6064	0.168225875240091	undirected	NA	NA
3256	6312	0.130781237067502	undirected	NA	NA
3256	6992	0.0799354903353763	undirected	NA	NA
3256	6996	0.0727628788293743	undirected	NA	NA
3256	7078	0.279042944005309	undirected	NA	NA
3256	7275	0.0673222860683363	undirected	NA	NA
3256	7630	0.244049962473647	undirected	NA	NA
3256	8046	0.32988936921483	undirected	NA	NA
3256	8214	0.0550495884017964	undirected	NA	NA
3256	8228	0.220516995550118	undirected	NA	NA
3256	8424	0.0111036533119084	undirected	NA	NA
3256	8496	0.0834516952325728	undirected	NA	NA
3256	9038	0.0334188788417617	undirected	NA	NA
3256	9453	0.230082369139246	undirected	NA	NA
3256	10037	0.226915689965342	undirected	NA	NA
3256	10301	0.151070281610051	undirected	NA	NA
3256	10374	0.208284667903742	undirected	NA	NA
3256	10499	0.134730952959931	undirected	NA	NA
3256	10943	0.0176994957218294	undirected	NA	NA
3256	11132	0.15935415432128	undirected	NA	NA
3256	11201	0.122048588373437	undirected	NA	NA
3256	12179	0.0459990984887297	undirected	NA	NA
3256	12223	0.2409829569829	undirected	NA	NA
3256	12553	0.192107867713316	undirected	NA	NA
3256	13220	0.260285412818669	undirected	NA	NA
3256	14159	0.138959256183634	undirected	NA	NA
3256	14509	0.137351993711798	undirected	NA	NA
3256	14552	0.0688090352528994	undirected	NA	NA
3256	15091	0.252771039414041	undirected	NA	NA
3256	15117	0.0917201971576022	undirected	NA	NA
3487	3682	0.177962620879584	undirected	NA	NA
3487	3756	0.0829819231356246	undirected	NA	NA
3487	3912	0.154998317386051	undirected	NA	NA
3487	4652	0.120947958747258	undirected	NA	NA
3487	4829	0.187968522197915	undirected	NA	NA
3487	5248	0.206291860945922	undirected	NA	NA
3487	5396	0.137733800246434	undirected	NA	NA
3487	5407	0.108415425266964	undirected	NA	NA
3487	5932	0.11630990117024	undirected	NA	NA
3487	5979	0.187345054512598	undirected	NA	NA
3487	6014	0.187237104815337	undirected	NA	NA
3487	6064	0.137036707639921	undirected	NA	NA
3487	6312	0.174589869729057	undirected	NA	NA
3487	6992	0.122435693597471	undirected	NA	NA
3487	6996	0.106254305162694	undirected	NA	NA
3487	7078	0.156834818276309	undirected	NA	NA
3487	7275	0.110781267062196	undirected	NA	NA
3487	7630	0.164854275691906	undirected	NA	NA
3487	8046	0.141245501339443	undirected	NA	NA
3487	8214	0.154798053365989	undirected	NA	NA
3487	8228	0.110240907054279	undirected	NA	NA
3487	8424	0.0451307153889574	undirected	NA	NA
3487	8496	0.13540216551042	undirected	NA	NA
3487	9038	0.0492592888109725	undirected	NA	NA
3487	9453	0.0981017556715804	undirected	NA	NA
3487	10037	0.114191180788482	undirected	NA	NA
3487	10301	0.14721940115232	undirected	NA	NA
3487	10374	0.14953991912917	undirected	NA	NA
3487	10499	0.173057696081309	undirected	NA	NA
3487	10943	0.049576393852042	undirected	NA	NA
3487	11132	0.172880601648858	undirected	NA	NA
3487	11201	0.0841911444057513	undirected	NA	NA
3487	12179	0.117368911419795	undirected	NA	NA
3487	12223	0.0957594512868728	undirected	NA	NA
3487	12553	0.161359741717932	undirected	NA	NA
3487	13220	0.023097408893498	undirected	NA	NA
3487	14159	0.125936152965647	undirected	NA	NA
3487	14509	0.0873328230329544	undirected	NA	NA
3487	14552	0.0818040112228035	undirected	NA	NA
3487	15091	0.170149074894287	undirected	NA	NA
3487	15117	0.134544297076332	undirected	NA	NA
3682	3756	0.288481877554413	undirected	NA	NA
3682	3912	0.138995606092344	undirected	NA	NA
3682	4652	0.308426531887562	undirected	NA	NA
3682	4829	0.276486353668331	undirected	NA	NA
3682	5248	0.267197633298881	undirected	NA	NA
3682	5396	0.246169207483551	undirected	NA	NA
3682	5407	0.153929993625583	undirected	NA	NA
3682	5932	0.308425614397513	undirected	NA	NA
3682	5979	0.238037553103303	undirected	NA	NA
3682	6014	0.249525456891527	undirected	NA	NA
3682	6064	0.205226648929201	undirected	NA	NA
3682	6312	0.217281940520466	undirected	NA	NA
3682	6992	0.127441757826999	undirected	NA	NA
3682	6996	0.133241603801759	undirected	NA	NA
3682	7078	0.268282705140144	undirected	NA	NA
3682	7275	0.130637633623506	undirected	NA	NA
3682	7630	0.256609284387071	undirected	NA	NA
3682	8046	0.272887666548391	undirected	NA	NA
3682	8214	0.103481198962719	undirected	NA	NA
3682	8228	0.24075120590686	undirected	NA	NA
3682	8424	0.0143213141463587	undirected	NA	NA
3682	8496	0.1707183173393	undirected	NA	NA
3682	9038	0.0502241822406109	undirected	NA	NA
3682	9453	0.204251171781492	undirected	NA	NA
3682	10037	0.2398213666047	undirected	NA	NA
3682	10301	0.180752369841695	undirected	NA	NA
3682	10374	0.26274240039706	undirected	NA	NA
3682	10499	0.2089465370117	undirected	NA	NA
3682	10943	0.0253676116890602	undirected	NA	NA
3682	11132	0.219044485984353	undirected	NA	NA
3682	11201	0.134883909865418	undirected	NA	NA
3682	12179	0.0471234372423575	undirected	NA	NA
3682	12223	0.241828972786613	undirected	NA	NA
3682	12553	0.251657158175949	undirected	NA	NA
3682	13220	0.195065546465823	undirected	NA	NA
3682	14159	0.194071704825755	undirected	NA	NA
3682	14509	0.180502860961388	undirected	NA	NA
3682	14552	0.0896456930447693	undirected	NA	NA
3682	15091	0.259354755698606	undirected	NA	NA
3682	15117	0.159661582634547	undirected	NA	NA
3756	3912	0.132834875739587	undirected	NA	NA
3756	4652	0.238817771143865	undirected	NA	NA
3756	4829	0.278028955358998	undirected	NA	NA
3756	5248	0.238254416073161	undirected	NA	NA
3756	5396	0.247571654735487	undirected	NA	NA
3756	5407	0.190238364056618	undirected	NA	NA
3756	5932	0.238501344841056	undirected	NA	NA
3756	5979	0.161911627615394	undirected	NA	NA
3756	6014	0.284872520045663	undirected	NA	NA
3756	6064	0.260817353274375	undirected	NA	NA
3756	6312	0.209787823444483	undirected	NA	NA
3756	6992	0.0665849777253832	undirected	NA	NA
3756	6996	0.171310118230684	undirected	NA	NA
3756	7078	0.314938310368721	undirected	NA	NA
3756	7275	0.156805510916481	undirected	NA	NA
3756	7630	0.205400875220023	undirected	NA	NA
3756	8046	0.330152375995406	undirected	NA	NA
3756	8214	0.0582844755242976	undirected	NA	NA
3756	8228	0.225385098093045	undirected	NA	NA
3756	8424	0.00348913551090559	undirected	NA	NA
3756	8496	0.145871212232679	undirected	NA	NA
3756	9038	0.0293020842773645	undirected	NA	NA
3756	9453	0.298276956801343	undirected	NA	NA
3756	10037	0.293275863058185	undirected	NA	NA
3756	10301	0.0831406160855589	undirected	NA	NA
3756	10374	0.184423129465957	undirected	NA	NA
3756	10499	0.151431131227802	undirected	NA	NA
3756	10943	0.00728113822343354	undirected	NA	NA
3756	11132	0.202504514628877	undirected	NA	NA
3756	11201	0.0753916896425729	undirected	NA	NA
3756	12179	0.0120223012704988	undirected	NA	NA
3756	12223	0.309736275284473	undirected	NA	NA
3756	12553	0.19229164193995	undirected	NA	NA
3756	13220	0.210591669731734	undirected	NA	NA
3756	14159	0.231347042762698	undirected	NA	NA
3756	14509	0.158218068321324	undirected	NA	NA
3756	14552	0.0480827945777904	undirected	NA	NA
3756	15091	0.221938907120982	undirected	NA	NA
3756	15117	0.183286788476515	undirected	NA	NA
3912	4652	0.104458013584733	undirected	NA	NA
3912	4829	0.143994548303965	undirected	NA	NA
3912	5248	0.178354493214781	undirected	NA	NA
3912	5396	0.121178631420465	undirected	NA	NA
3912	5407	0.172748106646052	undirected	NA	NA
3912	5932	0.0916820705896135	undirected	NA	NA
3912	5979	0.0912201075543095	undirected	NA	NA
3912	6014	0.254287315472399	undirected	NA	NA
3912	6064	0.245601604808037	undirected	NA	NA
3912	6312	0.241084686533928	undirected	NA	NA
3912	6992	0.212227053878676	undirected	NA	NA
3912	6996	0.140564890515423	undirected	NA	NA
3912	7078	0.223910081906165	undirected	NA	NA
3912	7275	0.268726493430841	undirected	NA	NA
3912	7630	0.0787224745762742	undirected	NA	NA
3912	8046	0.166091692023706	undirected	NA	NA
3912	8214	0.285023047034075	undirected	NA	NA
3912	8228	0.0838527503413679	undirected	NA	NA
3912	8424	0.0384951180996915	undirected	NA	NA
3912	8496	0.113731556566483	undirected	NA	NA
3912	9038	0.210631774852674	undirected	NA	NA
3912	9453	0.208218393605614	undirected	NA	NA
3912	10037	0.177078473701042	undirected	NA	NA
3912	10301	0.158231942467267	undirected	NA	NA
3912	10374	0.0545069423678777	undirected	NA	NA
3912	10499	0.2263002773056	undirected	NA	NA
3912	10943	0.0390303988554802	undirected	NA	NA
3912	11132	0.25836895822911	undirected	NA	NA
3912	11201	0.179121145669986	undirected	NA	NA
3912	12179	0.0484323128556845	undirected	NA	NA
3912	12223	0.141750683821658	undirected	NA	NA
3912	12553	0.141599434806574	undirected	NA	NA
3912	13220	0.0379689189135232	undirected	NA	NA
3912	14159	0.179988888547551	undirected	NA	NA
3912	14509	0.148604722176535	undirected	NA	NA
3912	14552	0.227810700949791	undirected	NA	NA
3912	15091	0.0999593682085368	undirected	NA	NA
3912	15117	0.138036024513928	undirected	NA	NA
4652	4829	0.29164383793048	undirected	NA	NA
4652	5248	0.235781509770615	undirected	NA	NA
4652	5396	0.267914132515642	undirected	NA	NA
4652	5407	0.0903328603297604	undirected	NA	NA
4652	5932	0.27348531678372	undirected	NA	NA
4652	5979	0.127849722779037	undirected	NA	NA
4652	6014	0.260572784148193	undirected	NA	NA
4652	6064	0.169533296848295	undirected	NA	NA
4652	6312	0.163973011701564	undirected	NA	NA
4652	6992	0.0932914487025855	undirected	NA	NA
4652	6996	0.0712968798169424	undirected	NA	NA
4652	7078	0.288138745440937	undirected	NA	NA
4652	7275	0.083499002329926	undirected	NA	NA
4652	7630	0.285680350692298	undirected	NA	NA
4652	8046	0.344365734662009	undirected	NA	NA
4652	8214	0.0720956109400683	undirected	NA	NA
4652	8228	0.245546934272813	undirected	NA	NA
4652	8424	0.0224491539165963	undirected	NA	NA
4652	8496	0.0920948227928093	undirected	NA	NA
4652	9038	0.0427719021380693	undirected	NA	NA
4652	9453	0.215535788979168	undirected	NA	NA
4652	10037	0.260751334351276	undirected	NA	NA
4652	10301	0.176089434531242	undirected	NA	NA
4652	10374	0.261186917944186	undirected	NA	NA
4652	10499	0.132783342881871	undirected	NA	NA
4652	10943	0.0268690680526547	undirected	NA	NA
4652	11132	0.190467927464194	undirected	NA	NA
4652	11201	0.13042798921783	undirected	NA	NA
4652	12179	0.0791976678303308	undirected	NA	NA
4652	12223	0.257864996434215	undirected	NA	NA
4652	12553	0.202305147884015	undirected	NA	NA
4652	13220	0.183974025548197	undirected	NA	NA
4652	14159	0.13206911858837	undirected	NA	NA
4652	14509	0.108900217383396	undirected	NA	NA
4652	14552	0.0850889268335049	undirected	NA	NA
4652	15091	0.289570823572291	undirected	NA	NA
4652	15117	0.0948008072169176	undirected	NA	NA
4829	5248	0.26333752738505	undirected	NA	NA
4829	5396	0.266217536856506	undirected	NA	NA
4829	5407	0.177403316548811	undirected	NA	NA
4829	5932	0.292084339880397	undirected	NA	NA
4829	5979	0.25679321854031	undirected	NA	NA
4829	6014	0.254930202928571	undirected	NA	NA
4829	6064	0.209905945522905	undirected	NA	NA
4829	6312	0.236426566596698	undirected	NA	NA
4829	6992	0.147874033791522	undirected	NA	NA
4829	6996	0.152689011486723	undirected	NA	NA
4829	7078	0.260908862657649	undirected	NA	NA
4829	7275	0.143272412022432	undirected	NA	NA
4829	7630	0.277130969105602	undirected	NA	NA
4829	8046	0.256885360520704	undirected	NA	NA
4829	8214	0.114042209538739	undirected	NA	NA
4829	8228	0.258351072086722	undirected	NA	NA
4829	8424	0.0182250273161455	undirected	NA	NA
4829	8496	0.201799572288043	undirected	NA	NA
4829	9038	0.0607589364656851	undirected	NA	NA
4829	9453	0.200981983383255	undirected	NA	NA
4829	10037	0.227746474626141	undirected	NA	NA
4829	10301	0.189174490451365	undirected	NA	NA
4829	10374	0.277654691995465	undirected	NA	NA
4829	10499	0.231800706831254	undirected	NA	NA
4829	10943	0.0333490474226222	undirected	NA	NA
4829	11132	0.218331187185293	undirected	NA	NA
4829	11201	0.149547388317256	undirected	NA	NA
4829	12179	0.0501872522370687	undirected	NA	NA
4829	12223	0.236556220183853	undirected	NA	NA
4829	12553	0.275187602641263	undirected	NA	NA
4829	13220	0.185415849472395	undirected	NA	NA
4829	14159	0.20844639768913	undirected	NA	NA
4829	14509	0.205307217709275	undirected	NA	NA
4829	14552	0.102457895524352	undirected	NA	NA
4829	15091	0.281372596420982	undirected	NA	NA
4829	15117	0.179900010818625	undirected	NA	NA
5248	5396	0.181967313059004	undirected	NA	NA
5248	5407	0.138817821998173	undirected	NA	NA
5248	5932	0.226147525207924	undirected	NA	NA
5248	5979	0.174732511515767	undirected	NA	NA
5248	6014	0.283707378239081	undirected	NA	NA
5248	6064	0.238911474938018	undirected	NA	NA
5248	6312	0.193855758470708	undirected	NA	NA
5248	6992	0.144675569614545	undirected	NA	NA
5248	6996	0.140233010318452	undirected	NA	NA
5248	7078	0.295447898214364	undirected	NA	NA
5248	7275	0.144897002490185	undirected	NA	NA
5248	7630	0.17654750766006	undirected	NA	NA
5248	8046	0.284304835209244	undirected	NA	NA
5248	8214	0.157505636874923	undirected	NA	NA
5248	8228	0.141076065362127	undirected	NA	NA
5248	8424	0.0215882564215308	undirected	NA	NA
5248	8496	0.119407552016823	undirected	NA	NA
5248	9038	0.0722144169178124	undirected	NA	NA
5248	9453	0.216803082988478	undirected	NA	NA
5248	10037	0.212722148677931	undirected	NA	NA
5248	10301	0.190143220482436	undirected	NA	NA
5248	10374	0.146715590117595	undirected	NA	NA
5248	10499	0.194037591827378	undirected	NA	NA
5248	10943	0.027319971487929	undirected	NA	NA
5248	11132	0.233005714894621	undirected	NA	NA
5248	11201	0.135072337953569	undirected	NA	NA
5248	12179	0.0636470328946383	undirected	NA	NA
5248	12223	0.186613014916522	undirected	NA	NA
5248	12553	0.179100923320075	undirected	NA	NA
5248	13220	0.109388963495163	undirected	NA	NA
5248	14159	0.194164311941623	undirected	NA	NA
5248	14509	0.133319330918606	undirected	NA	NA
5248	14552	0.115937170651682	undirected	NA	NA
5248	15091	0.191238968230473	undirected	NA	NA
5248	15117	0.164380666026316	undirected	NA	NA
5396	5407	0.156846949207088	undirected	NA	NA
5396	5932	0.262544411082063	undirected	NA	NA
5396	5979	0.159835023993212	undirected	NA	NA
5396	6014	0.227765253515539	undirected	NA	NA
5396	6064	0.198979512822133	undirected	NA	NA
5396	6312	0.235068675171703	undirected	NA	NA
5396	6992	0.21134175482463	undirected	NA	NA
5396	6996	0.115766772294859	undirected	NA	NA
5396	7078	0.257198180812255	undirected	NA	NA
5396	7275	0.128399909635806	undirected	NA	NA
5396	7630	0.273843480779151	undirected	NA	NA
5396	8046	0.2558677387531	undirected	NA	NA
5396	8214	0.124325540315229	undirected	NA	NA
5396	8228	0.330287282877008	undirected	NA	NA
5396	8424	0.0491976400701926	undirected	NA	NA
5396	8496	0.197129687750373	undirected	NA	NA
5396	9038	0.134915824168718	undirected	NA	NA
5396	9453	0.24001137567439	undirected	NA	NA
5396	10037	0.212202811740399	undirected	NA	NA
5396	10301	0.223214495802225	undirected	NA	NA
5396	10374	0.252029750592662	undirected	NA	NA
5396	10499	0.273708596207337	undirected	NA	NA
5396	10943	0.075194988329309	undirected	NA	NA
5396	11132	0.204251509258257	undirected	NA	NA
5396	11201	0.27361783199643	undirected	NA	NA
5396	12179	0.0707619421764198	undirected	NA	NA
5396	12223	0.249501751624887	undirected	NA	NA
5396	12553	0.341396563986588	undirected	NA	NA
5396	13220	0.229738326124908	undirected	NA	NA
5396	14159	0.196249500774433	undirected	NA	NA
5396	14509	0.314763725332038	undirected	NA	NA
5396	14552	0.196914280088333	undirected	NA	NA
5396	15091	0.301188969884526	undirected	NA	NA
5396	15117	0.130889376369964	undirected	NA	NA
5407	5932	0.0849798532642152	undirected	NA	NA
5407	5979	0.12896288011136	undirected	NA	NA
5407	6014	0.200762666571421	undirected	NA	NA
5407	6064	0.250255291252524	undirected	NA	NA
5407	6312	0.234092362772509	undirected	NA	NA
5407	6992	0.174117691922584	undirected	NA	NA
5407	6996	0.222036702231444	undirected	NA	NA
5407	7078	0.207552625882817	undirected	NA	NA
5407	7275	0.21518973994654	undirected	NA	NA
5407	7630	0.116845836305792	undirected	NA	NA
5407	8046	0.153368578990553	undirected	NA	NA
5407	8214	0.148941933854946	undirected	NA	NA
5407	8228	0.128762873484088	undirected	NA	NA
5407	8424	0.0253445338302285	undirected	NA	NA
5407	8496	0.219898764697341	undirected	NA	NA
5407	9038	0.125121296406366	undirected	NA	NA
5407	9453	0.196252793762954	undirected	NA	NA
5407	10037	0.122267258767698	undirected	NA	NA
5407	10301	0.102434994012798	undirected	NA	NA
5407	10374	0.0897286882236214	undirected	NA	NA
5407	10499	0.220922583064881	undirected	NA	NA
5407	10943	0.0434315013719693	undirected	NA	NA
5407	11132	0.166343914987334	undirected	NA	NA
5407	11201	0.129391558265157	undirected	NA	NA
5407	12179	0.0223385683022019	undirected	NA	NA
5407	12223	0.125159693561283	undirected	NA	NA
5407	12553	0.179891343751372	undirected	NA	NA
5407	13220	0.0547912196599454	undirected	NA	NA
5407	14159	0.262849459513827	undirected	NA	NA
5407	14509	0.195474916171335	undirected	NA	NA
5407	14552	0.130169056253997	undirected	NA	NA
5407	15091	0.141695932223425	undirected	NA	NA
5407	15117	0.207802900232361	undirected	NA	NA
5932	5979	0.128452863893338	undirected	NA	NA
5932	6014	0.247613334613238	undirected	NA	NA
5932	6064	0.160979964314511	undirected	NA	NA
5932	6312	0.151206535455921	undirected	NA	NA
5932	6992	0.0837124079203875	undirected	NA	NA
5932	6996	0.0694011077372727	undirected	NA	NA
5932	7078	0.278357117505803	undirected	NA	NA
5932	7275	0.0738085536278761	undirected	NA	NA
5932	7630	0.291529128558724	undirected	NA	NA
5932	8046	0.337745090191666	undirected	NA	NA
5932	8214	0.0626852899191021	undirected	NA	NA
5932	8228	0.242361414240143	undirected	NA	NA
5932	8424	0.0188220810907166	undirected	NA	NA
5932	8496	0.0883800795600716	undirected	NA	NA
5932	9038	0.0346609986499316	undirected	NA	NA
5932	9453	0.204188119952895	undirected	NA	NA
5932	10037	0.246681145734781	undirected	NA	NA
5932	10301	0.169359987628146	undirected	NA	NA
5932	10374	0.269893061554385	undirected	NA	NA
5932	10499	0.121680270410954	undirected	NA	NA
5932	10943	0.023987898221392	undirected	NA	NA
5932	11132	0.174308060561065	undirected	NA	NA
5932	11201	0.118774725223858	undirected	NA	NA
5932	12179	0.0748824896400784	undirected	NA	NA
5932	12223	0.246441699235778	undirected	NA	NA
5932	12553	0.193833509603008	undirected	NA	NA
5932	13220	0.188951065366389	undirected	NA	NA
5932	14159	0.128364135710888	undirected	NA	NA
5932	14509	0.102278274635808	undirected	NA	NA
5932	14552	0.0728627834982573	undirected	NA	NA
5932	15091	0.291394975666911	undirected	NA	NA
5932	15117	0.093512428403273	undirected	NA	NA
5979	6014	0.192447589786616	undirected	NA	NA
5979	6064	0.174250015245476	undirected	NA	NA
5979	6312	0.14490344812518	undirected	NA	NA
5979	6992	0.109871513266064	undirected	NA	NA
5979	6996	0.158136040560391	undirected	NA	NA
5979	7078	0.196639598935659	undirected	NA	NA
5979	7275	0.090359589281596	undirected	NA	NA
5979	7630	0.210142842631588	undirected	NA	NA
5979	8046	0.181894089181395	undirected	NA	NA
5979	8214	0.0946254535425742	undirected	NA	NA
5979	8228	0.123905291264344	undirected	NA	NA
5979	8424	0.0215667417471657	undirected	NA	NA
5979	8496	0.138933042041054	undirected	NA	NA
5979	9038	0.03775168959736	undirected	NA	NA
5979	9453	0.122424486174981	undirected	NA	NA
5979	10037	0.103177162967901	undirected	NA	NA
5979	10301	0.141503481787413	undirected	NA	NA
5979	10374	0.182917044878148	undirected	NA	NA
5979	10499	0.130457349704766	undirected	NA	NA
5979	10943	0.0374482304105188	undirected	NA	NA
5979	11132	0.110963099219723	undirected	NA	NA
5979	11201	0.0798479238997961	undirected	NA	NA
5979	12179	0.0630385598175428	undirected	NA	NA
5979	12223	0.0991843050645481	undirected	NA	NA
5979	12553	0.132815146380128	undirected	NA	NA
5979	13220	0.0549527019211065	undirected	NA	NA
5979	14159	0.185858701464284	undirected	NA	NA
5979	14509	0.0871862947956761	undirected	NA	NA
5979	14552	0.0632735945531398	undirected	NA	NA
5979	15091	0.209910253751081	undirected	NA	NA
5979	15117	0.195877619250714	undirected	NA	NA
6014	6064	0.278549314191602	undirected	NA	NA
6014	6312	0.298370763359702	undirected	NA	NA
6014	6992	0.200421569364505	undirected	NA	NA
6014	6996	0.163606720787755	undirected	NA	NA
6014	7078	0.314849680583978	undirected	NA	NA
6014	7275	0.23784177292106	undirected	NA	NA
6014	7630	0.184573462835401	undirected	NA	NA
6014	8046	0.284271826094183	undirected	NA	NA
6014	8214	0.196028533797008	undirected	NA	NA
6014	8228	0.21153153527752	undirected	NA	NA
6014	8424	0.0265038179207605	undirected	NA	NA
6014	8496	0.189697538291634	undirected	NA	NA
6014	9038	0.126030051825246	undirected	NA	NA
6014	9453	0.273772905261425	undirected	NA	NA
6014	10037	0.284011305113559	undirected	NA	NA
6014	10301	0.199157882912036	undirected	NA	NA
6014	10374	0.171928571733524	undirected	NA	NA
6014	10499	0.284797886271354	undirected	NA	NA
6014	10943	0.0363091895129911	undirected	NA	NA
6014	11132	0.313959759242338	undirected	NA	NA
6014	11201	0.197976441432656	undirected	NA	NA
6014	12179	0.0483523271326834	undirected	NA	NA
6014	12223	0.266956681252815	undirected	NA	NA
6014	12553	0.264374568430133	undirected	NA	NA
6014	13220	0.15087553355665	undirected	NA	NA
6014	14159	0.233876819860496	undirected	NA	NA
6014	14509	0.232350820470859	undirected	NA	NA
6014	14552	0.174528981288084	undirected	NA	NA
6014	15091	0.204224349817536	undirected	NA	NA
6014	15117	0.174996948661506	undirected	NA	NA
6064	6312	0.291536490893674	undirected	NA	NA
6064	6992	0.158189174616718	undirected	NA	NA
6064	6996	0.206920828475225	undirected	NA	NA
6064	7078	0.252868401492843	undirected	NA	NA
6064	7275	0.27148754054482	undirected	NA	NA
6064	7630	0.151005876384106	undirected	NA	NA
6064	8046	0.213993264266568	undirected	NA	NA
6064	8214	0.161182287761765	undirected	NA	NA
6064	8228	0.171064691411229	undirected	NA	NA
6064	8424	0.0148489427463744	undirected	NA	NA
6064	8496	0.206957280511059	undirected	NA	NA
6064	9038	0.101783606150127	undirected	NA	NA
6064	9453	0.233269481405871	undirected	NA	NA
6064	10037	0.232974722793063	undirected	NA	NA
6064	10301	0.124548916981631	undirected	NA	NA
6064	10374	0.12930506858177	undirected	NA	NA
6064	10499	0.24563466829031	undirected	NA	NA
6064	10943	0.0235507303948443	undirected	NA	NA
6064	11132	0.26126404711212	undirected	NA	NA
6064	11201	0.131735809857087	undirected	NA	NA
6064	12179	0.0226117142495241	undirected	NA	NA
6064	12223	0.223389164646448	undirected	NA	NA
6064	12553	0.213624964741106	undirected	NA	NA
6064	13220	0.102497286607046	undirected	NA	NA
6064	14159	0.236735540452926	undirected	NA	NA
6064	14509	0.203412871185752	undirected	NA	NA
6064	14552	0.123446033418609	undirected	NA	NA
6064	15091	0.172845139204864	undirected	NA	NA
6064	15117	0.205613152670003	undirected	NA	NA
6312	6992	0.277770676462161	undirected	NA	NA
6312	6996	0.193402552477983	undirected	NA	NA
6312	7078	0.286961879945346	undirected	NA	NA
6312	7275	0.241687497018934	undirected	NA	NA
6312	7630	0.17478070292542	undirected	NA	NA
6312	8046	0.2324765516978	undirected	NA	NA
6312	8214	0.247745648807959	undirected	NA	NA
6312	8228	0.177804906174417	undirected	NA	NA
6312	8424	0.0620111182927411	undirected	NA	NA
6312	8496	0.200472146593494	undirected	NA	NA
6312	9038	0.224115734139952	undirected	NA	NA
6312	9453	0.265017210305989	undirected	NA	NA
6312	10037	0.196879335701195	undirected	NA	NA
6312	10301	0.211715215840957	undirected	NA	NA
6312	10374	0.120852596722326	undirected	NA	NA
6312	10499	0.309763775802226	undirected	NA	NA
6312	10943	0.0778215214277152	undirected	NA	NA
6312	11132	0.264184031869806	undirected	NA	NA
6312	11201	0.267133059477817	undirected	NA	NA
6312	12179	0.0642558311546521	undirected	NA	NA
6312	12223	0.193112162258557	undirected	NA	NA
6312	12553	0.254409265445911	undirected	NA	NA
6312	13220	0.0893049226784048	undirected	NA	NA
6312	14159	0.259346074964065	undirected	NA	NA
6312	14509	0.260951769845207	undirected	NA	NA
6312	14552	0.267852100206826	undirected	NA	NA
6312	15091	0.208939414138069	undirected	NA	NA
6312	15117	0.195987458569508	undirected	NA	NA
6992	6996	0.113301350190003	undirected	NA	NA
6992	7078	0.151971138562801	undirected	NA	NA
6992	7275	0.195282243386039	undirected	NA	NA
6992	7630	0.158406318998089	undirected	NA	NA
6992	8046	0.117202481477847	undirected	NA	NA
6992	8214	0.219828471925101	undirected	NA	NA
6992	8228	0.171526961987797	undirected	NA	NA
6992	8424	0.183997748101624	undirected	NA	NA
6992	8496	0.209987054732409	undirected	NA	NA
6992	9038	0.240548389802603	undirected	NA	NA
6992	9453	0.138242987931173	undirected	NA	NA
6992	10037	0.130914043372354	undirected	NA	NA
6992	10301	0.186316905177157	undirected	NA	NA
6992	10374	0.112139203605447	undirected	NA	NA
6992	10499	0.306256027886451	undirected	NA	NA
6992	10943	0.183112019984595	undirected	NA	NA
6992	11132	0.221048493151402	undirected	NA	NA
6992	11201	0.262353540976277	undirected	NA	NA
6992	12179	0.124426951205472	undirected	NA	NA
6992	12223	0.128350416691564	undirected	NA	NA
6992	12553	0.271199057689468	undirected	NA	NA
6992	13220	0.0230822688138098	undirected	NA	NA
6992	14159	0.146874435768325	undirected	NA	NA
6992	14509	0.227685449340822	undirected	NA	NA
6992	14552	0.282868004233383	undirected	NA	NA
6992	15091	0.190797461940951	undirected	NA	NA
6992	15117	0.120552913903135	undirected	NA	NA
6996	7078	0.163446322857347	undirected	NA	NA
6996	7275	0.184546303589147	undirected	NA	NA
6996	7630	0.101283880938617	undirected	NA	NA
6996	8046	0.118225805207775	undirected	NA	NA
6996	8214	0.105869574270475	undirected	NA	NA
6996	8228	0.0912931278284113	undirected	NA	NA
6996	8424	0.0100988223076241	undirected	NA	NA
6996	8496	0.20438247675389	undirected	NA	NA
6996	9038	0.0587260783984091	undirected	NA	NA
6996	9453	0.133749296660854	undirected	NA	NA
6996	10037	0.0929274655639919	undirected	NA	NA
6996	10301	0.0668952370462387	undirected	NA	NA
6996	10374	0.0853301342822718	undirected	NA	NA
6996	10499	0.162303060291881	undirected	NA	NA
6996	10943	0.0221883902615091	undirected	NA	NA
6996	11132	0.125408253308871	undirected	NA	NA
6996	11201	0.061222889774912	undirected	NA	NA
6996	12179	0.0122505897579563	undirected	NA	NA
6996	12223	0.0911538384246727	undirected	NA	NA
6996	12553	0.128809619349396	undirected	NA	NA
6996	13220	0.0367939294998616	undirected	NA	NA
6996	14159	0.230053166787526	undirected	NA	NA
6996	14509	0.12423915842881	undirected	NA	NA
6996	14552	0.0614128294850427	undirected	NA	NA
6996	15091	0.113770306273653	undirected	NA	NA
6996	15117	0.209269644396163	undirected	NA	NA
7078	7275	0.221536317416943	undirected	NA	NA
7078	7630	0.210914041228842	undirected	NA	NA
7078	8046	0.293858098468003	undirected	NA	NA
7078	8214	0.143983218555946	undirected	NA	NA
7078	8228	0.239355910870496	undirected	NA	NA
7078	8424	0.0149266319817625	undirected	NA	NA
7078	8496	0.184242559564251	undirected	NA	NA
7078	9038	0.0851509493253964	undirected	NA	NA
7078	9453	0.267774849176797	undirected	NA	NA
7078	10037	0.320524411581094	undirected	NA	NA
7078	10301	0.165731358101364	undirected	NA	NA
7078	10374	0.195609893374156	undirected	NA	NA
7078	10499	0.251798286868898	undirected	NA	NA
7078	10943	0.0230523589647057	undirected	NA	NA
7078	11132	0.30000304757352	undirected	NA	NA
7078	11201	0.158844768325879	undirected	NA	NA
7078	12179	0.0332664790009996	undirected	NA	NA
7078	12223	0.312900553874579	undirected	NA	NA
7078	12553	0.261130296425708	undirected	NA	NA
7078	13220	0.191850780107351	undirected	NA	NA
7078	14159	0.21126761601305	undirected	NA	NA
7078	14509	0.221515490118165	undirected	NA	NA
7078	14552	0.125456184309517	undirected	NA	NA
7078	15091	0.230795869480838	undirected	NA	NA
7078	15117	0.17679873159402	undirected	NA	NA
7275	7630	0.0787099670684919	undirected	NA	NA
7275	8046	0.154083978383351	undirected	NA	NA
7275	8214	0.228825976422032	undirected	NA	NA
7275	8228	0.0867722342034391	undirected	NA	NA
7275	8424	0.0302934528733906	undirected	NA	NA
7275	8496	0.150819673182135	undirected	NA	NA
7275	9038	0.198222039665421	undirected	NA	NA
7275	9453	0.225335276485833	undirected	NA	NA
7275	10037	0.147890622921091	undirected	NA	NA
7275	10301	0.115284440743909	undirected	NA	NA
7275	10374	0.0504464706560505	undirected	NA	NA
7275	10499	0.229078008636242	undirected	NA	NA
7275	10943	0.0364341458070512	undirected	NA	NA
7275	11132	0.22993881636231	undirected	NA	NA
7275	11201	0.15800143837493	undirected	NA	NA
7275	12179	0.0262515559360604	undirected	NA	NA
7275	12223	0.130490137940488	undirected	NA	NA
7275	12553	0.150438024700918	undirected	NA	NA
7275	13220	0.0389684273804902	undirected	NA	NA
7275	14159	0.225018980716427	undirected	NA	NA
7275	14509	0.17237966545257	undirected	NA	NA
7275	14552	0.193585896968886	undirected	NA	NA
7275	15091	0.102347027562191	undirected	NA	NA
7275	15117	0.168520234131283	undirected	NA	NA
7630	8046	0.224829285304987	undirected	NA	NA
7630	8214	0.0862955989148366	undirected	NA	NA
7630	8228	0.2962539301569	undirected	NA	NA
7630	8424	0.0360865996790814	undirected	NA	NA
7630	8496	0.178232632591908	undirected	NA	NA
7630	9038	0.0645284814234106	undirected	NA	NA
7630	9453	0.163198904519783	undirected	NA	NA
7630	10037	0.158831034859991	undirected	NA	NA
7630	10301	0.225588077132963	undirected	NA	NA
7630	10374	0.326847641308448	undirected	NA	NA
7630	10499	0.212343005766775	undirected	NA	NA
7630	10943	0.0672878379212815	undirected	NA	NA
7630	11132	0.149555827591662	undirected	NA	NA
7630	11201	0.191375189269529	undirected	NA	NA
7630	12179	0.0896833843230265	undirected	NA	NA
7630	12223	0.18575700458991	undirected	NA	NA
7630	12553	0.298291233248211	undirected	NA	NA
7630	13220	0.21570221249135	undirected	NA	NA
7630	14159	0.162850914160347	undirected	NA	NA
7630	14509	0.221987697268225	undirected	NA	NA
7630	14552	0.116282250404499	undirected	NA	NA
7630	15091	0.315336014435591	undirected	NA	NA
7630	15117	0.127502103635621	undirected	NA	NA
8046	8214	0.102974185535803	undirected	NA	NA
8046	8228	0.250683399945708	undirected	NA	NA
8046	8424	0.0112591044564731	undirected	NA	NA
8046	8496	0.144693825221647	undirected	NA	NA
8046	9038	0.0561865809381254	undirected	NA	NA
8046	9453	0.251717460005897	undirected	NA	NA
8046	10037	0.32786726773369	undirected	NA	NA
8046	10301	0.164345767042615	undirected	NA	NA
8046	10374	0.221014837710063	undirected	NA	NA
8046	10499	0.208028582915984	undirected	NA	NA
8046	10943	0.0180796120208266	undirected	NA	NA
8046	11132	0.266767587568709	undirected	NA	NA
8046	11201	0.142444118572784	undirected	NA	NA
8046	12179	0.0354254462881445	undirected	NA	NA
8046	12223	0.324231267474445	undirected	NA	NA
8046	12553	0.247672968838545	undirected	NA	NA
8046	13220	0.248353932352579	undirected	NA	NA
8046	14159	0.177698886172277	undirected	NA	NA
8046	14509	0.192075867315597	undirected	NA	NA
8046	14552	0.0966888603994006	undirected	NA	NA
8046	15091	0.237542133927696	undirected	NA	NA
8046	15117	0.136085750014007	undirected	NA	NA
8214	8228	0.0919880352105324	undirected	NA	NA
8214	8424	0.0962634623949406	undirected	NA	NA
8214	8496	0.143557003457938	undirected	NA	NA
8214	9038	0.217285155841417	undirected	NA	NA
8214	9453	0.125982566795685	undirected	NA	NA
8214	10037	0.127275766032765	undirected	NA	NA
8214	10301	0.175820629557255	undirected	NA	NA
8214	10374	0.0617349636449356	undirected	NA	NA
8214	10499	0.238873849134474	undirected	NA	NA
8214	10943	0.0904952618206612	undirected	NA	NA
8214	11132	0.239875479592424	undirected	NA	NA
8214	11201	0.196621110936933	undirected	NA	NA
8214	12179	0.103315744238403	undirected	NA	NA
8214	12223	0.103183404865876	undirected	NA	NA
8214	12553	0.172464439937772	undirected	NA	NA
8214	13220	0.0146220353616159	undirected	NA	NA
8214	14159	0.128804993861166	undirected	NA	NA
8214	14509	0.139561239195548	undirected	NA	NA
8214	14552	0.244088625100843	undirected	NA	NA
8214	15091	0.108335627176921	undirected	NA	NA
8214	15117	0.109620617524609	undirected	NA	NA
8228	8424	0.0458519031206126	undirected	NA	NA
8228	8496	0.148330089546838	undirected	NA	NA
8228	9038	0.108721786827632	undirected	NA	NA
8228	9453	0.223824208280293	undirected	NA	NA
8228	10037	0.174907489303748	undirected	NA	NA
8228	10301	0.200492244154353	undirected	NA	NA
8228	10374	0.229029697208084	undirected	NA	NA
8228	10499	0.219128344493933	undirected	NA	NA
8228	10943	0.0680812438967592	undirected	NA	NA
8228	11132	0.158556518193416	undirected	NA	NA
8228	11201	0.243236408083482	undirected	NA	NA
8228	12179	0.0719472574694311	undirected	NA	NA
8228	12223	0.215689804744494	undirected	NA	NA
8228	12553	0.293529858604257	undirected	NA	NA
8228	13220	0.229015854470296	undirected	NA	NA
8228	14159	0.167010322854098	undirected	NA	NA
8228	14509	0.265143819329098	undirected	NA	NA
8228	14552	0.165978622788205	undirected	NA	NA
8228	15091	0.320373663004353	undirected	NA	NA
8228	15117	0.107284704332697	undirected	NA	NA
8424	8496	0.0571519289492208	undirected	NA	NA
8424	9038	0.119115391313745	undirected	NA	NA
8424	9453	0.0151332385454807	undirected	NA	NA
8424	10037	0.0201186832216408	undirected	NA	NA
8424	10301	0.113873038634234	undirected	NA	NA
8424	10374	0.0265733780047839	undirected	NA	NA
8424	10499	0.120777677513589	undirected	NA	NA
8424	10943	0.281964411873544	undirected	NA	NA
8424	11132	0.0492920501712815	undirected	NA	NA
8424	11201	0.161261615864403	undirected	NA	NA
8424	12179	0.101252549470571	undirected	NA	NA
8424	12223	0.0211695808031989	undirected	NA	NA
8424	12553	0.10241352334621	undirected	NA	NA
8424	13220	0.00426730057325575	undirected	NA	NA
8424	14159	0.014563732596601	undirected	NA	NA
8424	14509	0.102696566108971	undirected	NA	NA
8424	14552	0.173969471956431	undirected	NA	NA
8424	15091	0.0437960174946853	undirected	NA	NA
8424	15117	0.0118090076980212	undirected	NA	NA
8496	9038	0.130975473174554	undirected	NA	NA
8496	9453	0.157399789850856	undirected	NA	NA
8496	10037	0.0961730422654491	undirected	NA	NA
8496	10301	0.13971796946257	undirected	NA	NA
8496	10374	0.124092390728508	undirected	NA	NA
8496	10499	0.215144184569569	undirected	NA	NA
8496	10943	0.0991972401393114	undirected	NA	NA
8496	11132	0.124640118614609	undirected	NA	NA
8496	11201	0.161748264125467	undirected	NA	NA
8496	12179	0.0476924420756036	undirected	NA	NA
8496	12223	0.10555867504291	undirected	NA	NA
8496	12553	0.190554285200679	undirected	NA	NA
8496	13220	0.0524287427962969	undirected	NA	NA
8496	14159	0.239130079106767	undirected	NA	NA
8496	14509	0.192504323056239	undirected	NA	NA
8496	14552	0.151797673973691	undirected	NA	NA
8496	15091	0.202156466338446	undirected	NA	NA
8496	15117	0.207328754010273	undirected	NA	NA
9038	9453	0.104610805617579	undirected	NA	NA
9038	10037	0.0965414000760202	undirected	NA	NA
9038	10301	0.104686299125571	undirected	NA	NA
9038	10374	0.0369499200469345	undirected	NA	NA
9038	10499	0.262858667144211	undirected	NA	NA
9038	10943	0.0993086859383069	undirected	NA	NA
9038	11132	0.189047101733383	undirected	NA	NA
9038	11201	0.210769819207501	undirected	NA	NA
9038	12179	0.0428102127416138	undirected	NA	NA
9038	12223	0.0937745412209639	undirected	NA	NA
9038	12553	0.201185547701376	undirected	NA	NA
9038	13220	0.010714617826796	undirected	NA	NA
9038	14159	0.0827112860717528	undirected	NA	NA
9038	14509	0.234802832189956	undirected	NA	NA
9038	14552	0.256667769552503	undirected	NA	NA
9038	15091	0.0908905323280708	undirected	NA	NA
9038	15117	0.0549624887760077	undirected	NA	NA
9453	10037	0.301488745428362	undirected	NA	NA
9453	10301	0.125073381933396	undirected	NA	NA
9453	10374	0.137723948016151	undirected	NA	NA
9453	10499	0.226997232494268	undirected	NA	NA
9453	10943	0.021857335497037	undirected	NA	NA
9453	11132	0.269217454087633	undirected	NA	NA
9453	11201	0.16087686925917	undirected	NA	NA
9453	12179	0.0224065300666418	undirected	NA	NA
9453	12223	0.310262589377994	undirected	NA	NA
9453	12553	0.233206792280283	undirected	NA	NA
9453	13220	0.177892004459205	undirected	NA	NA
9453	14159	0.190859927446543	undirected	NA	NA
9453	14509	0.232243642500841	undirected	NA	NA
9453	14552	0.1343997925927	undirected	NA	NA
9453	15091	0.188689087765964	undirected	NA	NA
9453	15117	0.134817361325762	undirected	NA	NA
10037	10301	0.155946559726612	undirected	NA	NA
10037	10374	0.125602438841106	undirected	NA	NA
10037	10499	0.191805948688838	undirected	NA	NA
10037	10943	0.0234474029121525	undirected	NA	NA
10037	11132	0.257531387265079	undirected	NA	NA
10037	11201	0.169761579975144	undirected	NA	NA
10037	12179	0.0390583684638003	undirected	NA	NA
10037	12223	0.268222965191844	undirected	NA	NA
10037	12553	0.195503182418205	undirected	NA	NA
10037	13220	0.183415792173032	undirected	NA	NA
10037	14159	0.164593058094306	undirected	NA	NA
10037	14509	0.172294431178759	undirected	NA	NA
10037	14552	0.141145965835475	undirected	NA	NA
10037	15091	0.182569910740212	undirected	NA	NA
10037	15117	0.103465232111465	undirected	NA	NA
10301	10374	0.198143611382576	undirected	NA	NA
10301	10499	0.243855143041244	undirected	NA	NA
10301	10943	0.103019650545786	undirected	NA	NA
10301	11132	0.211570739784224	undirected	NA	NA
10301	11201	0.172629753414871	undirected	NA	NA
10301	12179	0.187105162726243	undirected	NA	NA
10301	12223	0.150194649371531	undirected	NA	NA
10301	12553	0.259169479333543	undirected	NA	NA
10301	13220	0.0493225847214059	undirected	NA	NA
10301	14159	0.104662803219308	undirected	NA	NA
10301	14509	0.166011616399182	undirected	NA	NA
10301	14552	0.160581471666203	undirected	NA	NA
10301	15091	0.238826494829998	undirected	NA	NA
10301	15117	0.0859841203999843	undirected	NA	NA
10374	10499	0.151616559823587	undirected	NA	NA
10374	10943	0.0495305409673945	undirected	NA	NA
10374	11132	0.11202031161177	undirected	NA	NA
10374	11201	0.137861298901365	undirected	NA	NA
10374	12179	0.0916097931756578	undirected	NA	NA
10374	12223	0.145256832125438	undirected	NA	NA
10374	12553	0.223691886335944	undirected	NA	NA
10374	13220	0.185772299748254	undirected	NA	NA
10374	14159	0.137900989184828	undirected	NA	NA
10374	14509	0.147263933052158	undirected	NA	NA
10374	14552	0.076793417532324	undirected	NA	NA
10374	15091	0.315917223061955	undirected	NA	NA
10374	15117	0.114797459049923	undirected	NA	NA
10499	10943	0.136920843415724	undirected	NA	NA
10499	11132	0.247981099192669	undirected	NA	NA
10499	11201	0.321370639844371	undirected	NA	NA
10499	12179	0.109185488015543	undirected	NA	NA
10499	12223	0.192455202705863	undirected	NA	NA
10499	12553	0.275708509120222	undirected	NA	NA
10499	13220	0.0686159456854868	undirected	NA	NA
10499	14159	0.222767326027151	undirected	NA	NA
10499	14509	0.240189067510948	undirected	NA	NA
10499	14552	0.322850334291495	undirected	NA	NA
10499	15091	0.249841947592703	undirected	NA	NA
10499	15117	0.171838825829437	undirected	NA	NA
10943	11132	0.0503384011274033	undirected	NA	NA
10943	11201	0.136776830614865	undirected	NA	NA
10943	12179	0.0869699193684336	undirected	NA	NA
10943	12223	0.0266505389049345	undirected	NA	NA
10943	12553	0.128230981723298	undirected	NA	NA
10943	13220	0.00676881455181551	undirected	NA	NA
10943	14159	0.0281444887369038	undirected	NA	NA
10943	14509	0.117316977518133	undirected	NA	NA
10943	14552	0.144775146213833	undirected	NA	NA
10943	15091	0.0768358588738309	undirected	NA	NA
10943	15117	0.0254832907184315	undirected	NA	NA
11132	11201	0.23596560898343	undirected	NA	NA
11132	12179	0.0731196394612151	undirected	NA	NA
11132	12223	0.227530560972904	undirected	NA	NA
11132	12553	0.197439365815921	undirected	NA	NA
11132	13220	0.0946418809741276	undirected	NA	NA
11132	14159	0.189490076357099	undirected	NA	NA
11132	14509	0.188553529578587	undirected	NA	NA
11132	14552	0.243570508989713	undirected	NA	NA
11132	15091	0.177455257827215	undirected	NA	NA
11132	15117	0.135148180022928	undirected	NA	NA
11201	12179	0.105058115661054	undirected	NA	NA
11201	12223	0.181606317091749	undirected	NA	NA
11201	12553	0.325456918390709	undirected	NA	NA
11201	13220	0.0469280009062227	undirected	NA	NA
11201	14159	0.108414718627357	undirected	NA	NA
11201	14509	0.289687352323401	undirected	NA	NA
11201	14552	0.253479490270978	undirected	NA	NA
11201	15091	0.228653030990055	undirected	NA	NA
11201	15117	0.0697184574964992	undirected	NA	NA
12179	12223	0.036954477608837	undirected	NA	NA
12179	12553	0.113804811412811	undirected	NA	NA
12179	13220	0.018287043005883	undirected	NA	NA
12179	14159	0.0195772372010788	undirected	NA	NA
12179	14509	0.0653599915729939	undirected	NA	NA
12179	14552	0.0938852545688458	undirected	NA	NA
12179	15091	0.087860948775057	undirected	NA	NA
12179	15117	0.0180522353216931	undirected	NA	NA
12223	12553	0.219851905046552	undirected	NA	NA
12223	13220	0.217434505855908	undirected	NA	NA
12223	14159	0.170136600430838	undirected	NA	NA
12223	14509	0.200631028878714	undirected	NA	NA
12223	14552	0.138435521798469	undirected	NA	NA
12223	15091	0.212902408195547	undirected	NA	NA
12223	15117	0.101299029727996	undirected	NA	NA
12553	13220	0.138684360235668	undirected	NA	NA
12553	14159	0.203475258207748	undirected	NA	NA
12553	14509	0.277674818172703	undirected	NA	NA
12553	14552	0.275499719991913	undirected	NA	NA
12553	15091	0.33093213843367	undirected	NA	NA
12553	15117	0.146512816698571	undirected	NA	NA
13220	14159	0.0833769876059462	undirected	NA	NA
13220	14509	0.0791028629882158	undirected	NA	NA
13220	14552	0.0228903455126214	undirected	NA	NA
13220	15091	0.221155783171349	undirected	NA	NA
13220	15117	0.0469120797048084	undirected	NA	NA
14159	14509	0.195259865536861	undirected	NA	NA
14159	14552	0.0972956644468124	undirected	NA	NA
14159	15091	0.182301722195245	undirected	NA	NA
14159	15117	0.228075767435077	undirected	NA	NA
14509	14552	0.272858459313716	undirected	NA	NA
14509	15091	0.265492193800518	undirected	NA	NA
14509	15117	0.128189150334637	undirected	NA	NA
14552	15091	0.150147085808148	undirected	NA	NA
14552	15117	0.0648963997993896	undirected	NA	NA
15091	15117	0.137430856892589	undirected	NA	NA
