fromNode	toNode	weight	direction	fromAltName	toAltName
166	247	0.138006617381953	undirected	NA	NA
166	257	0.0267176107040723	undirected	NA	NA
166	329	0.254705251477048	undirected	NA	NA
166	482	0.0271136484092658	undirected	NA	NA
166	1028	0.0340026197597204	undirected	NA	NA
166	1430	0.0318044989188545	undirected	NA	NA
166	2128	0.0498289163573532	undirected	NA	NA
166	2208	0.0706763101492202	undirected	NA	NA
166	2515	0.133337728423258	undirected	NA	NA
166	3625	0.186513470359693	undirected	NA	NA
166	3643	0.186200841702187	undirected	NA	NA
166	3709	0.0305962422252697	undirected	NA	NA
166	4011	0.11058677599082	undirected	NA	NA
166	4072	0.186382720244076	undirected	NA	NA
166	4298	0.015534408529465	undirected	NA	NA
166	4413	0.31456807333237	undirected	NA	NA
166	5288	0.234370964147444	undirected	NA	NA
166	5701	0.229904208566099	undirected	NA	NA
166	5867	0.136449040443907	undirected	NA	NA
166	6173	0.0966106108661007	undirected	NA	NA
166	6669	0.160504062840314	undirected	NA	NA
166	7182	0.0097357785940512	undirected	NA	NA
166	7243	0.0969763630794632	undirected	NA	NA
166	7500	0.283917051537742	undirected	NA	NA
166	7886	0.319707746774482	undirected	NA	NA
166	8037	0.213957375753312	undirected	NA	NA
166	8268	0.209928741245068	undirected	NA	NA
166	8657	0.00805250190016568	undirected	NA	NA
166	8667	0.245839941596559	undirected	NA	NA
166	9090	0.197393521526496	undirected	NA	NA
166	9349	0.138017036491913	undirected	NA	NA
166	9531	0.00853371769119723	undirected	NA	NA
166	9778	0.0861615791491675	undirected	NA	NA
166	9971	0.0460374021383073	undirected	NA	NA
166	10762	0.176874036327514	undirected	NA	NA
166	10858	0.0300585640501028	undirected	NA	NA
166	10909	0.199367035182576	undirected	NA	NA
166	11775	0.155749295800266	undirected	NA	NA
166	11896	0.145736951932328	undirected	NA	NA
166	12147	0.214106297611324	undirected	NA	NA
166	12375	0.168815175983546	undirected	NA	NA
166	12603	0.233756437443536	undirected	NA	NA
166	13162	0.128435294325162	undirected	NA	NA
166	13218	0.277135257510197	undirected	NA	NA
166	14915	0.128040101417493	undirected	NA	NA
166	15120	0.0708640674455233	undirected	NA	NA
166	15165	0.179371229893142	undirected	NA	NA
166	15172	0.148976895642327	undirected	NA	NA
166	15489	0.10528378969792	undirected	NA	NA
166	15499	0.171084217612297	undirected	NA	NA
166	15513	0.0475116546163973	undirected	NA	NA
247	257	0.136222517801404	undirected	NA	NA
247	329	0.359162812984902	undirected	NA	NA
247	482	0.00199568532882216	undirected	NA	NA
247	1028	0.190393802124072	undirected	NA	NA
247	1430	0.0819407009744343	undirected	NA	NA
247	2128	0.0821888852698917	undirected	NA	NA
247	2208	0.0276887377173653	undirected	NA	NA
247	2515	0.0516283426699515	undirected	NA	NA
247	3625	0.0842894702733766	undirected	NA	NA
247	3643	0.196169649782344	undirected	NA	NA
247	3709	0.00288154611110388	undirected	NA	NA
247	4011	0.164975093436048	undirected	NA	NA
247	4072	0.370304866310961	undirected	NA	NA
247	4298	0.000432826841593332	undirected	NA	NA
247	4413	0.241617455045335	undirected	NA	NA
247	5288	0.192509922781747	undirected	NA	NA
247	5701	0.0876335803062972	undirected	NA	NA
247	5867	0.370327947275626	undirected	NA	NA
247	6173	0.022290383799514	undirected	NA	NA
247	6669	0.034821855686504	undirected	NA	NA
247	7182	0.000229807430614806	undirected	NA	NA
247	7243	0.334607240508796	undirected	NA	NA
247	7500	0.169386132238268	undirected	NA	NA
247	7886	0.202594635002185	undirected	NA	NA
247	8037	0.0940058671613499	undirected	NA	NA
247	8268	0.367489086334313	undirected	NA	NA
247	8657	0.0023209074204011	undirected	NA	NA
247	8667	0.321616971416427	undirected	NA	NA
247	9090	0.072189926916381	undirected	NA	NA
247	9349	0.370811422425487	undirected	NA	NA
247	9531	0.0050898988819661	undirected	NA	NA
247	9778	0.0554811078880987	undirected	NA	NA
247	9971	0.0204184826779838	undirected	NA	NA
247	10762	0.128752219043551	undirected	NA	NA
247	10858	0.0669868954401751	undirected	NA	NA
247	10909	0.0602664237575587	undirected	NA	NA
247	11775	0.0363203050126882	undirected	NA	NA
247	11896	0.0280098992412615	undirected	NA	NA
247	12147	0.314415754490555	undirected	NA	NA
247	12375	0.17795165921226	undirected	NA	NA
247	12603	0.230627012386764	undirected	NA	NA
247	13162	0.0516420990518511	undirected	NA	NA
247	13218	0.135121115929505	undirected	NA	NA
247	14915	0.0713334677514934	undirected	NA	NA
247	15120	0.052047401152096	undirected	NA	NA
247	15165	0.302002370091691	undirected	NA	NA
247	15172	0.0281052956842481	undirected	NA	NA
247	15489	0.149521027176942	undirected	NA	NA
247	15499	0.284895872465332	undirected	NA	NA
247	15513	0.234209662158779	undirected	NA	NA
257	329	0.111235868861975	undirected	NA	NA
257	482	0.000335250838356973	undirected	NA	NA
257	1028	0.233558001392456	undirected	NA	NA
257	1430	0.167733435424178	undirected	NA	NA
257	2128	0.0629149203779617	undirected	NA	NA
257	2208	0.00419288009586972	undirected	NA	NA
257	2515	0.0144603212673753	undirected	NA	NA
257	3625	0.0189806673159872	undirected	NA	NA
257	3643	0.054514964404	undirected	NA	NA
257	3709	0.000519583471491945	undirected	NA	NA
257	4011	0.0589868687260236	undirected	NA	NA
257	4072	0.133796995783178	undirected	NA	NA
257	4298	4.99180074567615e-05	undirected	NA	NA
257	4413	0.0654457075146706	undirected	NA	NA
257	5288	0.051862654456272	undirected	NA	NA
257	5701	0.0229781715677325	undirected	NA	NA
257	5867	0.154166984440545	undirected	NA	NA
257	6173	0.00337909326197738	undirected	NA	NA
257	6669	0.00460884849371962	undirected	NA	NA
257	7182	3.43770417174207e-05	undirected	NA	NA
257	7243	0.161363061012132	undirected	NA	NA
257	7500	0.0333830493030588	undirected	NA	NA
257	7886	0.0448044296975116	undirected	NA	NA
257	8037	0.0258671116092847	undirected	NA	NA
257	8268	0.127817263190425	undirected	NA	NA
257	8657	0.000339005425083749	undirected	NA	NA
257	8667	0.095550963339044	undirected	NA	NA
257	9090	0.0160714364735256	undirected	NA	NA
257	9349	0.14251215468691	undirected	NA	NA
257	9531	0.0102647064085275	undirected	NA	NA
257	9778	0.0158723606153719	undirected	NA	NA
257	9971	0.00682212534824667	undirected	NA	NA
257	10762	0.0335828271431322	undirected	NA	NA
257	10858	0.0576949530822796	undirected	NA	NA
257	10909	0.0196802936640647	undirected	NA	NA
257	11775	0.00527160457782208	undirected	NA	NA
257	11896	0.00321112099134198	undirected	NA	NA
257	12147	0.098290307418734	undirected	NA	NA
257	12375	0.0704069272196142	undirected	NA	NA
257	12603	0.0762404668037841	undirected	NA	NA
257	13162	0.0120603031587857	undirected	NA	NA
257	13218	0.0360655607873319	undirected	NA	NA
257	14915	0.0250945895170177	undirected	NA	NA
257	15120	0.0180656492323885	undirected	NA	NA
257	15165	0.124676331118415	undirected	NA	NA
257	15172	0.00474981082304066	undirected	NA	NA
257	15489	0.0275741973273529	undirected	NA	NA
257	15499	0.13667714542451	undirected	NA	NA
257	15513	0.189900724053922	undirected	NA	NA
329	482	0.00827012298033014	undirected	NA	NA
329	1028	0.150429379356747	undirected	NA	NA
329	1430	0.0875347694205386	undirected	NA	NA
329	2128	0.100024979653102	undirected	NA	NA
329	2208	0.0461483269662574	undirected	NA	NA
329	2515	0.11369162564841	undirected	NA	NA
329	3625	0.146608085818245	undirected	NA	NA
329	3643	0.265559208226188	undirected	NA	NA
329	3709	0.0110688135017515	undirected	NA	NA
329	4011	0.201252676708594	undirected	NA	NA
329	4072	0.416206983180544	undirected	NA	NA
329	4298	0.00215744177449821	undirected	NA	NA
329	4413	0.338434500552668	undirected	NA	NA
329	5288	0.280018736561812	undirected	NA	NA
329	5701	0.16598310394602	undirected	NA	NA
329	5867	0.341905483635492	undirected	NA	NA
329	6173	0.055649667154049	undirected	NA	NA
329	6669	0.0899629122109982	undirected	NA	NA
329	7182	0.00123566074334254	undirected	NA	NA
329	7243	0.295189168099282	undirected	NA	NA
329	7500	0.281892836694879	undirected	NA	NA
329	7886	0.324547448342179	undirected	NA	NA
329	8037	0.168688923063816	undirected	NA	NA
329	8268	0.393296831958561	undirected	NA	NA
329	8657	0.00495466887419868	undirected	NA	NA
329	8667	0.411113553994111	undirected	NA	NA
329	9090	0.13555853723674	undirected	NA	NA
329	9349	0.371970107165644	undirected	NA	NA
329	9531	0.0109316449257269	undirected	NA	NA
329	9778	0.0812321629487298	undirected	NA	NA
329	9971	0.030699819107107	undirected	NA	NA
329	10762	0.190244921674794	undirected	NA	NA
329	10858	0.0704513704402831	undirected	NA	NA
329	10909	0.1300395892313	undirected	NA	NA
329	11775	0.0919044648781877	undirected	NA	NA
329	11896	0.0751337283264429	undirected	NA	NA
329	12147	0.386394521559325	undirected	NA	NA
329	12375	0.252779818403446	undirected	NA	NA
329	12603	0.327972604538873	undirected	NA	NA
329	13162	0.093839436764802	undirected	NA	NA
329	13218	0.236337228148238	undirected	NA	NA
329	14915	0.136402671158183	undirected	NA	NA
329	15120	0.0823434685324331	undirected	NA	NA
329	15165	0.362182778033257	undirected	NA	NA
329	15172	0.068464229506397	undirected	NA	NA
329	15489	0.15987734860984	undirected	NA	NA
329	15499	0.30842728368291	undirected	NA	NA
329	15513	0.190792323054866	undirected	NA	NA
482	1028	0.000817995330860119	undirected	NA	NA
482	1430	0.00561713394287857	undirected	NA	NA
482	2128	0.0191209016972797	undirected	NA	NA
482	2208	0.000224201232596391	undirected	NA	NA
482	2515	0.103884741658945	undirected	NA	NA
482	3625	0.000817880659958539	undirected	NA	NA
482	3643	0.0438259472693337	undirected	NA	NA
482	3709	0.241855058928378	undirected	NA	NA
482	4011	0.0162798345243551	undirected	NA	NA
482	4072	0.00136859863329904	undirected	NA	NA
482	4298	0.094520062577873	undirected	NA	NA
482	4413	0.01783612787914	undirected	NA	NA
482	5288	0.00115237649364626	undirected	NA	NA
482	5701	0.00372232193690543	undirected	NA	NA
482	5867	0.00400632504577539	undirected	NA	NA
482	6173	0.109649920051347	undirected	NA	NA
482	6669	0.142264184228643	undirected	NA	NA
482	7182	0.15190953114782	undirected	NA	NA
482	7243	0.0019179166999933	undirected	NA	NA
482	7500	0.0577674578777689	undirected	NA	NA
482	7886	0.0338322844592579	undirected	NA	NA
482	8037	0.00423638738500022	undirected	NA	NA
482	8268	0.00870073949002206	undirected	NA	NA
482	8657	0.0191835062189347	undirected	NA	NA
482	8667	0.00207346534481686	undirected	NA	NA
482	9090	0.00131224278932574	undirected	NA	NA
482	9349	0.000743667897350099	undirected	NA	NA
482	9531	0.0439700056616282	undirected	NA	NA
482	9778	0.000151282606430552	undirected	NA	NA
482	9971	0.000142261926265179	undirected	NA	NA
482	10762	0.000445408691156398	undirected	NA	NA
482	10858	0.0167616243874232	undirected	NA	NA
482	10909	0.00196543781078068	undirected	NA	NA
482	11775	0.146942387254263	undirected	NA	NA
482	11896	0.112653714803013	undirected	NA	NA
482	12147	0.00116744526153014	undirected	NA	NA
482	12375	0.0323909532468426	undirected	NA	NA
482	12603	0.0279774589314661	undirected	NA	NA
482	13162	0.000628724379043397	undirected	NA	NA
482	13218	0.00720472064248467	undirected	NA	NA
482	14915	0.0900104702081785	undirected	NA	NA
482	15120	0.0551034920762704	undirected	NA	NA
482	15165	0.0012694248865701	undirected	NA	NA
482	15172	0.0017483135226482	undirected	NA	NA
482	15489	0.00394534120597802	undirected	NA	NA
482	15499	0.00152181774804629	undirected	NA	NA
482	15513	0.000181689924609742	undirected	NA	NA
1028	1430	0.169795538708308	undirected	NA	NA
1028	2128	0.0694718776384166	undirected	NA	NA
1028	2208	0.0055362926653087	undirected	NA	NA
1028	2515	0.0214440509885205	undirected	NA	NA
1028	3625	0.0266445257588083	undirected	NA	NA
1028	3643	0.0612481599908866	undirected	NA	NA
1028	3709	0.00135357991386021	undirected	NA	NA
1028	4011	0.0786119432819287	undirected	NA	NA
1028	4072	0.201553109834054	undirected	NA	NA
1028	4298	9.60049080901158e-05	undirected	NA	NA
1028	4413	0.0868042896790958	undirected	NA	NA
1028	5288	0.077888034024404	undirected	NA	NA
1028	5701	0.0252436867422719	undirected	NA	NA
1028	5867	0.201403714557904	undirected	NA	NA
1028	6173	0.00533076957336042	undirected	NA	NA
1028	6669	0.00822174189614562	undirected	NA	NA
1028	7182	8.81377538083707e-05	undirected	NA	NA
1028	7243	0.209644828920886	undirected	NA	NA
1028	7500	0.0414621355278388	undirected	NA	NA
1028	7886	0.0578032298633791	undirected	NA	NA
1028	8037	0.0273949325202477	undirected	NA	NA
1028	8268	0.175916890311599	undirected	NA	NA
1028	8657	0.000475630913605769	undirected	NA	NA
1028	8667	0.151387150116155	undirected	NA	NA
1028	9090	0.0220931264181251	undirected	NA	NA
1028	9349	0.201375411033214	undirected	NA	NA
1028	9531	0.0156246334689566	undirected	NA	NA
1028	9778	0.017690608218303	undirected	NA	NA
1028	9971	0.00577490013318613	undirected	NA	NA
1028	10762	0.0461751627949249	undirected	NA	NA
1028	10858	0.0630046480152526	undirected	NA	NA
1028	10909	0.0203696220108831	undirected	NA	NA
1028	11775	0.00851761469035701	undirected	NA	NA
1028	11896	0.00589686961193814	undirected	NA	NA
1028	12147	0.148175613715239	undirected	NA	NA
1028	12375	0.0802833378850698	undirected	NA	NA
1028	12603	0.0913762257858852	undirected	NA	NA
1028	13162	0.0128464725481455	undirected	NA	NA
1028	13218	0.0413712403903673	undirected	NA	NA
1028	14915	0.0394169224197833	undirected	NA	NA
1028	15120	0.0243789819224465	undirected	NA	NA
1028	15165	0.186324214806432	undirected	NA	NA
1028	15172	0.00715998772686992	undirected	NA	NA
1028	15489	0.0245477782778643	undirected	NA	NA
1028	15499	0.165225570143377	undirected	NA	NA
1028	15513	0.173349492417014	undirected	NA	NA
1430	2128	0.169955597352003	undirected	NA	NA
1430	2208	0.00173570997840635	undirected	NA	NA
1430	2515	0.072607344372069	undirected	NA	NA
1430	3625	0.0102205001426678	undirected	NA	NA
1430	3643	0.106391785275944	undirected	NA	NA
1430	3709	0.00770236079502936	undirected	NA	NA
1430	4011	0.0513914289652689	undirected	NA	NA
1430	4072	0.084491215020376	undirected	NA	NA
1430	4298	0.000884331813127929	undirected	NA	NA
1430	4413	0.0748920196800033	undirected	NA	NA
1430	5288	0.0295759593978154	undirected	NA	NA
1430	5701	0.0172740352844212	undirected	NA	NA
1430	5867	0.114053352223729	undirected	NA	NA
1430	6173	0.0210195077263786	undirected	NA	NA
1430	6669	0.0237602030236739	undirected	NA	NA
1430	7182	0.000743818179841073	undirected	NA	NA
1430	7243	0.104762719895338	undirected	NA	NA
1430	7500	0.0519120048338963	undirected	NA	NA
1430	7886	0.0574658408501714	undirected	NA	NA
1430	8037	0.0206317236995619	undirected	NA	NA
1430	8268	0.11645601446051	undirected	NA	NA
1430	8657	0.00209479728001318	undirected	NA	NA
1430	8667	0.06305170122206	undirected	NA	NA
1430	9090	0.00941246547810131	undirected	NA	NA
1430	9349	0.0751037166614714	undirected	NA	NA
1430	9531	0.0641203170490818	undirected	NA	NA
1430	9778	0.00630591561548721	undirected	NA	NA
1430	9971	0.00300996039256059	undirected	NA	NA
1430	10762	0.0155922961527099	undirected	NA	NA
1430	10858	0.175017892294443	undirected	NA	NA
1430	10909	0.0117863248091837	undirected	NA	NA
1430	11775	0.0296930810677903	undirected	NA	NA
1430	11896	0.0144445518511479	undirected	NA	NA
1430	12147	0.055802600436592	undirected	NA	NA
1430	12375	0.148194553933366	undirected	NA	NA
1430	12603	0.0942658952589618	undirected	NA	NA
1430	13162	0.0035740847928339	undirected	NA	NA
1430	13218	0.0307172571917236	undirected	NA	NA
1430	14915	0.0978965855707198	undirected	NA	NA
1430	15120	0.0784703657359468	undirected	NA	NA
1430	15165	0.0868497214860621	undirected	NA	NA
1430	15172	0.00365476656662162	undirected	NA	NA
1430	15489	0.00935797962341242	undirected	NA	NA
1430	15499	0.0875254531548045	undirected	NA	NA
1430	15513	0.0790347788416862	undirected	NA	NA
2128	2208	0.00149536375126721	undirected	NA	NA
2128	2515	0.163083811432591	undirected	NA	NA
2128	3625	0.00933628780636512	undirected	NA	NA
2128	3643	0.216469877022188	undirected	NA	NA
2128	3709	0.0209113902089667	undirected	NA	NA
2128	4011	0.0826818806088389	undirected	NA	NA
2128	4072	0.0689248903248842	undirected	NA	NA
2128	4298	0.004856509601675	undirected	NA	NA
2128	4413	0.112572750477808	undirected	NA	NA
2128	5288	0.0259388159931677	undirected	NA	NA
2128	5701	0.0184945976209576	undirected	NA	NA
2128	5867	0.116531195119373	undirected	NA	NA
2128	6173	0.0844448177485923	undirected	NA	NA
2128	6669	0.0700828587674386	undirected	NA	NA
2128	7182	0.00276976924326459	undirected	NA	NA
2128	7243	0.0951086448151183	undirected	NA	NA
2128	7500	0.109879694249356	undirected	NA	NA
2128	7886	0.0938589167793637	undirected	NA	NA
2128	8037	0.0251852189349775	undirected	NA	NA
2128	8268	0.141193839268234	undirected	NA	NA
2128	8657	0.0229307250887265	undirected	NA	NA
2128	8667	0.0580298156486791	undirected	NA	NA
2128	9090	0.009108636851841	undirected	NA	NA
2128	9349	0.0608176993445299	undirected	NA	NA
2128	9531	0.101503572540727	undirected	NA	NA
2128	9778	0.00564767279569307	undirected	NA	NA
2128	9971	0.00313973543404005	undirected	NA	NA
2128	10762	0.0126618317212067	undirected	NA	NA
2128	10858	0.273381333024692	undirected	NA	NA
2128	10909	0.0113776082498059	undirected	NA	NA
2128	11775	0.0975546755448974	undirected	NA	NA
2128	11896	0.0404103973408935	undirected	NA	NA
2128	12147	0.0472147642117571	undirected	NA	NA
2128	12375	0.234540109199927	undirected	NA	NA
2128	12603	0.121870721168476	undirected	NA	NA
2128	13162	0.0026165342843327	undirected	NA	NA
2128	13218	0.0356108826364176	undirected	NA	NA
2128	14915	0.184415528954099	undirected	NA	NA
2128	15120	0.190756394101479	undirected	NA	NA
2128	15165	0.0612504369863444	undirected	NA	NA
2128	15172	0.00373620977052677	undirected	NA	NA
2128	15489	0.01975617555326	undirected	NA	NA
2128	15499	0.0575770864137367	undirected	NA	NA
2128	15513	0.0294530189338552	undirected	NA	NA
2208	2515	0.00406671173550659	undirected	NA	NA
2208	3625	0.162327228842697	undirected	NA	NA
2208	3643	0.0122829712423654	undirected	NA	NA
2208	3709	0.000311162380793194	undirected	NA	NA
2208	4011	0.00578650602122458	undirected	NA	NA
2208	4072	0.052154770506283	undirected	NA	NA
2208	4298	0.000240578694305459	undirected	NA	NA
2208	4413	0.0533810964961932	undirected	NA	NA
2208	5288	0.132440253303997	undirected	NA	NA
2208	5701	0.101230412385187	undirected	NA	NA
2208	5867	0.0179846319272341	undirected	NA	NA
2208	6173	0.00159970273691689	undirected	NA	NA
2208	6669	0.00601306915912365	undirected	NA	NA
2208	7182	0.00020441091732365	undirected	NA	NA
2208	7243	0.0138639987813449	undirected	NA	NA
2208	7500	0.0292010425987665	undirected	NA	NA
2208	7886	0.0505491392775873	undirected	NA	NA
2208	8037	0.0807528477061664	undirected	NA	NA
2208	8268	0.0270458399797461	undirected	NA	NA
2208	8657	6.65082610373864e-05	undirected	NA	NA
2208	8667	0.0830803880894698	undirected	NA	NA
2208	9090	0.161429002912242	undirected	NA	NA
2208	9349	0.0407563580361464	undirected	NA	NA
2208	9531	2.66923872976947e-05	undirected	NA	NA
2208	9778	0.0664035436201902	undirected	NA	NA
2208	9971	0.0295487501131806	undirected	NA	NA
2208	10762	0.142996135949519	undirected	NA	NA
2208	10858	0.000779152187599942	undirected	NA	NA
2208	10909	0.0623834643053135	undirected	NA	NA
2208	11775	0.004779788504764	undirected	NA	NA
2208	11896	0.0081865213786371	undirected	NA	NA
2208	12147	0.0852845681560853	undirected	NA	NA
2208	12375	0.0125934590048351	undirected	NA	NA
2208	12603	0.0203614970944588	undirected	NA	NA
2208	13162	0.233864717083673	undirected	NA	NA
2208	13218	0.093924790492145	undirected	NA	NA
2208	14915	0.00344822141150777	undirected	NA	NA
2208	15120	0.00127519574671881	undirected	NA	NA
2208	15165	0.0495662193884021	undirected	NA	NA
2208	15172	0.141023173802065	undirected	NA	NA
2208	15489	0.0466462701958244	undirected	NA	NA
2208	15499	0.0452504484981287	undirected	NA	NA
2208	15513	0.0163240767303142	undirected	NA	NA
2515	3625	0.0209441843748806	undirected	NA	NA
2515	3643	0.265606428078528	undirected	NA	NA
2515	3709	0.0991894989854689	undirected	NA	NA
2515	4011	0.0831041426299827	undirected	NA	NA
2515	4072	0.0508523676393617	undirected	NA	NA
2515	4298	0.0449422586033059	undirected	NA	NA
2515	4413	0.167918868540444	undirected	NA	NA
2515	5288	0.0374280861119419	undirected	NA	NA
2515	5701	0.0464659712233091	undirected	NA	NA
2515	5867	0.0751722574732062	undirected	NA	NA
2515	6173	0.242578030918878	undirected	NA	NA
2515	6669	0.259455298959072	undirected	NA	NA
2515	7182	0.0338678746812458	undirected	NA	NA
2515	7243	0.0457564057131913	undirected	NA	NA
2515	7500	0.240425278293258	undirected	NA	NA
2515	7886	0.189708710811468	undirected	NA	NA
2515	8037	0.0525445062716263	undirected	NA	NA
2515	8268	0.128452949803938	undirected	NA	NA
2515	8657	0.0480504499728186	undirected	NA	NA
2515	8667	0.0604700401505142	undirected	NA	NA
2515	9090	0.0241461434459761	undirected	NA	NA
2515	9349	0.0344143441484606	undirected	NA	NA
2515	9531	0.082035552300954	undirected	NA	NA
2515	9778	0.00924775066724446	undirected	NA	NA
2515	9971	0.00675382372498135	undirected	NA	NA
2515	10762	0.0194854381679405	undirected	NA	NA
2515	10858	0.135991450669102	undirected	NA	NA
2515	10909	0.0267291373436043	undirected	NA	NA
2515	11775	0.306795154474996	undirected	NA	NA
2515	11896	0.190834570505617	undirected	NA	NA
2515	12147	0.0442058881986252	undirected	NA	NA
2515	12375	0.231206800078008	undirected	NA	NA
2515	12603	0.157698945284855	undirected	NA	NA
2515	13162	0.0080663169926962	undirected	NA	NA
2515	13218	0.0755855839284709	undirected	NA	NA
2515	14915	0.245927331148484	undirected	NA	NA
2515	15120	0.214749137101121	undirected	NA	NA
2515	15165	0.0484084877957929	undirected	NA	NA
2515	15172	0.0158495349235751	undirected	NA	NA
2515	15489	0.034718928033286	undirected	NA	NA
2515	15499	0.0491818065569048	undirected	NA	NA
2515	15513	0.0100411972252881	undirected	NA	NA
3625	3643	0.0576813512520537	undirected	NA	NA
3625	3709	0.00103671042685226	undirected	NA	NA
3625	4011	0.0184561137039344	undirected	NA	NA
3625	4072	0.172652423061213	undirected	NA	NA
3625	4298	0.000965442541680275	undirected	NA	NA
3625	4413	0.199544024547108	undirected	NA	NA
3625	5288	0.306455938665561	undirected	NA	NA
3625	5701	0.31826487319772	undirected	NA	NA
3625	5867	0.0683656786527618	undirected	NA	NA
3625	6173	0.00678756745360977	undirected	NA	NA
3625	6669	0.0186119053822365	undirected	NA	NA
3625	7182	0.000639416383938906	undirected	NA	NA
3625	7243	0.0494241712712846	undirected	NA	NA
3625	7500	0.0934225480105167	undirected	NA	NA
3625	7886	0.156683194566005	undirected	NA	NA
3625	8037	0.298418761264741	undirected	NA	NA
3625	8268	0.105906102460408	undirected	NA	NA
3625	8657	0.000310556382363869	undirected	NA	NA
3625	8667	0.228115205314868	undirected	NA	NA
3625	9090	0.317883319498889	undirected	NA	NA
3625	9349	0.135216740862231	undirected	NA	NA
3625	9531	0.000292398176249605	undirected	NA	NA
3625	9778	0.231352916402489	undirected	NA	NA
3625	9971	0.156186951234007	undirected	NA	NA
3625	10762	0.319621140614146	undirected	NA	NA
3625	10858	0.00435447992667811	undirected	NA	NA
3625	10909	0.248313673321886	undirected	NA	NA
3625	11775	0.0181622879562002	undirected	NA	NA
3625	11896	0.0198813810627447	undirected	NA	NA
3625	12147	0.237301320717613	undirected	NA	NA
3625	12375	0.0669773942830825	undirected	NA	NA
3625	12603	0.0764056719275584	undirected	NA	NA
3625	13162	0.230813834182762	undirected	NA	NA
3625	13218	0.2938644829325	undirected	NA	NA
3625	14915	0.0157204657444672	undirected	NA	NA
3625	15120	0.00651592910126568	undirected	NA	NA
3625	15165	0.174412241354146	undirected	NA	NA
3625	15172	0.235123574259676	undirected	NA	NA
3625	15489	0.0983983293128917	undirected	NA	NA
3625	15499	0.181787152678703	undirected	NA	NA
3625	15513	0.0598318091970749	undirected	NA	NA
3643	3709	0.0448762646729086	undirected	NA	NA
3643	4011	0.138650328989606	undirected	NA	NA
3643	4072	0.196493943311458	undirected	NA	NA
3643	4298	0.0153815668369501	undirected	NA	NA
3643	4413	0.275504203157097	undirected	NA	NA
3643	5288	0.120161057314368	undirected	NA	NA
3643	5701	0.0808223340056008	undirected	NA	NA
3643	5867	0.214569331717391	undirected	NA	NA
3643	6173	0.180964970450178	undirected	NA	NA
3643	6669	0.162614153915021	undirected	NA	NA
3643	7182	0.00663646048625064	undirected	NA	NA
3643	7243	0.168891134302402	undirected	NA	NA
3643	7500	0.264572297981935	undirected	NA	NA
3643	7886	0.26536271364593	undirected	NA	NA
3643	8037	0.0892311059574544	undirected	NA	NA
3643	8268	0.280382788998979	undirected	NA	NA
3643	8657	0.041008744445045	undirected	NA	NA
3643	8667	0.200307648551203	undirected	NA	NA
3643	9090	0.0576188375370445	undirected	NA	NA
3643	9349	0.168743423394859	undirected	NA	NA
3643	9531	0.0576122567845499	undirected	NA	NA
3643	9778	0.0304907921461151	undirected	NA	NA
3643	9971	0.013772677273879	undirected	NA	NA
3643	10762	0.0695284445717966	undirected	NA	NA
3643	10858	0.146458529668595	undirected	NA	NA
3643	10909	0.0496119038561632	undirected	NA	NA
3643	11775	0.196696714529665	undirected	NA	NA
3643	11896	0.126000594801253	undirected	NA	NA
3643	12147	0.171226089082185	undirected	NA	NA
3643	12375	0.267211379408097	undirected	NA	NA
3643	12603	0.221086150795463	undirected	NA	NA
3643	13162	0.023062558813677	undirected	NA	NA
3643	13218	0.130812570803974	undirected	NA	NA
3643	14915	0.248452523564553	undirected	NA	NA
3643	15120	0.218125802633561	undirected	NA	NA
3643	15165	0.167928427186585	undirected	NA	NA
3643	15172	0.0293031047146612	undirected	NA	NA
3643	15489	0.0804779900014175	undirected	NA	NA
3643	15499	0.149199539351237	undirected	NA	NA
3643	15513	0.0611568090559044	undirected	NA	NA
3709	4011	0.0250109073023098	undirected	NA	NA
3709	4072	0.00197213715542141	undirected	NA	NA
3709	4298	0.0720648540258478	undirected	NA	NA
3709	4413	0.0198976993701246	undirected	NA	NA
3709	5288	0.00161259132292666	undirected	NA	NA
3709	5701	0.00402973711343623	undirected	NA	NA
3709	5867	0.00564684039353466	undirected	NA	NA
3709	6173	0.102101306508991	undirected	NA	NA
3709	6669	0.143176554497602	undirected	NA	NA
3709	7182	0.136544315680248	undirected	NA	NA
3709	7243	0.00291496638779838	undirected	NA	NA
3709	7500	0.0622736883679353	undirected	NA	NA
3709	7886	0.0383944257625212	undirected	NA	NA
3709	8037	0.00434552152193457	undirected	NA	NA
3709	8268	0.0110967688464819	undirected	NA	NA
3709	8657	0.0162286410256647	undirected	NA	NA
3709	8667	0.00292577242266274	undirected	NA	NA
3709	9090	0.00157981316756594	undirected	NA	NA
3709	9349	0.00110928937584663	undirected	NA	NA
3709	9531	0.0455961815636897	undirected	NA	NA
3709	9778	0.000183057845757176	undirected	NA	NA
3709	9971	0.000127358031612813	undirected	NA	NA
3709	10762	0.00062381833524634	undirected	NA	NA
3709	10858	0.0197531924388113	undirected	NA	NA
3709	10909	0.00207106488531303	undirected	NA	NA
3709	11775	0.139543969050191	undirected	NA	NA
3709	11896	0.120782104294077	undirected	NA	NA
3709	12147	0.00170421543373304	undirected	NA	NA
3709	12375	0.0342654957567884	undirected	NA	NA
3709	12603	0.0347467986448746	undirected	NA	NA
3709	13162	0.00100642596783494	undirected	NA	NA
3709	13218	0.00827282781671269	undirected	NA	NA
3709	14915	0.0887541695965583	undirected	NA	NA
3709	15120	0.055072892658672	undirected	NA	NA
3709	15165	0.00182469610408841	undirected	NA	NA
3709	15172	0.00181315769816895	undirected	NA	NA
3709	15489	0.00433894353745781	undirected	NA	NA
3709	15499	0.00224414477258662	undirected	NA	NA
3709	15513	0.000362256702322042	undirected	NA	NA
4011	4072	0.123839003824914	undirected	NA	NA
4011	4298	0.00214559241713182	undirected	NA	NA
4011	4413	0.143623606485155	undirected	NA	NA
4011	5288	0.0513513812048094	undirected	NA	NA
4011	5701	0.0289313894069662	undirected	NA	NA
4011	5867	0.202380766355122	undirected	NA	NA
4011	6173	0.0549441996080647	undirected	NA	NA
4011	6669	0.104157517137541	undirected	NA	NA
4011	7182	0.00226870452445368	undirected	NA	NA
4011	7243	0.176096583297168	undirected	NA	NA
4011	7500	0.156497754011777	undirected	NA	NA
4011	7886	0.165789101268172	undirected	NA	NA
4011	8037	0.0293168650199257	undirected	NA	NA
4011	8268	0.211463392224665	undirected	NA	NA
4011	8657	0.00697245138864494	undirected	NA	NA
4011	8667	0.114168148577106	undirected	NA	NA
4011	9090	0.0192970009594609	undirected	NA	NA
4011	9349	0.114594075032783	undirected	NA	NA
4011	9531	0.0184728691859633	undirected	NA	NA
4011	9778	0.00532519129046376	undirected	NA	NA
4011	9971	0.00170373225149626	undirected	NA	NA
4011	10762	0.0226823649594588	undirected	NA	NA
4011	10858	0.114952959613173	undirected	NA	NA
4011	10909	0.0131977365743098	undirected	NA	NA
4011	11775	0.0853736834000482	undirected	NA	NA
4011	11896	0.0936761458310572	undirected	NA	NA
4011	12147	0.0931123024695138	undirected	NA	NA
4011	12375	0.126373933158385	undirected	NA	NA
4011	12603	0.213933668789638	undirected	NA	NA
4011	13162	0.00992414521969539	undirected	NA	NA
4011	13218	0.0621688409830725	undirected	NA	NA
4011	14915	0.148780601386995	undirected	NA	NA
4011	15120	0.0934263320863757	undirected	NA	NA
4011	15165	0.0973626869180075	undirected	NA	NA
4011	15172	0.00882118148164628	undirected	NA	NA
4011	15489	0.0319098576591914	undirected	NA	NA
4011	15499	0.092314548813067	undirected	NA	NA
4011	15513	0.0616401308488604	undirected	NA	NA
4072	4298	0.00037904979696585	undirected	NA	NA
4072	4413	0.332548156649013	undirected	NA	NA
4072	5288	0.31381148611917	undirected	NA	NA
4072	5701	0.183906451540993	undirected	NA	NA
4072	5867	0.359981367563804	undirected	NA	NA
4072	6173	0.0175833523066946	undirected	NA	NA
4072	6669	0.0310641804686727	undirected	NA	NA
4072	7182	0.000207681607444104	undirected	NA	NA
4072	7243	0.309552316136852	undirected	NA	NA
4072	7500	0.182242129518949	undirected	NA	NA
4072	7886	0.247038568041754	undirected	NA	NA
4072	8037	0.196011786682351	undirected	NA	NA
4072	8268	0.398315068781299	undirected	NA	NA
4072	8657	0.00130339030935543	undirected	NA	NA
4072	8667	0.413416832182242	undirected	NA	NA
4072	9090	0.156497679408646	undirected	NA	NA
4072	9349	0.377248462045403	undirected	NA	NA
4072	9531	0.00415807705621616	undirected	NA	NA
4072	9778	0.122201864943007	undirected	NA	NA
4072	9971	0.0652842350843725	undirected	NA	NA
4072	10762	0.226908676681662	undirected	NA	NA
4072	10858	0.0474164167040741	undirected	NA	NA
4072	10909	0.138623866883176	undirected	NA	NA
4072	11775	0.0329828445638187	undirected	NA	NA
4072	11896	0.0259015803516324	undirected	NA	NA
4072	12147	0.392185978231755	undirected	NA	NA
4072	12375	0.200743743613863	undirected	NA	NA
4072	12603	0.234599115836115	undirected	NA	NA
4072	13162	0.0967741356369288	undirected	NA	NA
4072	13218	0.237677775066017	undirected	NA	NA
4072	14915	0.0604787711296002	undirected	NA	NA
4072	15120	0.0386767218313378	undirected	NA	NA
4072	15165	0.415652750800222	undirected	NA	NA
4072	15172	0.0681160764535218	undirected	NA	NA
4072	15489	0.170886716615336	undirected	NA	NA
4072	15499	0.43603348908259	undirected	NA	NA
4072	15513	0.288324190751158	undirected	NA	NA
4298	4413	0.00761050652676758	undirected	NA	NA
4298	5288	0.000658072998951316	undirected	NA	NA
4298	5701	0.00469134646543604	undirected	NA	NA
4298	5867	0.0007833794006676	undirected	NA	NA
4298	6173	0.0534682469246351	undirected	NA	NA
4298	6669	0.0562135747405908	undirected	NA	NA
4298	7182	0.108944444975893	undirected	NA	NA
4298	7243	0.000327902053125436	undirected	NA	NA
4298	7500	0.0230212861812435	undirected	NA	NA
4298	7886	0.014048101991553	undirected	NA	NA
4298	8037	0.00527303193101896	undirected	NA	NA
4298	8268	0.00216304611448364	undirected	NA	NA
4298	8657	0.0103334910858068	undirected	NA	NA
4298	8667	0.000694272597653828	undirected	NA	NA
4298	9090	0.00168016251945536	undirected	NA	NA
4298	9349	0.000188704607135661	undirected	NA	NA
4298	9531	0.00959661750809475	undirected	NA	NA
4298	9778	0.000446303674165169	undirected	NA	NA
4298	9971	0.00134709839360843	undirected	NA	NA
4298	10762	0.000384555176869858	undirected	NA	NA
4298	10858	0.00300210033322783	undirected	NA	NA
4298	10909	0.00323651544558974	undirected	NA	NA
4298	11775	0.0720676080615731	undirected	NA	NA
4298	11896	0.0457943570117884	undirected	NA	NA
4298	12147	0.000402112400971622	undirected	NA	NA
4298	12375	0.0107963691580676	undirected	NA	NA
4298	12603	0.00606945627806952	undirected	NA	NA
4298	13162	0.000518030564282128	undirected	NA	NA
4298	13218	0.00549808916537172	undirected	NA	NA
4298	14915	0.0222504014044864	undirected	NA	NA
4298	15120	0.0162962327434661	undirected	NA	NA
4298	15165	0.000389754990104408	undirected	NA	NA
4298	15172	0.00368166299815203	undirected	NA	NA
4298	15489	0.00199230862371347	undirected	NA	NA
4298	15499	0.000451739173274969	undirected	NA	NA
4298	15513	2.71584737881056e-05	undirected	NA	NA
4413	5288	0.306621359405599	undirected	NA	NA
4413	5701	0.257827551390604	undirected	NA	NA
4413	5867	0.229846879829983	undirected	NA	NA
4413	6173	0.0902505911443413	undirected	NA	NA
4413	6669	0.125070413118547	undirected	NA	NA
4413	7182	0.0037568486226163	undirected	NA	NA
4413	7243	0.179823686684095	undirected	NA	NA
4413	7500	0.315262335362463	undirected	NA	NA
4413	7886	0.358827806209087	undirected	NA	NA
4413	8037	0.255485013963519	undirected	NA	NA
4413	8268	0.311019875196748	undirected	NA	NA
4413	8657	0.00894400351525005	undirected	NA	NA
4413	8667	0.370482621154139	undirected	NA	NA
4413	9090	0.194030310987018	undirected	NA	NA
4413	9349	0.270434517028841	undirected	NA	NA
4413	9531	0.0185685002225062	undirected	NA	NA
4413	9778	0.122773449486173	undirected	NA	NA
4413	9971	0.061012636679084	undirected	NA	NA
4413	10762	0.22894553388221	undirected	NA	NA
4413	10858	0.0666434476213059	undirected	NA	NA
4413	10909	0.236337505220955	undirected	NA	NA
4413	11775	0.136419783295591	undirected	NA	NA
4413	11896	0.103343155424913	undirected	NA	NA
4413	12147	0.343927284805081	undirected	NA	NA
4413	12375	0.272809790040481	undirected	NA	NA
4413	12603	0.307104948374685	undirected	NA	NA
4413	13162	0.119987179993406	undirected	NA	NA
4413	13218	0.319276139804427	undirected	NA	NA
4413	14915	0.160723355897889	undirected	NA	NA
4413	15120	0.103352541752419	undirected	NA	NA
4413	15165	0.313611183508537	undirected	NA	NA
4413	15172	0.118558571128753	undirected	NA	NA
4413	15489	0.146569845802151	undirected	NA	NA
4413	15499	0.277068357530341	undirected	NA	NA
4413	15513	0.115733769105368	undirected	NA	NA
5288	5701	0.32825306368479	undirected	NA	NA
5288	5867	0.170579220954676	undirected	NA	NA
5288	6173	0.0126942026985348	undirected	NA	NA
5288	6669	0.0299149895953237	undirected	NA	NA
5288	7182	0.000434159457402169	undirected	NA	NA
5288	7243	0.132035230517135	undirected	NA	NA
5288	7500	0.154956316782239	undirected	NA	NA
5288	7886	0.236066768893293	undirected	NA	NA
5288	8037	0.319994050692065	undirected	NA	NA
5288	8268	0.229637149695938	undirected	NA	NA
5288	8657	0.000643297407180435	undirected	NA	NA
5288	8667	0.355283826468771	undirected	NA	NA
5288	9090	0.302627565883133	undirected	NA	NA
5288	9349	0.262223148817951	undirected	NA	NA
5288	9531	0.000974604408347875	undirected	NA	NA
5288	9778	0.221079239106186	undirected	NA	NA
5288	9971	0.131251986166032	undirected	NA	NA
5288	10762	0.347354480507728	undirected	NA	NA
5288	10858	0.0141322217886201	undirected	NA	NA
5288	10909	0.259316392705529	undirected	NA	NA
5288	11775	0.0297875853721899	undirected	NA	NA
5288	11896	0.0288066950572051	undirected	NA	NA
5288	12147	0.366984631115103	undirected	NA	NA
5288	12375	0.132543575652711	undirected	NA	NA
5288	12603	0.153119570515125	undirected	NA	NA
5288	13162	0.21033091162729	undirected	NA	NA
5288	13218	0.341784753446019	undirected	NA	NA
5288	14915	0.034466370931143	undirected	NA	NA
5288	15120	0.0167150060171225	undirected	NA	NA
5288	15165	0.305998588623858	undirected	NA	NA
5288	15172	0.188226071365158	undirected	NA	NA
5288	15489	0.145566934236231	undirected	NA	NA
5288	15499	0.3268120308959	undirected	NA	NA
5288	15513	0.144200495262572	undirected	NA	NA
5701	5867	0.0746680781839881	undirected	NA	NA
5701	6173	0.0165933480826586	undirected	NA	NA
5701	6669	0.0386079297205588	undirected	NA	NA
5701	7182	0.00315524644751924	undirected	NA	NA
5701	7243	0.0523710572888441	undirected	NA	NA
5701	7500	0.129648883845931	undirected	NA	NA
5701	7886	0.197275529359061	undirected	NA	NA
5701	8037	0.33806762080157	undirected	NA	NA
5701	8268	0.126751206265467	undirected	NA	NA
5701	8657	0.000801164530372022	undirected	NA	NA
5701	8667	0.256383783126387	undirected	NA	NA
5701	9090	0.32277206426473	undirected	NA	NA
5701	9349	0.128981646985411	undirected	NA	NA
5701	9531	0.00226686266713701	undirected	NA	NA
5701	9778	0.212951768717489	undirected	NA	NA
5701	9971	0.138512004429688	undirected	NA	NA
5701	10762	0.304197938124789	undirected	NA	NA
5701	10858	0.00884073196389936	undirected	NA	NA
5701	10909	0.395014028844679	undirected	NA	NA
5701	11775	0.0387899491885246	undirected	NA	NA
5701	11896	0.0390354932624279	undirected	NA	NA
5701	12147	0.243666303634803	undirected	NA	NA
5701	12375	0.101590057337778	undirected	NA	NA
5701	12603	0.113724175544628	undirected	NA	NA
5701	13162	0.175164611244482	undirected	NA	NA
5701	13218	0.348543839645957	undirected	NA	NA
5701	14915	0.0350783287520615	undirected	NA	NA
5701	15120	0.0146698802579907	undirected	NA	NA
5701	15165	0.202417102232061	undirected	NA	NA
5701	15172	0.249634699764955	undirected	NA	NA
5701	15489	0.065500040490439	undirected	NA	NA
5701	15499	0.191434974323979	undirected	NA	NA
5701	15513	0.0427113427968096	undirected	NA	NA
5867	6173	0.0327407281403961	undirected	NA	NA
5867	6669	0.045107403690931	undirected	NA	NA
5867	7182	0.000444767849901305	undirected	NA	NA
5867	7243	0.342714962324068	undirected	NA	NA
5867	7500	0.179647176536747	undirected	NA	NA
5867	7886	0.204500447473126	undirected	NA	NA
5867	8037	0.0804992665996242	undirected	NA	NA
5867	8268	0.353534530381668	undirected	NA	NA
5867	8657	0.00394252178771421	undirected	NA	NA
5867	8667	0.308971839030592	undirected	NA	NA
5867	9090	0.0591377176972751	undirected	NA	NA
5867	9349	0.358359647021005	undirected	NA	NA
5867	9531	0.0133342711448335	undirected	NA	NA
5867	9778	0.0403272455808716	undirected	NA	NA
5867	9971	0.0135414640016192	undirected	NA	NA
5867	10762	0.104363031835303	undirected	NA	NA
5867	10858	0.0971897911155185	undirected	NA	NA
5867	10909	0.0542103978685211	undirected	NA	NA
5867	11775	0.0485609835449373	undirected	NA	NA
5867	11896	0.0345853987047528	undirected	NA	NA
5867	12147	0.293548591982156	undirected	NA	NA
5867	12375	0.201950614920755	undirected	NA	NA
5867	12603	0.255750366254982	undirected	NA	NA
5867	13162	0.0412385639086209	undirected	NA	NA
5867	13218	0.122606190352222	undirected	NA	NA
5867	14915	0.104369962829066	undirected	NA	NA
5867	15120	0.0759742477515248	undirected	NA	NA
5867	15165	0.292315910763516	undirected	NA	NA
5867	15172	0.0225585859244248	undirected	NA	NA
5867	15489	0.12346762204466	undirected	NA	NA
5867	15499	0.253631410262799	undirected	NA	NA
5867	15513	0.220348657973472	undirected	NA	NA
6173	6669	0.297587223960399	undirected	NA	NA
6173	7182	0.0297931906507917	undirected	NA	NA
6173	7243	0.0186390752141245	undirected	NA	NA
6173	7500	0.203797522877163	undirected	NA	NA
6173	7886	0.132574503307382	undirected	NA	NA
6173	8037	0.0194298097733067	undirected	NA	NA
6173	8268	0.0604492569896765	undirected	NA	NA
6173	8657	0.136551507906283	undirected	NA	NA
6173	8667	0.0229013387372091	undirected	NA	NA
6173	9090	0.0085485399328923	undirected	NA	NA
6173	9349	0.0119979419839637	undirected	NA	NA
6173	9531	0.0346928720131076	undirected	NA	NA
6173	9778	0.00185194872705437	undirected	NA	NA
6173	9971	0.000988952823661716	undirected	NA	NA
6173	10762	0.00551057761907857	undirected	NA	NA
6173	10858	0.068361271181666	undirected	NA	NA
6173	10909	0.00707605219744375	undirected	NA	NA
6173	11775	0.338338646536129	undirected	NA	NA
6173	11896	0.232632164472037	undirected	NA	NA
6173	12147	0.0154286875244395	undirected	NA	NA
6173	12375	0.11609131250593	undirected	NA	NA
6173	12603	0.0865531067326746	undirected	NA	NA
6173	13162	0.00302417110784393	undirected	NA	NA
6173	13218	0.0328796843955709	undirected	NA	NA
6173	14915	0.185222904710368	undirected	NA	NA
6173	15120	0.20169971933215	undirected	NA	NA
6173	15165	0.0145752509576039	undirected	NA	NA
6173	15172	0.00622238195995286	undirected	NA	NA
6173	15489	0.0281234422322131	undirected	NA	NA
6173	15499	0.0143265323996256	undirected	NA	NA
6173	15513	0.00262053747989567	undirected	NA	NA
6669	7182	0.0435838318182818	undirected	NA	NA
6669	7243	0.027336177160954	undirected	NA	NA
6669	7500	0.23942024421739	undirected	NA	NA
6669	7886	0.189063846132424	undirected	NA	NA
6669	8037	0.0376450667121957	undirected	NA	NA
6669	8268	0.0791699912620849	undirected	NA	NA
6669	8657	0.0554474707424473	undirected	NA	NA
6669	8667	0.0445576278715649	undirected	NA	NA
6669	9090	0.0236940778836389	undirected	NA	NA
6669	9349	0.0209745380815003	undirected	NA	NA
6669	9531	0.033263754909645	undirected	NA	NA
6669	9778	0.00454954699276353	undirected	NA	NA
6669	9971	0.00232496570545108	undirected	NA	NA
6669	10762	0.0144629098290271	undirected	NA	NA
6669	10858	0.0482068265729725	undirected	NA	NA
6669	10909	0.0224103406006524	undirected	NA	NA
6669	11775	0.341921897744091	undirected	NA	NA
6669	11896	0.29705723237579	undirected	NA	NA
6669	12147	0.0313380011305803	undirected	NA	NA
6669	12375	0.116418884633836	undirected	NA	NA
6669	12603	0.13886815990918	undirected	NA	NA
6669	13162	0.0152230891090605	undirected	NA	NA
6669	13218	0.0671020335868536	undirected	NA	NA
6669	14915	0.219381015690806	undirected	NA	NA
6669	15120	0.173982181038801	undirected	NA	NA
6669	15165	0.026740980752952	undirected	NA	NA
6669	15172	0.01963705306665	undirected	NA	NA
6669	15489	0.0421666950967768	undirected	NA	NA
6669	15499	0.0277268159227826	undirected	NA	NA
6669	15513	0.00603259370954327	undirected	NA	NA
7182	7243	0.000197124739350732	undirected	NA	NA
7182	7500	0.0116567212953044	undirected	NA	NA
7182	7886	0.00790104396611164	undirected	NA	NA
7182	8037	0.002818843801316	undirected	NA	NA
7182	8268	0.00111274796541953	undirected	NA	NA
7182	8657	0.00166744688294369	undirected	NA	NA
7182	8667	0.00040384668964713	undirected	NA	NA
7182	9090	0.00114825369264428	undirected	NA	NA
7182	9349	9.91110641079344e-05	undirected	NA	NA
7182	9531	0.0162624199540732	undirected	NA	NA
7182	9778	0.000150708804523947	undirected	NA	NA
7182	9971	0.000299875715734406	undirected	NA	NA
7182	10762	0.000250851208708448	undirected	NA	NA
7182	10858	0.00214099093192303	undirected	NA	NA
7182	10909	0.00223008779444817	undirected	NA	NA
7182	11775	0.0467847422317919	undirected	NA	NA
7182	11896	0.0350957852555122	undirected	NA	NA
7182	12147	0.000236887284763918	undirected	NA	NA
7182	12375	0.00567364739294805	undirected	NA	NA
7182	12603	0.00517164686872084	undirected	NA	NA
7182	13162	0.00073159827950885	undirected	NA	NA
7182	13218	0.00374485564787145	undirected	NA	NA
7182	14915	0.0254489572463687	undirected	NA	NA
7182	15120	0.0094102335894997	undirected	NA	NA
7182	15165	0.000228511876701544	undirected	NA	NA
7182	15172	0.00248954893527781	undirected	NA	NA
7182	15489	0.000650873853293728	undirected	NA	NA
7182	15499	0.000298227886894403	undirected	NA	NA
7182	15513	2.4457362851134e-05	undirected	NA	NA
7243	7500	0.132503924799924	undirected	NA	NA
7243	7886	0.153699326722062	undirected	NA	NA
7243	8037	0.0569082866961563	undirected	NA	NA
7243	8268	0.316090043259045	undirected	NA	NA
7243	8657	0.00222773824259128	undirected	NA	NA
7243	8667	0.252622241287683	undirected	NA	NA
7243	9090	0.0416231050460409	undirected	NA	NA
7243	9349	0.32192871430874	undirected	NA	NA
7243	9531	0.00834119464947097	undirected	NA	NA
7243	9778	0.0296618340166136	undirected	NA	NA
7243	9971	0.00975748294968431	undirected	NA	NA
7243	10762	0.0794327521171886	undirected	NA	NA
7243	10858	0.0873267142642919	undirected	NA	NA
7243	10909	0.0367633845585643	undirected	NA	NA
7243	11775	0.0284258172587462	undirected	NA	NA
7243	11896	0.0209111044989619	undirected	NA	NA
7243	12147	0.24261188128413	undirected	NA	NA
7243	12375	0.155436153592013	undirected	NA	NA
7243	12603	0.204554986906861	undirected	NA	NA
7243	13162	0.03067738830654	undirected	NA	NA
7243	13218	0.0889143092027458	undirected	NA	NA
7243	14915	0.072688886880848	undirected	NA	NA
7243	15120	0.0552627601392083	undirected	NA	NA
7243	15165	0.245970415146962	undirected	NA	NA
7243	15172	0.0145556529598377	undirected	NA	NA
7243	15489	0.104241059858505	undirected	NA	NA
7243	15499	0.221102359551963	undirected	NA	NA
7243	15513	0.221695203110646	undirected	NA	NA
7500	7886	0.345533668407318	undirected	NA	NA
7500	8037	0.127726637723304	undirected	NA	NA
7500	8268	0.257414854950956	undirected	NA	NA
7500	8657	0.0299167613877558	undirected	NA	NA
7500	8667	0.216151308451461	undirected	NA	NA
7500	9090	0.0997655717822423	undirected	NA	NA
7500	9349	0.144648332885103	undirected	NA	NA
7500	9531	0.0249848148962773	undirected	NA	NA
7500	9778	0.0388386783592118	undirected	NA	NA
7500	9971	0.0182110430887485	undirected	NA	NA
7500	10762	0.0950777441870528	undirected	NA	NA
7500	10858	0.0701113625213589	undirected	NA	NA
7500	10909	0.0892243608668192	undirected	NA	NA
7500	11775	0.258345782570806	undirected	NA	NA
7500	11896	0.203165434558063	undirected	NA	NA
7500	12147	0.180115156746226	undirected	NA	NA
7500	12375	0.225553350297392	undirected	NA	NA
7500	12603	0.26986419076543	undirected	NA	NA
7500	13162	0.0560148265035578	undirected	NA	NA
7500	13218	0.194292755747671	undirected	NA	NA
7500	14915	0.222750501836873	undirected	NA	NA
7500	15120	0.162566926401891	undirected	NA	NA
7500	15165	0.159493217892857	undirected	NA	NA
7500	15172	0.0641542003605279	undirected	NA	NA
7500	15489	0.11166121677724	undirected	NA	NA
7500	15499	0.148074343785816	undirected	NA	NA
7500	15513	0.0499037943633432	undirected	NA	NA
7886	8037	0.190318419266882	undirected	NA	NA
7886	8268	0.288513366390592	undirected	NA	NA
7886	8657	0.0135463614142165	undirected	NA	NA
7886	8667	0.293574328971802	undirected	NA	NA
7886	9090	0.16226555435891	undirected	NA	NA
7886	9349	0.19470112759414	undirected	NA	NA
7886	9531	0.0178471022148306	undirected	NA	NA
7886	9778	0.0738936104999213	undirected	NA	NA
7886	9971	0.0364229012694171	undirected	NA	NA
7886	10762	0.162439650236154	undirected	NA	NA
7886	10858	0.0587329794352882	undirected	NA	NA
7886	10909	0.171030201399326	undirected	NA	NA
7886	11775	0.194071077512661	undirected	NA	NA
7886	11896	0.160035498162414	undirected	NA	NA
7886	12147	0.256136093393581	undirected	NA	NA
7886	12375	0.241229069615883	undirected	NA	NA
7886	12603	0.309906096582836	undirected	NA	NA
7886	13162	0.103550651009	undirected	NA	NA
7886	13218	0.261040076666034	undirected	NA	NA
7886	14915	0.188762917523315	undirected	NA	NA
7886	15120	0.11647723803043	undirected	NA	NA
7886	15165	0.226983563259747	undirected	NA	NA
7886	15172	0.10719861017156	undirected	NA	NA
7886	15489	0.130030587749743	undirected	NA	NA
7886	15499	0.209692202735799	undirected	NA	NA
7886	15513	0.0713375969302293	undirected	NA	NA
8037	8268	0.13450372356952	undirected	NA	NA
8037	8657	0.00116697532327283	undirected	NA	NA
8037	8667	0.260948960869661	undirected	NA	NA
8037	9090	0.297949304151249	undirected	NA	NA
8037	9349	0.140511640214578	undirected	NA	NA
8037	9531	0.00390088287497169	undirected	NA	NA
8037	9778	0.22561702132214	undirected	NA	NA
8037	9971	0.149494098307361	undirected	NA	NA
8037	10762	0.296730002113593	undirected	NA	NA
8037	10858	0.0118932163400006	undirected	NA	NA
8037	10909	0.373958557987669	undirected	NA	NA
8037	11775	0.0401809118646979	undirected	NA	NA
8037	11896	0.0358607672600777	undirected	NA	NA
8037	12147	0.250359696542699	undirected	NA	NA
8037	12375	0.110037333430069	undirected	NA	NA
8037	12603	0.114005362009385	undirected	NA	NA
8037	13162	0.144696967422579	undirected	NA	NA
8037	13218	0.330407639771307	undirected	NA	NA
8037	14915	0.0392650151801421	undirected	NA	NA
8037	15120	0.0188559067607483	undirected	NA	NA
8037	15165	0.214018231224243	undirected	NA	NA
8037	15172	0.224311533554174	undirected	NA	NA
8037	15489	0.0670242450533784	undirected	NA	NA
8037	15499	0.198223880935414	undirected	NA	NA
8037	15513	0.0453164823459378	undirected	NA	NA
8268	8657	0.0070560412886802	undirected	NA	NA
8268	8667	0.370077545724273	undirected	NA	NA
8268	9090	0.0948692783800263	undirected	NA	NA
8268	9349	0.371560343911559	undirected	NA	NA
8268	9531	0.0198473968430581	undirected	NA	NA
8268	9778	0.0644226539021698	undirected	NA	NA
8268	9971	0.0247011185612961	undirected	NA	NA
8268	10762	0.149192599934045	undirected	NA	NA
8268	10858	0.101933945223098	undirected	NA	NA
8268	10909	0.0979318291328659	undirected	NA	NA
8268	11775	0.088301117230583	undirected	NA	NA
8268	11896	0.0614363329502281	undirected	NA	NA
8268	12147	0.349416695125495	undirected	NA	NA
8268	12375	0.270389490951399	undirected	NA	NA
8268	12603	0.319425479319304	undirected	NA	NA
8268	13162	0.0641204637752945	undirected	NA	NA
8268	13218	0.191377721145806	undirected	NA	NA
8268	14915	0.149115892872864	undirected	NA	NA
8268	15120	0.105333625792228	undirected	NA	NA
8268	15165	0.338099030812461	undirected	NA	NA
8268	15172	0.0419893389982005	undirected	NA	NA
8268	15489	0.153063146219527	undirected	NA	NA
8268	15499	0.298812890692146	undirected	NA	NA
8268	15513	0.207136140321847	undirected	NA	NA
8657	8667	0.0015013875965617	undirected	NA	NA
8657	9090	0.000384498481162413	undirected	NA	NA
8657	9349	0.00101230599824021	undirected	NA	NA
8657	9531	0.0050682622815856	undirected	NA	NA
8657	9778	8.79449692874809e-05	undirected	NA	NA
8657	9971	4.29534074975019e-05	undirected	NA	NA
8657	10762	0.000250683397261489	undirected	NA	NA
8657	10858	0.0262041563564224	undirected	NA	NA
8657	10909	0.000292465994656092	undirected	NA	NA
8657	11775	0.0817375686981213	undirected	NA	NA
8657	11896	0.0346454029381886	undirected	NA	NA
8657	12147	0.000964714344804273	undirected	NA	NA
8657	12375	0.0169119273556928	undirected	NA	NA
8657	12603	0.00904153874772432	undirected	NA	NA
8657	13162	7.5701161336103e-05	undirected	NA	NA
8657	13218	0.0018858826957658	undirected	NA	NA
8657	14915	0.033475862887611	undirected	NA	NA
8657	15120	0.124849073991679	undirected	NA	NA
8657	15165	0.000911627355737303	undirected	NA	NA
8657	15172	0.000254732905654538	undirected	NA	NA
8657	15489	0.00496991824471824	undirected	NA	NA
8657	15499	0.000798296163485224	undirected	NA	NA
8657	15513	0.000143805710465816	undirected	NA	NA
8667	9090	0.217696398987219	undirected	NA	NA
8667	9349	0.36496572570758	undirected	NA	NA
8667	9531	0.00316833899820176	undirected	NA	NA
8667	9778	0.156918486722146	undirected	NA	NA
8667	9971	0.0834619324474443	undirected	NA	NA
8667	10762	0.281801133012871	undirected	NA	NA
8667	10858	0.0368055865553599	undirected	NA	NA
8667	10909	0.198819433340605	undirected	NA	NA
8667	11775	0.0454710267674801	undirected	NA	NA
8667	11896	0.0392900828118743	undirected	NA	NA
8667	12147	0.422183745212924	undirected	NA	NA
8667	12375	0.205306546544619	undirected	NA	NA
8667	12603	0.246032377960476	undirected	NA	NA
8667	13162	0.146920010342536	undirected	NA	NA
8667	13218	0.309686279449553	undirected	NA	NA
8667	14915	0.0661388350810957	undirected	NA	NA
8667	15120	0.0379620804007069	undirected	NA	NA
8667	15165	0.395200998627396	undirected	NA	NA
8667	15172	0.112676242507368	undirected	NA	NA
8667	15489	0.181049111306741	undirected	NA	NA
8667	15499	0.422905868873596	undirected	NA	NA
8667	15513	0.235006647483155	undirected	NA	NA
9090	9349	0.118322199470236	undirected	NA	NA
9090	9531	0.000348452980840866	undirected	NA	NA
9090	9778	0.216601964210035	undirected	NA	NA
9090	9971	0.139396351458336	undirected	NA	NA
9090	10762	0.312340191090598	undirected	NA	NA
9090	10858	0.00428049170568179	undirected	NA	NA
9090	10909	0.262118815413469	undirected	NA	NA
9090	11775	0.0225781506530957	undirected	NA	NA
9090	11896	0.0257265777330183	undirected	NA	NA
9090	12147	0.221371859735998	undirected	NA	NA
9090	12375	0.0666613522680021	undirected	NA	NA
9090	12603	0.079646020167047	undirected	NA	NA
9090	13162	0.240892004551074	undirected	NA	NA
9090	13218	0.299578751762766	undirected	NA	NA
9090	14915	0.0180846695891833	undirected	NA	NA
9090	15120	0.00730462332790869	undirected	NA	NA
9090	15165	0.160349898145249	undirected	NA	NA
9090	15172	0.243265935713348	undirected	NA	NA
9090	15489	0.0903076899058754	undirected	NA	NA
9090	15499	0.15982521921088	undirected	NA	NA
9090	15513	0.0485748857428978	undirected	NA	NA
9349	9531	0.00253418286390232	undirected	NA	NA
9349	9778	0.0987333480749175	undirected	NA	NA
9349	9971	0.0497460313537863	undirected	NA	NA
9349	10762	0.189083778360521	undirected	NA	NA
9349	10858	0.0452183442805069	undirected	NA	NA
9349	10909	0.0902392809883076	undirected	NA	NA
9349	11775	0.0221031002599948	undirected	NA	NA
9349	11896	0.0172827228836484	undirected	NA	NA
9349	12147	0.350975500027567	undirected	NA	NA
9349	12375	0.16358505201281	undirected	NA	NA
9349	12603	0.19488268489958	undirected	NA	NA
9349	13162	0.070172290506791	undirected	NA	NA
9349	13218	0.173557108861004	undirected	NA	NA
9349	14915	0.0448789893077611	undirected	NA	NA
9349	15120	0.0318144474707082	undirected	NA	NA
9349	15165	0.372840916250558	undirected	NA	NA
9349	15172	0.0466919189775838	undirected	NA	NA
9349	15489	0.164594098797246	undirected	NA	NA
9349	15499	0.379308102833804	undirected	NA	NA
9349	15513	0.284025366854181	undirected	NA	NA
9531	9778	0.000229464194852771	undirected	NA	NA
9531	9971	0.000559901192624586	undirected	NA	NA
9531	10762	0.00031608957781425	undirected	NA	NA
9531	10858	0.102465779610643	undirected	NA	NA
9531	10909	0.0027553079494734	undirected	NA	NA
9531	11775	0.0444843450024107	undirected	NA	NA
9531	11896	0.0178605497808612	undirected	NA	NA
9531	12147	0.0019510742123548	undirected	NA	NA
9531	12375	0.0784288110525337	undirected	NA	NA
9531	12603	0.037497644767692	undirected	NA	NA
9531	13162	0.000127877349531726	undirected	NA	NA
9531	13218	0.00497698954844038	undirected	NA	NA
9531	14915	0.0944298713006104	undirected	NA	NA
9531	15120	0.0691366654059819	undirected	NA	NA
9531	15165	0.00501032125553777	undirected	NA	NA
9531	15172	0.000167136864452612	undirected	NA	NA
9531	15489	0.00121643244764254	undirected	NA	NA
9531	15499	0.00613926488290702	undirected	NA	NA
9531	15513	0.00148420602242061	undirected	NA	NA
9778	9971	0.254345723205795	undirected	NA	NA
9778	10762	0.245774692854478	undirected	NA	NA
9778	10858	0.00199616135611208	undirected	NA	NA
9778	10909	0.177248425005888	undirected	NA	NA
9778	11775	0.00544522475131956	undirected	NA	NA
9778	11896	0.00459826839801732	undirected	NA	NA
9778	12147	0.166111624858006	undirected	NA	NA
9778	12375	0.0402282932019155	undirected	NA	NA
9778	12603	0.0315755467559129	undirected	NA	NA
9778	13162	0.0868196723113034	undirected	NA	NA
9778	13218	0.173804546847371	undirected	NA	NA
9778	14915	0.0051841544203554	undirected	NA	NA
9778	15120	0.00217135365687496	undirected	NA	NA
9778	15165	0.143438441985476	undirected	NA	NA
9778	15172	0.154673859356977	undirected	NA	NA
9778	15489	0.0647065851924005	undirected	NA	NA
9778	15499	0.138692843943616	undirected	NA	NA
9778	15513	0.0445347083108195	undirected	NA	NA
9971	10762	0.169825531565956	undirected	NA	NA
9971	10858	0.000860801104740138	undirected	NA	NA
9971	10909	0.142104367116197	undirected	NA	NA
9971	11775	0.00312512180807541	undirected	NA	NA
9971	11896	0.0023509167541822	undirected	NA	NA
9971	12147	0.092825003398539	undirected	NA	NA
9971	12375	0.0218900430495252	undirected	NA	NA
9971	12603	0.014437409994313	undirected	NA	NA
9971	13162	0.0411300184216103	undirected	NA	NA
9971	13218	0.10441953793004	undirected	NA	NA
9971	14915	0.00266709846375213	undirected	NA	NA
9971	15120	0.00095715687374491	undirected	NA	NA
9971	15165	0.0743452639731641	undirected	NA	NA
9971	15172	0.117490352601326	undirected	NA	NA
9971	15489	0.0245146331177694	undirected	NA	NA
9971	15499	0.0588445381753233	undirected	NA	NA
9971	15513	0.0137763400297648	undirected	NA	NA
10762	10858	0.0060905509093058	undirected	NA	NA
10762	10909	0.229750596237458	undirected	NA	NA
10762	11775	0.0146988518434155	undirected	NA	NA
10762	11896	0.0147002054927285	undirected	NA	NA
10762	12147	0.286559734113484	undirected	NA	NA
10762	12375	0.0810556359595992	undirected	NA	NA
10762	12603	0.0865493582002286	undirected	NA	NA
10762	13162	0.200171359822485	undirected	NA	NA
10762	13218	0.289526488825184	undirected	NA	NA
10762	14915	0.0155646291040012	undirected	NA	NA
10762	15120	0.00694131468241442	undirected	NA	NA
10762	15165	0.244835445801565	undirected	NA	NA
10762	15172	0.205527616111386	undirected	NA	NA
10762	15489	0.11706970917111	undirected	NA	NA
10762	15499	0.252200694785074	undirected	NA	NA
10762	15513	0.100028923855532	undirected	NA	NA
10858	10909	0.00616952588342619	undirected	NA	NA
10858	11775	0.0633809121056789	undirected	NA	NA
10858	11896	0.0278901192337156	undirected	NA	NA
10858	12147	0.0297037301792073	undirected	NA	NA
10858	12375	0.159325174660493	undirected	NA	NA
10858	12603	0.0927408330112245	undirected	NA	NA
10858	13162	0.00188532439246414	undirected	NA	NA
10858	13218	0.0192219651487711	undirected	NA	NA
10858	14915	0.173025628167225	undirected	NA	NA
10858	15120	0.182792922737988	undirected	NA	NA
10858	15165	0.039711605986841	undirected	NA	NA
10858	15172	0.00161469896972191	undirected	NA	NA
10858	15489	0.0119306677141742	undirected	NA	NA
10858	15499	0.0373919336446697	undirected	NA	NA
10858	15513	0.025638686901531	undirected	NA	NA
10909	11775	0.0211295919383217	undirected	NA	NA
10909	11896	0.0254120975911626	undirected	NA	NA
10909	12147	0.182653559112403	undirected	NA	NA
10909	12375	0.0666114221895108	undirected	NA	NA
10909	12603	0.0659554979862086	undirected	NA	NA
10909	13162	0.087654507678497	undirected	NA	NA
10909	13218	0.367100645219527	undirected	NA	NA
10909	14915	0.0186574877030924	undirected	NA	NA
10909	15120	0.00709643287374808	undirected	NA	NA
10909	15165	0.166988733348098	undirected	NA	NA
10909	15172	0.205983622905698	undirected	NA	NA
10909	15489	0.0284321184857836	undirected	NA	NA
10909	15499	0.169296853443823	undirected	NA	NA
10909	15513	0.0332800788439702	undirected	NA	NA
11775	11896	0.288092434323543	undirected	NA	NA
11775	12147	0.0320450286810292	undirected	NA	NA
11775	12375	0.139406125340733	undirected	NA	NA
11775	12603	0.127903072790852	undirected	NA	NA
11775	13162	0.0109903744469534	undirected	NA	NA
11775	13218	0.0666117289584641	undirected	NA	NA
11775	14915	0.24157312912486	undirected	NA	NA
11775	15120	0.21604414527282	undirected	NA	NA
11775	15165	0.0288537377356571	undirected	NA	NA
11775	15172	0.0179476689846783	undirected	NA	NA
11775	15489	0.0398668755335271	undirected	NA	NA
11775	15499	0.0292136593404381	undirected	NA	NA
11775	15513	0.00557544779922034	undirected	NA	NA
11896	12147	0.0278822762569207	undirected	NA	NA
11896	12375	0.0855547772700442	undirected	NA	NA
11896	12603	0.123289687171338	undirected	NA	NA
11896	13162	0.0205655127644824	undirected	NA	NA
11896	13218	0.0639902281115806	undirected	NA	NA
11896	14915	0.167456937013375	undirected	NA	NA
11896	15120	0.12037776828485	undirected	NA	NA
11896	15165	0.0223891313059575	undirected	NA	NA
11896	15172	0.0239115195720792	undirected	NA	NA
11896	15489	0.0422329828137228	undirected	NA	NA
11896	15499	0.0234418848979061	undirected	NA	NA
11896	15513	0.00496276459736792	undirected	NA	NA
12147	12375	0.178173217849572	undirected	NA	NA
12147	12603	0.208662860955149	undirected	NA	NA
12147	13162	0.141148759526647	undirected	NA	NA
12147	13218	0.288038507342059	undirected	NA	NA
12147	14915	0.048523733150599	undirected	NA	NA
12147	15120	0.0279478072690618	undirected	NA	NA
12147	15165	0.405477860060139	undirected	NA	NA
12147	15172	0.112016227227748	undirected	NA	NA
12147	15489	0.176136270645752	undirected	NA	NA
12147	15499	0.424992677187343	undirected	NA	NA
12147	15513	0.240123317075487	undirected	NA	NA
12375	12603	0.203771279953305	undirected	NA	NA
12375	13162	0.024930688378827	undirected	NA	NA
12375	13218	0.146669199506006	undirected	NA	NA
12375	14915	0.230761710785167	undirected	NA	NA
12375	15120	0.181627689848896	undirected	NA	NA
12375	15165	0.186459504179369	undirected	NA	NA
12375	15172	0.035217963478212	undirected	NA	NA
12375	15489	0.055213177017863	undirected	NA	NA
12375	15499	0.171460016276692	undirected	NA	NA
12375	15513	0.0697489712445095	undirected	NA	NA
12603	13162	0.0385025897238313	undirected	NA	NA
12603	13218	0.1763108346759	undirected	NA	NA
12603	14915	0.198333580688091	undirected	NA	NA
12603	15120	0.117198304203114	undirected	NA	NA
12603	15165	0.208233485249689	undirected	NA	NA
12603	15172	0.0442453118671529	undirected	NA	NA
12603	15489	0.0647006763770598	undirected	NA	NA
12603	15499	0.195151023310401	undirected	NA	NA
12603	15513	0.0920453330215427	undirected	NA	NA
13162	13218	0.17510493711707	undirected	NA	NA
13162	14915	0.00776470988370169	undirected	NA	NA
13162	15120	0.00246348614491585	undirected	NA	NA
13162	15165	0.0998194424677736	undirected	NA	NA
13162	15172	0.202097573896019	undirected	NA	NA
13162	15489	0.0279551095037739	undirected	NA	NA
13162	15499	0.0952588959190681	undirected	NA	NA
13162	15513	0.0276777114558106	undirected	NA	NA
13218	14915	0.0678445015098743	undirected	NA	NA
13218	15120	0.0314563688178621	undirected	NA	NA
13218	15165	0.248930669747587	undirected	NA	NA
13218	15172	0.219999305628478	undirected	NA	NA
13218	15489	0.0860077615244065	undirected	NA	NA
13218	15499	0.233278231116027	undirected	NA	NA
13218	15513	0.0630320974968322	undirected	NA	NA
14915	15120	0.210917901313725	undirected	NA	NA
14915	15165	0.054565627842965	undirected	NA	NA
14915	15172	0.0103261202732168	undirected	NA	NA
14915	15489	0.0303517481582992	undirected	NA	NA
14915	15499	0.0569497210073739	undirected	NA	NA
14915	15513	0.0190819676689086	undirected	NA	NA
15120	15165	0.0314388643414311	undirected	NA	NA
15120	15172	0.00365539297756441	undirected	NA	NA
15120	15489	0.0256793507487751	undirected	NA	NA
15120	15499	0.0296084633790638	undirected	NA	NA
15120	15513	0.0110361220059812	undirected	NA	NA
15165	15172	0.0735128912832504	undirected	NA	NA
15165	15489	0.136403256643629	undirected	NA	NA
15165	15499	0.418001204950352	undirected	NA	NA
15165	15513	0.263374017638907	undirected	NA	NA
15172	15489	0.0558887364623995	undirected	NA	NA
15172	15499	0.0796739009060738	undirected	NA	NA
15172	15513	0.0175975599143668	undirected	NA	NA
15489	15499	0.105764813267813	undirected	NA	NA
15489	15513	0.0439296586248965	undirected	NA	NA
15499	15513	0.219517400698794	undirected	NA	NA
