fromNode	toNode	weight	direction	fromAltName	toAltName
103	130	0.0436988512561947	undirected	NA	NA
103	208	0.0375564673018269	undirected	NA	NA
103	364	0.144243241889235	undirected	NA	NA
103	654	0.0476652416380372	undirected	NA	NA
103	720	0.0962612187431382	undirected	NA	NA
103	1109	0.0743196382800198	undirected	NA	NA
103	1184	0.15249850382867	undirected	NA	NA
103	1201	0.193855433239799	undirected	NA	NA
103	1271	0.0656501110018478	undirected	NA	NA
103	1499	0.226581987524075	undirected	NA	NA
103	1681	0.127860632770125	undirected	NA	NA
103	1684	0.0588221204435949	undirected	NA	NA
103	2049	0.0181019518504632	undirected	NA	NA
103	2209	0.0601393674764493	undirected	NA	NA
103	2218	0.125470941908299	undirected	NA	NA
103	2308	0.00895185340384609	undirected	NA	NA
103	2775	0.00604043155664304	undirected	NA	NA
103	2826	0.239957967764825	undirected	NA	NA
103	3873	0.0896034427675779	undirected	NA	NA
103	4062	0.166678420252011	undirected	NA	NA
103	4135	0.0454671069193756	undirected	NA	NA
103	4214	0.0408903877384231	undirected	NA	NA
103	4376	0.00974337426660425	undirected	NA	NA
103	4702	0.0547969061532733	undirected	NA	NA
103	4715	0.0255099600803155	undirected	NA	NA
103	4770	0.00299533709642043	undirected	NA	NA
103	5436	0.170652619615944	undirected	NA	NA
103	5496	0.172807448501978	undirected	NA	NA
103	5583	0.170132290179138	undirected	NA	NA
103	6369	0.0737398754979653	undirected	NA	NA
103	6978	0.0442340016979644	undirected	NA	NA
103	7378	0.052889392619429	undirected	NA	NA
103	7495	0.0235546256233226	undirected	NA	NA
103	7957	0.0419914787593361	undirected	NA	NA
103	7970	0.00621112607739758	undirected	NA	NA
103	8426	0.000857673662737903	undirected	NA	NA
103	9856	0.0176091271429346	undirected	NA	NA
103	10198	0.0394307086679739	undirected	NA	NA
103	10459	0.112654848384615	undirected	NA	NA
103	10944	0.0520674053917986	undirected	NA	NA
103	12847	0.156320372061415	undirected	NA	NA
103	13114	0.018827438195317	undirected	NA	NA
103	13629	0.104261871332018	undirected	NA	NA
103	13671	0.0992799862689758	undirected	NA	NA
103	13689	0.111964110159244	undirected	NA	NA
103	14260	0.140378558231445	undirected	NA	NA
103	14560	0.100419853300428	undirected	NA	NA
103	14691	0.0562088445428172	undirected	NA	NA
103	14798	0.0372976829615048	undirected	NA	NA
130	208	0.178916226318613	undirected	NA	NA
130	364	0.149394766141465	undirected	NA	NA
130	654	0.110573159510202	undirected	NA	NA
130	720	0.0374872496212681	undirected	NA	NA
130	1109	0.0871625026654208	undirected	NA	NA
130	1184	0.147162434192436	undirected	NA	NA
130	1201	0.100630723789255	undirected	NA	NA
130	1271	0.172622538024378	undirected	NA	NA
130	1499	0.0661920798521837	undirected	NA	NA
130	1681	0.0733937305164235	undirected	NA	NA
130	1684	0.0767385170351785	undirected	NA	NA
130	2049	0.147337532094898	undirected	NA	NA
130	2209	0.133252683763966	undirected	NA	NA
130	2218	0.193166482623885	undirected	NA	NA
130	2308	0.0874775487456767	undirected	NA	NA
130	2775	0.0516057890923384	undirected	NA	NA
130	2826	0.0779080987168386	undirected	NA	NA
130	3873	0.16174377541737	undirected	NA	NA
130	4062	0.132737058535061	undirected	NA	NA
130	4135	0.126478464398021	undirected	NA	NA
130	4214	0.140459014165168	undirected	NA	NA
130	4376	0.143628468762621	undirected	NA	NA
130	4702	0.237194102209111	undirected	NA	NA
130	4715	0.0587329149530843	undirected	NA	NA
130	4770	0.068671948072459	undirected	NA	NA
130	5436	0.0555470994307451	undirected	NA	NA
130	5496	0.112310215753808	undirected	NA	NA
130	5583	0.139106168565511	undirected	NA	NA
130	6369	0.139736585502987	undirected	NA	NA
130	6978	0.150530306582771	undirected	NA	NA
130	7378	0.211965082281707	undirected	NA	NA
130	7495	0.146115592491558	undirected	NA	NA
130	7957	0.160634688055001	undirected	NA	NA
130	7970	0.0642442352359344	undirected	NA	NA
130	8426	0.0338120154297428	undirected	NA	NA
130	9856	0.150623094706178	undirected	NA	NA
130	10198	0.191675029181692	undirected	NA	NA
130	10459	0.0844239963552017	undirected	NA	NA
130	10944	0.0777891030615488	undirected	NA	NA
130	12847	0.151332448999446	undirected	NA	NA
130	13114	0.173961945761558	undirected	NA	NA
130	13629	0.143984501797651	undirected	NA	NA
130	13671	0.116933800249569	undirected	NA	NA
130	13689	0.179591233538435	undirected	NA	NA
130	14260	0.142895289282817	undirected	NA	NA
130	14560	0.157098834471133	undirected	NA	NA
130	14691	0.0440836985434671	undirected	NA	NA
130	14798	0.117830197165676	undirected	NA	NA
208	364	0.176513065554535	undirected	NA	NA
208	654	0.113795637294438	undirected	NA	NA
208	720	0.0404604232935627	undirected	NA	NA
208	1109	0.13493926314247	undirected	NA	NA
208	1184	0.220060406832407	undirected	NA	NA
208	1201	0.12873891062017	undirected	NA	NA
208	1271	0.179612123233626	undirected	NA	NA
208	1499	0.0139511637612163	undirected	NA	NA
208	1681	0.0634444924014734	undirected	NA	NA
208	1684	0.0402383049100331	undirected	NA	NA
208	2049	0.180426018184956	undirected	NA	NA
208	2209	0.123057601270164	undirected	NA	NA
208	2218	0.155345598792478	undirected	NA	NA
208	2308	0.201522428010696	undirected	NA	NA
208	2775	0.0243952670326799	undirected	NA	NA
208	2826	0.0839968498509962	undirected	NA	NA
208	3873	0.168137717632084	undirected	NA	NA
208	4062	0.0628588138029336	undirected	NA	NA
208	4135	0.117554283839542	undirected	NA	NA
208	4214	0.0900864705332013	undirected	NA	NA
208	4376	0.10649525613666	undirected	NA	NA
208	4702	0.203082516425906	undirected	NA	NA
208	4715	0.133656029200888	undirected	NA	NA
208	4770	0.0466895537990112	undirected	NA	NA
208	5436	0.0175169736056926	undirected	NA	NA
208	5496	0.0380102308573688	undirected	NA	NA
208	5583	0.19400811408391	undirected	NA	NA
208	6369	0.172352621823116	undirected	NA	NA
208	6978	0.0817465395892199	undirected	NA	NA
208	7378	0.221514208919217	undirected	NA	NA
208	7495	0.134639907493547	undirected	NA	NA
208	7957	0.150864321144168	undirected	NA	NA
208	7970	0.0688429933003693	undirected	NA	NA
208	8426	0.0173426270216207	undirected	NA	NA
208	9856	0.133302510034028	undirected	NA	NA
208	10198	0.153403701346642	undirected	NA	NA
208	10459	0.0598400444797664	undirected	NA	NA
208	10944	0.0337180500662679	undirected	NA	NA
208	12847	0.219440556288348	undirected	NA	NA
208	13114	0.156785627898888	undirected	NA	NA
208	13629	0.202748851241466	undirected	NA	NA
208	13671	0.0961579618451397	undirected	NA	NA
208	13689	0.105115944029571	undirected	NA	NA
208	14260	0.156393196755531	undirected	NA	NA
208	14560	0.214659682471529	undirected	NA	NA
208	14691	0.0229199398133396	undirected	NA	NA
208	14798	0.0652008082934197	undirected	NA	NA
364	654	0.107086160646731	undirected	NA	NA
364	720	0.0768589553057232	undirected	NA	NA
364	1109	0.152230402957981	undirected	NA	NA
364	1184	0.271119345202324	undirected	NA	NA
364	1201	0.187891476671314	undirected	NA	NA
364	1271	0.157453335543944	undirected	NA	NA
364	1499	0.135756924873582	undirected	NA	NA
364	1681	0.0932799814522601	undirected	NA	NA
364	1684	0.0542489769365595	undirected	NA	NA
364	2049	0.0772254358843155	undirected	NA	NA
364	2209	0.114351410139515	undirected	NA	NA
364	2218	0.240283165452359	undirected	NA	NA
364	2308	0.055290453439702	undirected	NA	NA
364	2775	0.0154375041898805	undirected	NA	NA
364	2826	0.176861809079701	undirected	NA	NA
364	3873	0.16283056774287	undirected	NA	NA
364	4062	0.2000414592441	undirected	NA	NA
364	4135	0.115077390892714	undirected	NA	NA
364	4214	0.0936733396211144	undirected	NA	NA
364	4376	0.0582063932380959	undirected	NA	NA
364	4702	0.187419789971432	undirected	NA	NA
364	4715	0.0833148927325785	undirected	NA	NA
364	4770	0.014848913929713	undirected	NA	NA
364	5436	0.10274925713261	undirected	NA	NA
364	5496	0.14391518747663	undirected	NA	NA
364	5583	0.224722325450176	undirected	NA	NA
364	6369	0.198722144524558	undirected	NA	NA
364	6978	0.0803739486078495	undirected	NA	NA
364	7378	0.170484890436857	undirected	NA	NA
364	7495	0.10443267701663	undirected	NA	NA
364	7957	0.117870237232524	undirected	NA	NA
364	7970	0.0227163873283999	undirected	NA	NA
364	8426	0.00609866823252809	undirected	NA	NA
364	9856	0.0838643256877146	undirected	NA	NA
364	10198	0.139491480056046	undirected	NA	NA
364	10459	0.093177751192304	undirected	NA	NA
364	10944	0.0519104813927882	undirected	NA	NA
364	12847	0.268064132090547	undirected	NA	NA
364	13114	0.10785130598816	undirected	NA	NA
364	13629	0.205174232119249	undirected	NA	NA
364	13671	0.103745689263064	undirected	NA	NA
364	13689	0.181802651156939	undirected	NA	NA
364	14260	0.178115955842919	undirected	NA	NA
364	14560	0.206388962016885	undirected	NA	NA
364	14691	0.0435238144537852	undirected	NA	NA
364	14798	0.0814312423535341	undirected	NA	NA
654	720	0.150016068301501	undirected	NA	NA
654	1109	0.256910453035196	undirected	NA	NA
654	1184	0.146292800688489	undirected	NA	NA
654	1201	0.0896068855569592	undirected	NA	NA
654	1271	0.354542072479838	undirected	NA	NA
654	1499	0.0267603153013508	undirected	NA	NA
654	1681	0.0606484325853031	undirected	NA	NA
654	1684	0.036626891532614	undirected	NA	NA
654	2049	0.164616293069018	undirected	NA	NA
654	2209	0.328711105045206	undirected	NA	NA
654	2218	0.109216640902871	undirected	NA	NA
654	2308	0.0385726173520998	undirected	NA	NA
654	2775	0.00411332082021076	undirected	NA	NA
654	2826	0.0930545767924638	undirected	NA	NA
654	3873	0.102103824076275	undirected	NA	NA
654	4062	0.0438448593143215	undirected	NA	NA
654	4135	0.283471559821729	undirected	NA	NA
654	4214	0.0304225623449472	undirected	NA	NA
654	4376	0.207810546380002	undirected	NA	NA
654	4702	0.100844219062431	undirected	NA	NA
654	4715	0.241765263252292	undirected	NA	NA
654	4770	0.108786962634317	undirected	NA	NA
654	5436	0.0218390088017647	undirected	NA	NA
654	5496	0.0519450659424958	undirected	NA	NA
654	5583	0.147259108966329	undirected	NA	NA
654	6369	0.300354161174794	undirected	NA	NA
654	6978	0.0660967142915955	undirected	NA	NA
654	7378	0.261019843226607	undirected	NA	NA
654	7495	0.2896432390311	undirected	NA	NA
654	7957	0.345663545387629	undirected	NA	NA
654	7970	0.0125006517235312	undirected	NA	NA
654	8426	0.0492666086617358	undirected	NA	NA
654	9856	0.279927822010759	undirected	NA	NA
654	10198	0.0584543114948981	undirected	NA	NA
654	10459	0.0484002191935043	undirected	NA	NA
654	10944	0.0212201274884249	undirected	NA	NA
654	12847	0.171561560449734	undirected	NA	NA
654	13114	0.223702842590324	undirected	NA	NA
654	13629	0.333247672675593	undirected	NA	NA
654	13671	0.133873878086255	undirected	NA	NA
654	13689	0.0818190776559266	undirected	NA	NA
654	14260	0.125223512980983	undirected	NA	NA
654	14560	0.102145069897492	undirected	NA	NA
654	14691	0.0108588435164923	undirected	NA	NA
654	14798	0.0154961836384485	undirected	NA	NA
720	1109	0.162293793310984	undirected	NA	NA
720	1184	0.0868320056949278	undirected	NA	NA
720	1201	0.0561425572936757	undirected	NA	NA
720	1271	0.155499831409621	undirected	NA	NA
720	1499	0.0569245723563552	undirected	NA	NA
720	1681	0.0296386360855669	undirected	NA	NA
720	1684	0.0107315702623835	undirected	NA	NA
720	2049	0.042949797898018	undirected	NA	NA
720	2209	0.156120047078719	undirected	NA	NA
720	2218	0.0672298095772567	undirected	NA	NA
720	2308	0.00766171232229799	undirected	NA	NA
720	2775	0.000400053492059692	undirected	NA	NA
720	2826	0.111462796285847	undirected	NA	NA
720	3873	0.035249644283324	undirected	NA	NA
720	4062	0.0404131148434633	undirected	NA	NA
720	4135	0.140201280847015	undirected	NA	NA
720	4214	0.00695300551612194	undirected	NA	NA
720	4376	0.061159571956582	undirected	NA	NA
720	4702	0.0312658436955661	undirected	NA	NA
720	4715	0.125962953016758	undirected	NA	NA
720	4770	0.026196288851963	undirected	NA	NA
720	5436	0.0312495618429968	undirected	NA	NA
720	5496	0.0581241120585235	undirected	NA	NA
720	5583	0.0780546285922681	undirected	NA	NA
720	6369	0.168614538969874	undirected	NA	NA
720	6978	0.0165696318007544	undirected	NA	NA
720	7378	0.094085176713782	undirected	NA	NA
720	7495	0.116536031649996	undirected	NA	NA
720	7957	0.141357384719633	undirected	NA	NA
720	7970	0.00134853113902017	undirected	NA	NA
720	8426	0.0110554004802284	undirected	NA	NA
720	9856	0.0981284569611295	undirected	NA	NA
720	10198	0.0192124572354704	undirected	NA	NA
720	10459	0.022170689256093	undirected	NA	NA
720	10944	0.00559734102896057	undirected	NA	NA
720	12847	0.102271772504782	undirected	NA	NA
720	13114	0.074448545380365	undirected	NA	NA
720	13629	0.181182651302094	undirected	NA	NA
720	13671	0.0597077908297525	undirected	NA	NA
720	13689	0.0482596202734069	undirected	NA	NA
720	14260	0.0555927573120363	undirected	NA	NA
720	14560	0.0400487949158171	undirected	NA	NA
720	14691	0.00296395434828153	undirected	NA	NA
720	14798	0.00370087904011771	undirected	NA	NA
1109	1184	0.197534140079097	undirected	NA	NA
1109	1201	0.118853900016798	undirected	NA	NA
1109	1271	0.245984832510255	undirected	NA	NA
1109	1499	0.0258832340898748	undirected	NA	NA
1109	1681	0.0584349692845161	undirected	NA	NA
1109	1684	0.0250550730685152	undirected	NA	NA
1109	2049	0.137535931444792	undirected	NA	NA
1109	2209	0.21604746712428	undirected	NA	NA
1109	2218	0.118802490680547	undirected	NA	NA
1109	2308	0.0560648933600844	undirected	NA	NA
1109	2775	0.00326442950312322	undirected	NA	NA
1109	2826	0.123243022073466	undirected	NA	NA
1109	3873	0.112364220519158	undirected	NA	NA
1109	4062	0.0510387823880246	undirected	NA	NA
1109	4135	0.176989953348573	undirected	NA	NA
1109	4214	0.0327716100324413	undirected	NA	NA
1109	4376	0.105208555495682	undirected	NA	NA
1109	4702	0.0991228481426979	undirected	NA	NA
1109	4715	0.307710516579324	undirected	NA	NA
1109	4770	0.0386761257432085	undirected	NA	NA
1109	5436	0.0226902934004841	undirected	NA	NA
1109	5496	0.0425602578956907	undirected	NA	NA
1109	5583	0.182324507251849	undirected	NA	NA
1109	6369	0.271589207356872	undirected	NA	NA
1109	6978	0.044008163017056	undirected	NA	NA
1109	7378	0.204862984973773	undirected	NA	NA
1109	7495	0.196764693262031	undirected	NA	NA
1109	7957	0.213394146490137	undirected	NA	NA
1109	7970	0.0115086337944494	undirected	NA	NA
1109	8426	0.0163958879425668	undirected	NA	NA
1109	9856	0.157222071812541	undirected	NA	NA
1109	10198	0.0553536741016467	undirected	NA	NA
1109	10459	0.0424937646441766	undirected	NA	NA
1109	10944	0.0151814202665537	undirected	NA	NA
1109	12847	0.213784872020693	undirected	NA	NA
1109	13114	0.137542870526779	undirected	NA	NA
1109	13629	0.315732307713453	undirected	NA	NA
1109	13671	0.0929814527478738	undirected	NA	NA
1109	13689	0.0750492057188292	undirected	NA	NA
1109	14260	0.132005536552968	undirected	NA	NA
1109	14560	0.141526819034085	undirected	NA	NA
1109	14691	0.0111792850555806	undirected	NA	NA
1109	14798	0.0162690710410022	undirected	NA	NA
1184	1201	0.20503250153777	undirected	NA	NA
1184	1271	0.181731069714805	undirected	NA	NA
1184	1499	0.123348266679968	undirected	NA	NA
1184	1681	0.125802935411293	undirected	NA	NA
1184	1684	0.0814776667228611	undirected	NA	NA
1184	2049	0.12603285299711	undirected	NA	NA
1184	2209	0.142362437292934	undirected	NA	NA
1184	2218	0.256297882759127	undirected	NA	NA
1184	2308	0.0881088838138714	undirected	NA	NA
1184	2775	0.0279902687615665	undirected	NA	NA
1184	2826	0.200493750518711	undirected	NA	NA
1184	3873	0.225748529792863	undirected	NA	NA
1184	4062	0.205898252883052	undirected	NA	NA
1184	4135	0.113683325574375	undirected	NA	NA
1184	4214	0.140000034516508	undirected	NA	NA
1184	4376	0.0745721272270666	undirected	NA	NA
1184	4702	0.221281678861529	undirected	NA	NA
1184	4715	0.127794784290607	undirected	NA	NA
1184	4770	0.0187238999682115	undirected	NA	NA
1184	5436	0.109182759975378	undirected	NA	NA
1184	5496	0.149296134506616	undirected	NA	NA
1184	5583	0.255782222311396	undirected	NA	NA
1184	6369	0.210858865764796	undirected	NA	NA
1184	6978	0.11916703652949	undirected	NA	NA
1184	7378	0.221105112876899	undirected	NA	NA
1184	7495	0.131879442630814	undirected	NA	NA
1184	7957	0.140418033125306	undirected	NA	NA
1184	7970	0.0438220641936549	undirected	NA	NA
1184	8426	0.00904738181012104	undirected	NA	NA
1184	9856	0.100165851618692	undirected	NA	NA
1184	10198	0.134122268223886	undirected	NA	NA
1184	10459	0.111500136600056	undirected	NA	NA
1184	10944	0.0708285167246896	undirected	NA	NA
1184	12847	0.266080564469585	undirected	NA	NA
1184	13114	0.117721962207611	undirected	NA	NA
1184	13629	0.242453521499709	undirected	NA	NA
1184	13671	0.125120845477848	undirected	NA	NA
1184	13689	0.201853044561121	undirected	NA	NA
1184	14260	0.220891751116227	undirected	NA	NA
1184	14560	0.258290508201109	undirected	NA	NA
1184	14691	0.0667044134920081	undirected	NA	NA
1184	14798	0.0970482765415252	undirected	NA	NA
1201	1271	0.120355484614518	undirected	NA	NA
1201	1499	0.177386435466336	undirected	NA	NA
1201	1681	0.209742077748401	undirected	NA	NA
1201	1684	0.157668213271701	undirected	NA	NA
1201	2049	0.0966634038727371	undirected	NA	NA
1201	2209	0.099279421255109	undirected	NA	NA
1201	2218	0.209086244126118	undirected	NA	NA
1201	2308	0.0581916557415465	undirected	NA	NA
1201	2775	0.0580137535163619	undirected	NA	NA
1201	2826	0.224423915766749	undirected	NA	NA
1201	3873	0.254087669034913	undirected	NA	NA
1201	4062	0.239095530584301	undirected	NA	NA
1201	4135	0.0599023350199746	undirected	NA	NA
1201	4214	0.17928995190376	undirected	NA	NA
1201	4376	0.0361767861595848	undirected	NA	NA
1201	4702	0.171640464563609	undirected	NA	NA
1201	4715	0.0677822541610188	undirected	NA	NA
1201	4770	0.0117977956735865	undirected	NA	NA
1201	5436	0.186963276754312	undirected	NA	NA
1201	5496	0.202780114925474	undirected	NA	NA
1201	5583	0.257721901002433	undirected	NA	NA
1201	6369	0.111243103628795	undirected	NA	NA
1201	6978	0.166456120136248	undirected	NA	NA
1201	7378	0.159889709676346	undirected	NA	NA
1201	7495	0.0634720495498501	undirected	NA	NA
1201	7957	0.0858290682176238	undirected	NA	NA
1201	7970	0.0665749586243318	undirected	NA	NA
1201	8426	0.00462377882776651	undirected	NA	NA
1201	9856	0.0486949777518052	undirected	NA	NA
1201	10198	0.0947011900418892	undirected	NA	NA
1201	10459	0.17731888287369	undirected	NA	NA
1201	10944	0.135681181141216	undirected	NA	NA
1201	12847	0.204793095265481	undirected	NA	NA
1201	13114	0.0538335449021483	undirected	NA	NA
1201	13629	0.166580635864756	undirected	NA	NA
1201	13671	0.158498639778861	undirected	NA	NA
1201	13689	0.210415676097982	undirected	NA	NA
1201	14260	0.257809588727982	undirected	NA	NA
1201	14560	0.24289094947068	undirected	NA	NA
1201	14691	0.147675603884584	undirected	NA	NA
1201	14798	0.118899706385867	undirected	NA	NA
1271	1499	0.060699799101705	undirected	NA	NA
1271	1681	0.0732835631670167	undirected	NA	NA
1271	1684	0.0557777884346804	undirected	NA	NA
1271	2049	0.246358929304264	undirected	NA	NA
1271	2209	0.309346242009358	undirected	NA	NA
1271	2218	0.17784039187845	undirected	NA	NA
1271	2308	0.0686238338777691	undirected	NA	NA
1271	2775	0.0149599703955758	undirected	NA	NA
1271	2826	0.117182769787243	undirected	NA	NA
1271	3873	0.130033359277001	undirected	NA	NA
1271	4062	0.0951571240897403	undirected	NA	NA
1271	4135	0.247924692400187	undirected	NA	NA
1271	4214	0.0721090477242117	undirected	NA	NA
1271	4376	0.268743429264079	undirected	NA	NA
1271	4702	0.142527800124093	undirected	NA	NA
1271	4715	0.227811403185167	undirected	NA	NA
1271	4770	0.118411175225655	undirected	NA	NA
1271	5436	0.0471626782820278	undirected	NA	NA
1271	5496	0.103734162765832	undirected	NA	NA
1271	5583	0.168029713983404	undirected	NA	NA
1271	6369	0.259487502852694	undirected	NA	NA
1271	6978	0.109237921069936	undirected	NA	NA
1271	7378	0.283638326652466	undirected	NA	NA
1271	7495	0.357610276832424	undirected	NA	NA
1271	7957	0.313365913715124	undirected	NA	NA
1271	7970	0.0302974680481698	undirected	NA	NA
1271	8426	0.0734402047843252	undirected	NA	NA
1271	9856	0.294424438010645	undirected	NA	NA
1271	10198	0.113527757306888	undirected	NA	NA
1271	10459	0.076533050069229	undirected	NA	NA
1271	10944	0.0373328503905469	undirected	NA	NA
1271	12847	0.200420426835124	undirected	NA	NA
1271	13114	0.2420642983113	undirected	NA	NA
1271	13629	0.261804827828769	undirected	NA	NA
1271	13671	0.15457326567585	undirected	NA	NA
1271	13689	0.147903847214388	undirected	NA	NA
1271	14260	0.145797420425724	undirected	NA	NA
1271	14560	0.11891195538335	undirected	NA	NA
1271	14691	0.0245467401370275	undirected	NA	NA
1271	14798	0.0337395604174996	undirected	NA	NA
1499	1681	0.133985159140806	undirected	NA	NA
1499	1684	0.0833195987601899	undirected	NA	NA
1499	2049	0.00694064439041749	undirected	NA	NA
1499	2209	0.0572454420287811	undirected	NA	NA
1499	2218	0.177400347066926	undirected	NA	NA
1499	2308	0.00210285404836847	undirected	NA	NA
1499	2775	0.00826026653010305	undirected	NA	NA
1499	2826	0.237660902593808	undirected	NA	NA
1499	3873	0.0592065009552601	undirected	NA	NA
1499	4062	0.249790640825817	undirected	NA	NA
1499	4135	0.0551454702491137	undirected	NA	NA
1499	4214	0.0305460585472879	undirected	NA	NA
1499	4376	0.0080097431997205	undirected	NA	NA
1499	4702	0.0440292111280113	undirected	NA	NA
1499	4715	0.00374958425742427	undirected	NA	NA
1499	4770	0.00836224153527902	undirected	NA	NA
1499	5436	0.272325394905885	undirected	NA	NA
1499	5496	0.2761925716193	undirected	NA	NA
1499	5583	0.136105385682038	undirected	NA	NA
1499	6369	0.0445730514154021	undirected	NA	NA
1499	6978	0.0531305467844814	undirected	NA	NA
1499	7378	0.032895140427489	undirected	NA	NA
1499	7495	0.0120704135604904	undirected	NA	NA
1499	7957	0.040272325670985	undirected	NA	NA
1499	7970	0.00381162252922953	undirected	NA	NA
1499	8426	0.00143848323999654	undirected	NA	NA
1499	9856	0.0144651580450374	undirected	NA	NA
1499	10198	0.0605609833860628	undirected	NA	NA
1499	10459	0.175223079823412	undirected	NA	NA
1499	10944	0.0940743390524496	undirected	NA	NA
1499	12847	0.131102788785193	undirected	NA	NA
1499	13114	0.0143907722989745	undirected	NA	NA
1499	13629	0.06432624010252	undirected	NA	NA
1499	13671	0.155259417605133	undirected	NA	NA
1499	13689	0.209935127497168	undirected	NA	NA
1499	14260	0.128246569277333	undirected	NA	NA
1499	14560	0.0576234802864971	undirected	NA	NA
1499	14691	0.0482627413286369	undirected	NA	NA
1499	14798	0.0523856619653585	undirected	NA	NA
1681	1684	0.234110451049163	undirected	NA	NA
1681	2049	0.0898350222931114	undirected	NA	NA
1681	2209	0.0717073087205961	undirected	NA	NA
1681	2218	0.129622010822849	undirected	NA	NA
1681	2308	0.0374416692805359	undirected	NA	NA
1681	2775	0.102328779485437	undirected	NA	NA
1681	2826	0.159510275019558	undirected	NA	NA
1681	3873	0.214585842977656	undirected	NA	NA
1681	4062	0.162996457995164	undirected	NA	NA
1681	4135	0.0303244994140165	undirected	NA	NA
1681	4214	0.18387102803699	undirected	NA	NA
1681	4376	0.0259143880220425	undirected	NA	NA
1681	4702	0.102914318067974	undirected	NA	NA
1681	4715	0.0370456214616648	undirected	NA	NA
1681	4770	0.0148791183547813	undirected	NA	NA
1681	5436	0.171244081850755	undirected	NA	NA
1681	5496	0.184752925352748	undirected	NA	NA
1681	5583	0.191574275827375	undirected	NA	NA
1681	6369	0.0476651026246946	undirected	NA	NA
1681	6978	0.208370841381756	undirected	NA	NA
1681	7378	0.106699066873944	undirected	NA	NA
1681	7495	0.0366654648237134	undirected	NA	NA
1681	7957	0.0563027200982072	undirected	NA	NA
1681	7970	0.102357901776089	undirected	NA	NA
1681	8426	0.00569176226911833	undirected	NA	NA
1681	9856	0.0303223553447372	undirected	NA	NA
1681	10198	0.0632336532604844	undirected	NA	NA
1681	10459	0.224794015866375	undirected	NA	NA
1681	10944	0.180164798754442	undirected	NA	NA
1681	12847	0.12847932444909	undirected	NA	NA
1681	13114	0.0275676864580699	undirected	NA	NA
1681	13629	0.0880831748295486	undirected	NA	NA
1681	13671	0.190639588779487	undirected	NA	NA
1681	13689	0.169795098637749	undirected	NA	NA
1681	14260	0.213512996904302	undirected	NA	NA
1681	14560	0.149899974843775	undirected	NA	NA
1681	14691	0.206111785475986	undirected	NA	NA
1681	14798	0.0912431374203673	undirected	NA	NA
1684	2049	0.081617137501304	undirected	NA	NA
1684	2209	0.050304772157712	undirected	NA	NA
1684	2218	0.0951503276120431	undirected	NA	NA
1684	2308	0.0317966678909843	undirected	NA	NA
1684	2775	0.160880025359396	undirected	NA	NA
1684	2826	0.0892146958465984	undirected	NA	NA
1684	3873	0.171840780417659	undirected	NA	NA
1684	4062	0.118245457695589	undirected	NA	NA
1684	4135	0.0245380290361739	undirected	NA	NA
1684	4214	0.184984011727538	undirected	NA	NA
1684	4376	0.023472976755884	undirected	NA	NA
1684	4702	0.0834560676893456	undirected	NA	NA
1684	4715	0.0162842969111326	undirected	NA	NA
1684	4770	0.0255184124605635	undirected	NA	NA
1684	5436	0.1248787629224	undirected	NA	NA
1684	5496	0.150176821644043	undirected	NA	NA
1684	5583	0.148423129925115	undirected	NA	NA
1684	6369	0.022860118371589	undirected	NA	NA
1684	6978	0.219961006933521	undirected	NA	NA
1684	7378	0.0792902051014558	undirected	NA	NA
1684	7495	0.0236080750320064	undirected	NA	NA
1684	7957	0.0414546940777404	undirected	NA	NA
1684	7970	0.143413619966132	undirected	NA	NA
1684	8426	0.00801168704047932	undirected	NA	NA
1684	9856	0.0234745052220858	undirected	NA	NA
1684	10198	0.0662405111122173	undirected	NA	NA
1684	10459	0.243484668934556	undirected	NA	NA
1684	10944	0.215559631611513	undirected	NA	NA
1684	12847	0.0845581892688324	undirected	NA	NA
1684	13114	0.0204638280039069	undirected	NA	NA
1684	13629	0.0504601717317463	undirected	NA	NA
1684	13671	0.208682256656199	undirected	NA	NA
1684	13689	0.15010330614564	undirected	NA	NA
1684	14260	0.200642695693915	undirected	NA	NA
1684	14560	0.119243251098157	undirected	NA	NA
1684	14691	0.198021858150641	undirected	NA	NA
1684	14798	0.0998617803461752	undirected	NA	NA
2049	2209	0.203351109618419	undirected	NA	NA
2049	2218	0.091377405432984	undirected	NA	NA
2049	2308	0.111837349205055	undirected	NA	NA
2049	2775	0.0286189413556943	undirected	NA	NA
2049	2826	0.0506740127362081	undirected	NA	NA
2049	3873	0.187204248726909	undirected	NA	NA
2049	4062	0.0350643881505327	undirected	NA	NA
2049	4135	0.158337603887144	undirected	NA	NA
2049	4214	0.110743348409337	undirected	NA	NA
2049	4376	0.201031034531244	undirected	NA	NA
2049	4702	0.184736181342533	undirected	NA	NA
2049	4715	0.0977262693022963	undirected	NA	NA
2049	4770	0.125265118386331	undirected	NA	NA
2049	5436	0.0129155107397538	undirected	NA	NA
2049	5496	0.0312454248176005	undirected	NA	NA
2049	5583	0.154593675581262	undirected	NA	NA
2049	6369	0.167355318500462	undirected	NA	NA
2049	6978	0.142751024819812	undirected	NA	NA
2049	7378	0.286797915209508	undirected	NA	NA
2049	7495	0.211118470589078	undirected	NA	NA
2049	7957	0.24187051706737	undirected	NA	NA
2049	7970	0.0640851671546365	undirected	NA	NA
2049	8426	0.0616229781244004	undirected	NA	NA
2049	9856	0.22321555997739	undirected	NA	NA
2049	10198	0.102536505977456	undirected	NA	NA
2049	10459	0.077995214595061	undirected	NA	NA
2049	10944	0.0597876804070673	undirected	NA	NA
2049	12847	0.137554617956918	undirected	NA	NA
2049	13114	0.204807047177908	undirected	NA	NA
2049	13629	0.210035931922384	undirected	NA	NA
2049	13671	0.141871070341173	undirected	NA	NA
2049	13689	0.0810033284177164	undirected	NA	NA
2049	14260	0.162887349084811	undirected	NA	NA
2049	14560	0.172996024522815	undirected	NA	NA
2049	14691	0.0394064554761474	undirected	NA	NA
2049	14798	0.0597958918818702	undirected	NA	NA
2209	2218	0.134834145047105	undirected	NA	NA
2209	2308	0.0429472156521688	undirected	NA	NA
2209	2775	0.00955527083106618	undirected	NA	NA
2209	2826	0.104362798825064	undirected	NA	NA
2209	3873	0.0995260242973509	undirected	NA	NA
2209	4062	0.0723586818029567	undirected	NA	NA
2209	4135	0.262331878740743	undirected	NA	NA
2209	4214	0.0460273911149567	undirected	NA	NA
2209	4376	0.227887888235669	undirected	NA	NA
2209	4702	0.103334582268354	undirected	NA	NA
2209	4715	0.213447695970233	undirected	NA	NA
2209	4770	0.128660891965826	undirected	NA	NA
2209	5436	0.04330569672552	undirected	NA	NA
2209	5496	0.0955099930976453	undirected	NA	NA
2209	5583	0.143195295235074	undirected	NA	NA
2209	6369	0.234871194017188	undirected	NA	NA
2209	6978	0.0832131804271901	undirected	NA	NA
2209	7378	0.225961857159722	undirected	NA	NA
2209	7495	0.310325811196867	undirected	NA	NA
2209	7957	0.304427804592008	undirected	NA	NA
2209	7970	0.020026409756659	undirected	NA	NA
2209	8426	0.068603442867763	undirected	NA	NA
2209	9856	0.250630106802172	undirected	NA	NA
2209	10198	0.0770355579536884	undirected	NA	NA
2209	10459	0.0697115415751629	undirected	NA	NA
2209	10944	0.0339492737535146	undirected	NA	NA
2209	12847	0.164206453851564	undirected	NA	NA
2209	13114	0.203776719082586	undirected	NA	NA
2209	13629	0.25819445449305	undirected	NA	NA
2209	13671	0.155641036068333	undirected	NA	NA
2209	13689	0.118362171207104	undirected	NA	NA
2209	14260	0.130028124494952	undirected	NA	NA
2209	14560	0.0945113328484879	undirected	NA	NA
2209	14691	0.01763178466423	undirected	NA	NA
2209	14798	0.022371482865868	undirected	NA	NA
2218	2308	0.0504520552817148	undirected	NA	NA
2218	2775	0.0319926311149891	undirected	NA	NA
2218	2826	0.169977867256517	undirected	NA	NA
2218	3873	0.190852299898155	undirected	NA	NA
2218	4062	0.227005846170827	undirected	NA	NA
2218	4135	0.131207359175026	undirected	NA	NA
2218	4214	0.126340413646645	undirected	NA	NA
2218	4376	0.0774668550630253	undirected	NA	NA
2218	4702	0.215336211950286	undirected	NA	NA
2218	4715	0.0604102096905515	undirected	NA	NA
2218	4770	0.0308460143154459	undirected	NA	NA
2218	5436	0.134288680973951	undirected	NA	NA
2218	5496	0.198201506214785	undirected	NA	NA
2218	5583	0.238491932108052	undirected	NA	NA
2218	6369	0.17495709851771	undirected	NA	NA
2218	6978	0.131918579955658	undirected	NA	NA
2218	7378	0.188696430996793	undirected	NA	NA
2218	7495	0.108996716981544	undirected	NA	NA
2218	7957	0.140361922030841	undirected	NA	NA
2218	7970	0.0363311231707773	undirected	NA	NA
2218	8426	0.0120565806329938	undirected	NA	NA
2218	9856	0.100854063961578	undirected	NA	NA
2218	10198	0.178186715311152	undirected	NA	NA
2218	10459	0.142930953737121	undirected	NA	NA
2218	10944	0.0951077976581579	undirected	NA	NA
2218	12847	0.259328592546198	undirected	NA	NA
2218	13114	0.119838547028557	undirected	NA	NA
2218	13629	0.193092351462141	undirected	NA	NA
2218	13671	0.156691326930231	undirected	NA	NA
2218	13689	0.21644506579487	undirected	NA	NA
2218	14260	0.21497285734985	undirected	NA	NA
2218	14560	0.20672127181171	undirected	NA	NA
2218	14691	0.064677809790693	undirected	NA	NA
2218	14798	0.117576844314001	undirected	NA	NA
2308	2775	0.0437045534884166	undirected	NA	NA
2308	2826	0.0239342039821883	undirected	NA	NA
2308	3873	0.139769268439096	undirected	NA	NA
2308	4062	0.0184002279115237	undirected	NA	NA
2308	4135	0.0308083482096896	undirected	NA	NA
2308	4214	0.133560839409921	undirected	NA	NA
2308	4376	0.0514777488162864	undirected	NA	NA
2308	4702	0.169483507347995	undirected	NA	NA
2308	4715	0.0469790353634177	undirected	NA	NA
2308	4770	0.0183719718623702	undirected	NA	NA
2308	5436	0.00466670781199211	undirected	NA	NA
2308	5496	0.00935418169445125	undirected	NA	NA
2308	5583	0.0937384829443275	undirected	NA	NA
2308	6369	0.0593081238199399	undirected	NA	NA
2308	6978	0.0702606248537065	undirected	NA	NA
2308	7378	0.144103512148858	undirected	NA	NA
2308	7495	0.0588923730432514	undirected	NA	NA
2308	7957	0.0559286683540536	undirected	NA	NA
2308	7970	0.0931583934814704	undirected	NA	NA
2308	8426	0.00819755312522405	undirected	NA	NA
2308	9856	0.0535466310976792	undirected	NA	NA
2308	10198	0.0880388243251294	undirected	NA	NA
2308	10459	0.0335269171932152	undirected	NA	NA
2308	10944	0.0291465675387472	undirected	NA	NA
2308	12847	0.084569012688396	undirected	NA	NA
2308	13114	0.075338085508487	undirected	NA	NA
2308	13629	0.0816511713685636	undirected	NA	NA
2308	13671	0.0436014067073828	undirected	NA	NA
2308	13689	0.0367126717128922	undirected	NA	NA
2308	14260	0.087887508693678	undirected	NA	NA
2308	14560	0.170623171332313	undirected	NA	NA
2308	14691	0.028132413503006	undirected	NA	NA
2308	14798	0.0786412790773356	undirected	NA	NA
2775	2826	0.0139898459393228	undirected	NA	NA
2775	3873	0.12906170252415	undirected	NA	NA
2775	4062	0.035189325766983	undirected	NA	NA
2775	4135	0.00445246496608404	undirected	NA	NA
2775	4214	0.194474297417942	undirected	NA	NA
2775	4376	0.00666320604572511	undirected	NA	NA
2775	4702	0.0814546657651122	undirected	NA	NA
2775	4715	0.00141488926215116	undirected	NA	NA
2775	4770	0.0105461953419206	undirected	NA	NA
2775	5436	0.0262557095541218	undirected	NA	NA
2775	5496	0.029164747225508	undirected	NA	NA
2775	5583	0.0581149879054116	undirected	NA	NA
2775	6369	0.00449392769015374	undirected	NA	NA
2775	6978	0.158220163227477	undirected	NA	NA
2775	7378	0.0373506577051748	undirected	NA	NA
2775	7495	0.00413879494252473	undirected	NA	NA
2775	7957	0.0106344226065301	undirected	NA	NA
2775	7970	0.206196980811868	undirected	NA	NA
2775	8426	0.00220136846831408	undirected	NA	NA
2775	9856	0.00612398136482824	undirected	NA	NA
2775	10198	0.0630819066302029	undirected	NA	NA
2775	10459	0.12412310773638	undirected	NA	NA
2775	10944	0.194450939951461	undirected	NA	NA
2775	12847	0.0263107484677308	undirected	NA	NA
2775	13114	0.0077895575507251	undirected	NA	NA
2775	13629	0.0121754871452111	undirected	NA	NA
2775	13671	0.075147189279249	undirected	NA	NA
2775	13689	0.0557455013909297	undirected	NA	NA
2775	14260	0.0955359463630301	undirected	NA	NA
2775	14560	0.093041280395499	undirected	NA	NA
2775	14691	0.154744879747575	undirected	NA	NA
2775	14798	0.172921713619016	undirected	NA	NA
2826	3873	0.151610079828162	undirected	NA	NA
2826	4062	0.208693843435501	undirected	NA	NA
2826	4135	0.0771069487492574	undirected	NA	NA
2826	4214	0.078189653027213	undirected	NA	NA
2826	4376	0.0293875621823679	undirected	NA	NA
2826	4702	0.106652344285304	undirected	NA	NA
2826	4715	0.0607273932292705	undirected	NA	NA
2826	4770	0.00876879182826364	undirected	NA	NA
2826	5436	0.18345460130674	undirected	NA	NA
2826	5496	0.214145545663117	undirected	NA	NA
2826	5583	0.224065362111489	undirected	NA	NA
2826	6369	0.125058841823336	undirected	NA	NA
2826	6978	0.084849115229673	undirected	NA	NA
2826	7378	0.112290877340299	undirected	NA	NA
2826	7495	0.060010730836579	undirected	NA	NA
2826	7957	0.0836162520671686	undirected	NA	NA
2826	7970	0.0168657216371548	undirected	NA	NA
2826	8426	0.00354627699891363	undirected	NA	NA
2826	9856	0.0451058992150015	undirected	NA	NA
2826	10198	0.0679082406285755	undirected	NA	NA
2826	10459	0.140513610046451	undirected	NA	NA
2826	10944	0.0755040155591903	undirected	NA	NA
2826	12847	0.206919970671976	undirected	NA	NA
2826	13114	0.0468518265926206	undirected	NA	NA
2826	13629	0.16524901472585	undirected	NA	NA
2826	13671	0.1384217682764	undirected	NA	NA
2826	13689	0.164701123040748	undirected	NA	NA
2826	14260	0.197336568537642	undirected	NA	NA
2826	14560	0.159717591511951	undirected	NA	NA
2826	14691	0.0725232657892727	undirected	NA	NA
2826	14798	0.0587303463166415	undirected	NA	NA
3873	4062	0.150069127453131	undirected	NA	NA
3873	4135	0.0635837560621384	undirected	NA	NA
3873	4214	0.254714599156933	undirected	NA	NA
3873	4376	0.0614360832003848	undirected	NA	NA
3873	4702	0.197846317481824	undirected	NA	NA
3873	4715	0.0932427806743269	undirected	NA	NA
3873	4770	0.0313022791450237	undirected	NA	NA
3873	5436	0.090532137014948	undirected	NA	NA
3873	5496	0.11919783562868	undirected	NA	NA
3873	5583	0.287058668251947	undirected	NA	NA
3873	6369	0.0930560329713337	undirected	NA	NA
3873	6978	0.215206243284819	undirected	NA	NA
3873	7378	0.191706532161754	undirected	NA	NA
3873	7495	0.0859489946175017	undirected	NA	NA
3873	7957	0.0953977178205948	undirected	NA	NA
3873	7970	0.179629805439454	undirected	NA	NA
3873	8426	0.0116187613517206	undirected	NA	NA
3873	9856	0.0668423911493402	undirected	NA	NA
3873	10198	0.148117506525669	undirected	NA	NA
3873	10459	0.21173987163067	undirected	NA	NA
3873	10944	0.154145768623347	undirected	NA	NA
3873	12847	0.224934366727582	undirected	NA	NA
3873	13114	0.0691988999453028	undirected	NA	NA
3873	13629	0.153002749515571	undirected	NA	NA
3873	13671	0.205857587891026	undirected	NA	NA
3873	13689	0.195040796287359	undirected	NA	NA
3873	14260	0.291358907506164	undirected	NA	NA
3873	14560	0.27140032200267	undirected	NA	NA
3873	14691	0.15599441695352	undirected	NA	NA
3873	14798	0.136065368135581	undirected	NA	NA
4062	4135	0.0654808792167421	undirected	NA	NA
4062	4214	0.104363197004399	undirected	NA	NA
4062	4376	0.0235794456872737	undirected	NA	NA
4062	4702	0.132448702379866	undirected	NA	NA
4062	4715	0.0161216963779176	undirected	NA	NA
4062	4770	0.0138497911428942	undirected	NA	NA
4062	5436	0.201332780879927	undirected	NA	NA
4062	5496	0.236170769404457	undirected	NA	NA
4062	5583	0.217392626204005	undirected	NA	NA
4062	6369	0.0788193588840398	undirected	NA	NA
4062	6978	0.113938809436721	undirected	NA	NA
4062	7378	0.0931340190172012	undirected	NA	NA
4062	7495	0.0331748858955781	undirected	NA	NA
4062	7957	0.0653060480770648	undirected	NA	NA
4062	7970	0.0255672191493884	undirected	NA	NA
4062	8426	0.00329485319701757	undirected	NA	NA
4062	9856	0.0339948815689377	undirected	NA	NA
4062	10198	0.13457882191082	undirected	NA	NA
4062	10459	0.198262150629613	undirected	NA	NA
4062	10944	0.13451326636728	undirected	NA	NA
4062	12847	0.204944810018362	undirected	NA	NA
4062	13114	0.0414549588358176	undirected	NA	NA
4062	13629	0.107540237395876	undirected	NA	NA
4062	13671	0.165616356506711	undirected	NA	NA
4062	13689	0.228904607442874	undirected	NA	NA
4062	14260	0.204943115917771	undirected	NA	NA
4062	14560	0.155808704837295	undirected	NA	NA
4062	14691	0.0955739752902381	undirected	NA	NA
4062	14798	0.131795914874043	undirected	NA	NA
4135	4214	0.028636059674904	undirected	NA	NA
4135	4376	0.249906963559179	undirected	NA	NA
4135	4702	0.0897546104084634	undirected	NA	NA
4135	4715	0.153390969814476	undirected	NA	NA
4135	4770	0.107980905087074	undirected	NA	NA
4135	5436	0.0307345065616993	undirected	NA	NA
4135	5496	0.0817295211686748	undirected	NA	NA
4135	5583	0.0875976474916888	undirected	NA	NA
4135	6369	0.224392609268868	undirected	NA	NA
4135	6978	0.0582398449850079	undirected	NA	NA
4135	7378	0.203820577668781	undirected	NA	NA
4135	7495	0.312308558986953	undirected	NA	NA
4135	7957	0.276561243315489	undirected	NA	NA
4135	7970	0.00962787846557935	undirected	NA	NA
4135	8426	0.075927810501785	undirected	NA	NA
4135	9856	0.277209487824451	undirected	NA	NA
4135	10198	0.0770943257825306	undirected	NA	NA
4135	10459	0.0348486765334463	undirected	NA	NA
4135	10944	0.0159615392120381	undirected	NA	NA
4135	12847	0.128813283521025	undirected	NA	NA
4135	13114	0.230097017332703	undirected	NA	NA
4135	13629	0.198235327489019	undirected	NA	NA
4135	13671	0.0924814547028703	undirected	NA	NA
4135	13689	0.102225584307497	undirected	NA	NA
4135	14260	0.0710406784467709	undirected	NA	NA
4135	14560	0.0564634769289809	undirected	NA	NA
4135	14691	0.00720006456803051	undirected	NA	NA
4135	14798	0.0152257246050268	undirected	NA	NA
4214	4376	0.0276653553167083	undirected	NA	NA
4214	4702	0.188830562299247	undirected	NA	NA
4214	4715	0.0260886548296605	undirected	NA	NA
4214	4770	0.0227252365774894	undirected	NA	NA
4214	5436	0.0607881349059724	undirected	NA	NA
4214	5496	0.0769394172575333	undirected	NA	NA
4214	5583	0.199574799449278	undirected	NA	NA
4214	6369	0.0405093755275365	undirected	NA	NA
4214	6978	0.20129728511894	undirected	NA	NA
4214	7378	0.126308509642063	undirected	NA	NA
4214	7495	0.0280292682387587	undirected	NA	NA
4214	7957	0.050879606742101	undirected	NA	NA
4214	7970	0.251738859482752	undirected	NA	NA
4214	8426	0.00514498704885916	undirected	NA	NA
4214	9856	0.0318280247566313	undirected	NA	NA
4214	10198	0.148058251614767	undirected	NA	NA
4214	10459	0.195338316514443	undirected	NA	NA
4214	10944	0.188681447592488	undirected	NA	NA
4214	12847	0.135154476258365	undirected	NA	NA
4214	13114	0.0401078750210246	undirected	NA	NA
4214	13629	0.0775994625939573	undirected	NA	NA
4214	13671	0.161866612670161	undirected	NA	NA
4214	13689	0.146843681857644	undirected	NA	NA
4214	14260	0.23261308782691	undirected	NA	NA
4214	14560	0.236434619850171	undirected	NA	NA
4214	14691	0.149499310496086	undirected	NA	NA
4214	14798	0.197748754661135	undirected	NA	NA
4376	4702	0.0980682240130779	undirected	NA	NA
4376	4715	0.117766909132859	undirected	NA	NA
4376	4770	0.223422540487493	undirected	NA	NA
4376	5436	0.00665646881286502	undirected	NA	NA
4376	5496	0.0288247276117265	undirected	NA	NA
4376	5583	0.0686514297770425	undirected	NA	NA
4376	6369	0.177892301828704	undirected	NA	NA
4376	6978	0.0639554649934119	undirected	NA	NA
4376	7378	0.212947957098557	undirected	NA	NA
4376	7495	0.277804156277624	undirected	NA	NA
4376	7957	0.294854213262021	undirected	NA	NA
4376	7970	0.0195915563686146	undirected	NA	NA
4376	8426	0.117866746826682	undirected	NA	NA
4376	9856	0.309085622736036	undirected	NA	NA
4376	10198	0.0813790689228938	undirected	NA	NA
4376	10459	0.0273709910724635	undirected	NA	NA
4376	10944	0.0156633291115938	undirected	NA	NA
4376	12847	0.0890053497918691	undirected	NA	NA
4376	13114	0.273649026405158	undirected	NA	NA
4376	13629	0.171840027632463	undirected	NA	NA
4376	13671	0.0973919349503831	undirected	NA	NA
4376	13689	0.0638044422901144	undirected	NA	NA
4376	14260	0.0675959137289642	undirected	NA	NA
4376	14560	0.054171305629832	undirected	NA	NA
4376	14691	0.00457994152340528	undirected	NA	NA
4376	14798	0.0157944355570984	undirected	NA	NA
4702	4715	0.0812355750190993	undirected	NA	NA
4702	4770	0.0509302469840719	undirected	NA	NA
4702	5436	0.0529418413211763	undirected	NA	NA
4702	5496	0.0944497229350202	undirected	NA	NA
4702	5583	0.214546437406866	undirected	NA	NA
4702	6369	0.110389902508987	undirected	NA	NA
4702	6978	0.149481474407184	undirected	NA	NA
4702	7378	0.201599039495346	undirected	NA	NA
4702	7495	0.116660121817126	undirected	NA	NA
4702	7957	0.115209408214817	undirected	NA	NA
4702	7970	0.129754025782691	undirected	NA	NA
4702	8426	0.0193998049250626	undirected	NA	NA
4702	9856	0.101966737135833	undirected	NA	NA
4702	10198	0.220867599906629	undirected	NA	NA
4702	10459	0.119730233624552	undirected	NA	NA
4702	10944	0.0817063941333056	undirected	NA	NA
4702	12847	0.217944351655214	undirected	NA	NA
4702	13114	0.116726754348766	undirected	NA	NA
4702	13629	0.140778088056219	undirected	NA	NA
4702	13671	0.14369244115641	undirected	NA	NA
4702	13689	0.190686388017425	undirected	NA	NA
4702	14260	0.196731140100155	undirected	NA	NA
4702	14560	0.217074626054551	undirected	NA	NA
4702	14691	0.0671017623095745	undirected	NA	NA
4702	14798	0.120845036000989	undirected	NA	NA
4715	4770	0.0397050832381901	undirected	NA	NA
4715	5436	0.00457681758769326	undirected	NA	NA
4715	5496	0.0124827029239767	undirected	NA	NA
4715	5583	0.126183996009761	undirected	NA	NA
4715	6369	0.251300639982582	undirected	NA	NA
4715	6978	0.0365488688482742	undirected	NA	NA
4715	7378	0.203097554663726	undirected	NA	NA
4715	7495	0.209420546983591	undirected	NA	NA
4715	7957	0.208135009869824	undirected	NA	NA
4715	7970	0.00881410055307602	undirected	NA	NA
4715	8426	0.0204633037006478	undirected	NA	NA
4715	9856	0.164255520970777	undirected	NA	NA
4715	10198	0.0332532073885627	undirected	NA	NA
4715	10459	0.0211220624157154	undirected	NA	NA
4715	10944	0.00779399874385838	undirected	NA	NA
4715	12847	0.14302051181236	undirected	NA	NA
4715	13114	0.138415473379053	undirected	NA	NA
4715	13629	0.296312545655785	undirected	NA	NA
4715	13671	0.0650829981388042	undirected	NA	NA
4715	13689	0.0341996765668914	undirected	NA	NA
4715	14260	0.0933873826237806	undirected	NA	NA
4715	14560	0.11150966771819	undirected	NA	NA
4715	14691	0.00677580111539596	undirected	NA	NA
4715	14798	0.00931267788776553	undirected	NA	NA
4770	5436	0.0060863643829155	undirected	NA	NA
4770	5496	0.0262794336048342	undirected	NA	NA
4770	5583	0.0198691339665859	undirected	NA	NA
4770	6369	0.0630045235881107	undirected	NA	NA
4770	6978	0.0662686192682979	undirected	NA	NA
4770	7378	0.109743878492126	undirected	NA	NA
4770	7495	0.157853559337231	undirected	NA	NA
4770	7957	0.156152690031736	undirected	NA	NA
4770	7970	0.0165881391117371	undirected	NA	NA
4770	8426	0.182508540766703	undirected	NA	NA
4770	9856	0.18807665351651	undirected	NA	NA
4770	10198	0.0394444875313379	undirected	NA	NA
4770	10459	0.0180359244742237	undirected	NA	NA
4770	10944	0.0182260368793806	undirected	NA	NA
4770	12847	0.0231168665859572	undirected	NA	NA
4770	13114	0.143162470199742	undirected	NA	NA
4770	13629	0.0581079285453664	undirected	NA	NA
4770	13671	0.0536633349113673	undirected	NA	NA
4770	13689	0.0381879372460927	undirected	NA	NA
4770	14260	0.0273786679045707	undirected	NA	NA
4770	14560	0.0179764991764056	undirected	NA	NA
4770	14691	0.00483243895919881	undirected	NA	NA
4770	14798	0.0126830513831092	undirected	NA	NA
5436	5496	0.231093485725952	undirected	NA	NA
5436	5583	0.143528890523844	undirected	NA	NA
5436	6369	0.030792284538375	undirected	NA	NA
5436	6978	0.0811895324859633	undirected	NA	NA
5436	7378	0.0378482569687665	undirected	NA	NA
5436	7495	0.00967718401928768	undirected	NA	NA
5436	7957	0.0302837323888819	undirected	NA	NA
5436	7970	0.0137863186992632	undirected	NA	NA
5436	8426	0.00114480288519787	undirected	NA	NA
5436	9856	0.0106114027445295	undirected	NA	NA
5436	10198	0.0553606471916465	undirected	NA	NA
5436	10459	0.198353669263512	undirected	NA	NA
5436	10944	0.137289129797349	undirected	NA	NA
5436	12847	0.111677824615187	undirected	NA	NA
5436	13114	0.010829046524946	undirected	NA	NA
5436	13629	0.0543309315918502	undirected	NA	NA
5436	13671	0.145665297054566	undirected	NA	NA
5436	13689	0.168055207013565	undirected	NA	NA
5436	14260	0.148796333264794	undirected	NA	NA
5436	14560	0.0808374634292134	undirected	NA	NA
5436	14691	0.108215651964203	undirected	NA	NA
5436	14798	0.0786159364231222	undirected	NA	NA
5496	5583	0.178798100130165	undirected	NA	NA
5496	6369	0.0684789062536585	undirected	NA	NA
5496	6978	0.1271696834353	undirected	NA	NA
5496	7378	0.0801000440823611	undirected	NA	NA
5496	7495	0.0339922122940984	undirected	NA	NA
5496	7957	0.0782814138842081	undirected	NA	NA
5496	7970	0.0187613139674281	undirected	NA	NA
5496	8426	0.00723930199458652	undirected	NA	NA
5496	9856	0.0391065031033157	undirected	NA	NA
5496	10198	0.098760925084312	undirected	NA	NA
5496	10459	0.226001924072189	undirected	NA	NA
5496	10944	0.153060824903622	undirected	NA	NA
5496	12847	0.159287285867324	undirected	NA	NA
5496	13114	0.0381735030032872	undirected	NA	NA
5496	13629	0.0974163395440528	undirected	NA	NA
5496	13671	0.222639127920531	undirected	NA	NA
5496	13689	0.238238715783353	undirected	NA	NA
5496	14260	0.189090369370799	undirected	NA	NA
5496	14560	0.101565631047449	undirected	NA	NA
5496	14691	0.0812301440246753	undirected	NA	NA
5496	14798	0.0886523810298494	undirected	NA	NA
5583	6369	0.164273421396572	undirected	NA	NA
5583	6978	0.183143721883924	undirected	NA	NA
5583	7378	0.225708888867276	undirected	NA	NA
5583	7495	0.116611631474221	undirected	NA	NA
5583	7957	0.130933818020936	undirected	NA	NA
5583	7970	0.0805976636027699	undirected	NA	NA
5583	8426	0.0100771846583161	undirected	NA	NA
5583	9856	0.0870344958350497	undirected	NA	NA
5583	10198	0.124230655444628	undirected	NA	NA
5583	10459	0.160341787551372	undirected	NA	NA
5583	10944	0.120330774751523	undirected	NA	NA
5583	12847	0.253371292511088	undirected	NA	NA
5583	13114	0.0915129413871899	undirected	NA	NA
5583	13629	0.223946574074165	undirected	NA	NA
5583	13671	0.159283877194797	undirected	NA	NA
5583	13689	0.220708493421734	undirected	NA	NA
5583	14260	0.265445731287683	undirected	NA	NA
5583	14560	0.276173681731404	undirected	NA	NA
5583	14691	0.125633380917657	undirected	NA	NA
5583	14798	0.114552761880679	undirected	NA	NA
6369	6978	0.0523503093967765	undirected	NA	NA
6369	7378	0.218396085661086	undirected	NA	NA
6369	7495	0.286009274510101	undirected	NA	NA
6369	7957	0.234547598921571	undirected	NA	NA
6369	7970	0.0129948255546479	undirected	NA	NA
6369	8426	0.0343426147047173	undirected	NA	NA
6369	9856	0.212578366085545	undirected	NA	NA
6369	10198	0.0935097048540738	undirected	NA	NA
6369	10459	0.0443568917511369	undirected	NA	NA
6369	10944	0.0158347450660228	undirected	NA	NA
6369	12847	0.226289446256724	undirected	NA	NA
6369	13114	0.187825153353878	undirected	NA	NA
6369	13629	0.267861651457155	undirected	NA	NA
6369	13671	0.101241780655639	undirected	NA	NA
6369	13689	0.113297725394666	undirected	NA	NA
6369	14260	0.119034438876002	undirected	NA	NA
6369	14560	0.116501192823247	undirected	NA	NA
6369	14691	0.0108766142468749	undirected	NA	NA
6369	14798	0.0193697437962754	undirected	NA	NA
6978	7378	0.136972452562157	undirected	NA	NA
6978	7495	0.0612499333180891	undirected	NA	NA
6978	7957	0.0914071430770125	undirected	NA	NA
6978	7970	0.171998431264176	undirected	NA	NA
6978	8426	0.0230359299144036	undirected	NA	NA
6978	9856	0.0631162100050607	undirected	NA	NA
6978	10198	0.127284693766278	undirected	NA	NA
6978	10459	0.225713661045199	undirected	NA	NA
6978	10944	0.202100955246683	undirected	NA	NA
6978	12847	0.12372086347378	undirected	NA	NA
6978	13114	0.0609851013126587	undirected	NA	NA
6978	13629	0.0897229445731796	undirected	NA	NA
6978	13671	0.23051931003637	undirected	NA	NA
6978	13689	0.178132959330062	undirected	NA	NA
6978	14260	0.231582573955878	undirected	NA	NA
6978	14560	0.169083194754377	undirected	NA	NA
6978	14691	0.142341750042658	undirected	NA	NA
6978	14798	0.127973466400142	undirected	NA	NA
7378	7495	0.274343251300461	undirected	NA	NA
7378	7957	0.260591517889903	undirected	NA	NA
7378	7970	0.0760178531830836	undirected	NA	NA
7378	8426	0.0546968015087911	undirected	NA	NA
7378	9856	0.22237348021017	undirected	NA	NA
7378	10198	0.157910689398808	undirected	NA	NA
7378	10459	0.105845145324259	undirected	NA	NA
7378	10944	0.0633032683412794	undirected	NA	NA
7378	12847	0.234372356661389	undirected	NA	NA
7378	13114	0.210181114655181	undirected	NA	NA
7378	13629	0.26092444883437	undirected	NA	NA
7378	13671	0.176338056611025	undirected	NA	NA
7378	13689	0.158180699799539	undirected	NA	NA
7378	14260	0.206232268826525	undirected	NA	NA
7378	14560	0.202274253955953	undirected	NA	NA
7378	14691	0.0433799991129845	undirected	NA	NA
7378	14798	0.06708422796355	undirected	NA	NA
7495	7957	0.366461444764844	undirected	NA	NA
7495	7970	0.0154023172836739	undirected	NA	NA
7495	8426	0.0740292961712826	undirected	NA	NA
7495	9856	0.345860862020331	undirected	NA	NA
7495	10198	0.0811660990266307	undirected	NA	NA
7495	10459	0.0318965825025231	undirected	NA	NA
7495	10944	0.0139818845389767	undirected	NA	NA
7495	12847	0.153715811359716	undirected	NA	NA
7495	13114	0.304630251536718	undirected	NA	NA
7495	13629	0.288102027298088	undirected	NA	NA
7495	13671	0.11264448749436	undirected	NA	NA
7495	13689	0.0749666788452649	undirected	NA	NA
7495	14260	0.098764361184371	undirected	NA	NA
7495	14560	0.0876993334502353	undirected	NA	NA
7495	14691	0.00555227558503776	undirected	NA	NA
7495	14798	0.0152496164537717	undirected	NA	NA
7957	7970	0.0234961741882895	undirected	NA	NA
7957	8426	0.0938480800689199	undirected	NA	NA
7957	9856	0.311566353144208	undirected	NA	NA
7957	10198	0.0968561768939289	undirected	NA	NA
7957	10459	0.0582325838760392	undirected	NA	NA
7957	10944	0.0290432317158555	undirected	NA	NA
7957	12847	0.160625449498409	undirected	NA	NA
7957	13114	0.248450027859422	undirected	NA	NA
7957	13629	0.243426656275142	undirected	NA	NA
7957	13671	0.143806566360675	undirected	NA	NA
7957	13689	0.117543236837577	undirected	NA	NA
7957	14260	0.118083438380701	undirected	NA	NA
7957	14560	0.0908115655379179	undirected	NA	NA
7957	14691	0.0149266223995987	undirected	NA	NA
7957	14798	0.023974349984792	undirected	NA	NA
7970	8426	0.00593694728109602	undirected	NA	NA
7970	9856	0.0174534398218186	undirected	NA	NA
7970	10198	0.0733572527025344	undirected	NA	NA
7970	10459	0.103708185953697	undirected	NA	NA
7970	10944	0.150005026483222	undirected	NA	NA
7970	12847	0.0419241786578951	undirected	NA	NA
7970	13114	0.0215185641726831	undirected	NA	NA
7970	13629	0.0280506158640815	undirected	NA	NA
7970	13671	0.0786587575961208	undirected	NA	NA
7970	13689	0.048913980095205	undirected	NA	NA
7970	14260	0.117931303717534	undirected	NA	NA
7970	14560	0.145077159974068	undirected	NA	NA
7970	14691	0.137443986598003	undirected	NA	NA
7970	14798	0.172936085527777	undirected	NA	NA
8426	9856	0.110445440704819	undirected	NA	NA
8426	10198	0.0150539146234412	undirected	NA	NA
8426	10459	0.00652176214894168	undirected	NA	NA
8426	10944	0.00476841067130732	undirected	NA	NA
8426	12847	0.0121103231016405	undirected	NA	NA
8426	13114	0.0826900438462923	undirected	NA	NA
8426	13629	0.0331921064575886	undirected	NA	NA
8426	13671	0.0309012744632131	undirected	NA	NA
8426	13689	0.0132625649162975	undirected	NA	NA
8426	14260	0.0128655583171345	undirected	NA	NA
8426	14560	0.00704696287029268	undirected	NA	NA
8426	14691	0.00076907789887859	undirected	NA	NA
8426	14798	0.00258562579915516	undirected	NA	NA
9856	10198	0.0866512447314805	undirected	NA	NA
9856	10459	0.0311607583372694	undirected	NA	NA
9856	10944	0.015570885980535	undirected	NA	NA
9856	12847	0.117361176680177	undirected	NA	NA
9856	13114	0.274812346112716	undirected	NA	NA
9856	13629	0.206405139976663	undirected	NA	NA
9856	13671	0.104955780515018	undirected	NA	NA
9856	13689	0.0776449250592265	undirected	NA	NA
9856	14260	0.0789407261242489	undirected	NA	NA
9856	14560	0.063616030774817	undirected	NA	NA
9856	14691	0.00585457062251099	undirected	NA	NA
9856	14798	0.0159578683485396	undirected	NA	NA
10198	10459	0.0773334814585968	undirected	NA	NA
10198	10944	0.0755964306026723	undirected	NA	NA
10198	12847	0.132889321832551	undirected	NA	NA
10198	13114	0.116117562140892	undirected	NA	NA
10198	13629	0.10072112437622	undirected	NA	NA
10198	13671	0.0907624742347729	undirected	NA	NA
10198	13689	0.166492381216674	undirected	NA	NA
10198	14260	0.125394691712143	undirected	NA	NA
10198	14560	0.153634715536913	undirected	NA	NA
10198	14691	0.0483820649459537	undirected	NA	NA
10198	14798	0.142634543965865	undirected	NA	NA
10459	10944	0.213726536011457	undirected	NA	NA
10459	12847	0.112534395733152	undirected	NA	NA
10459	13114	0.0304764428461002	undirected	NA	NA
10459	13629	0.0810549316176327	undirected	NA	NA
10459	13671	0.173626757719861	undirected	NA	NA
10459	13689	0.195488200479915	undirected	NA	NA
10459	14260	0.207462281601204	undirected	NA	NA
10459	14560	0.150849227609312	undirected	NA	NA
10459	14691	0.20260312591172	undirected	NA	NA
10459	14798	0.125339900503922	undirected	NA	NA
10944	12847	0.0712006251230288	undirected	NA	NA
10944	13114	0.0153806402479612	undirected	NA	NA
10944	13629	0.0344083101677916	undirected	NA	NA
10944	13671	0.162313770076809	undirected	NA	NA
10944	13689	0.152856560264341	undirected	NA	NA
10944	14260	0.160487320030651	undirected	NA	NA
10944	14560	0.099586500520728	undirected	NA	NA
10944	14691	0.198817431001197	undirected	NA	NA
10944	14798	0.118825192396192	undirected	NA	NA
12847	13114	0.130154678703607	undirected	NA	NA
12847	13629	0.257727240780882	undirected	NA	NA
12847	13671	0.13260042422728	undirected	NA	NA
12847	13689	0.207126711874818	undirected	NA	NA
12847	14260	0.222238603640706	undirected	NA	NA
12847	14560	0.249198317873687	undirected	NA	NA
12847	14691	0.0643914123595624	undirected	NA	NA
12847	14798	0.0890220815009972	undirected	NA	NA
13114	13629	0.175843905846245	undirected	NA	NA
13114	13671	0.0880508972348388	undirected	NA	NA
13114	13689	0.0860109993226084	undirected	NA	NA
13114	14260	0.0779223300471084	undirected	NA	NA
13114	14560	0.0748759111031342	undirected	NA	NA
13114	14691	0.00671352462989679	undirected	NA	NA
13114	14798	0.0219775356413299	undirected	NA	NA
13629	13671	0.139484293385112	undirected	NA	NA
13629	13689	0.143974030247211	undirected	NA	NA
13629	14260	0.175773325051189	undirected	NA	NA
13629	14560	0.166651703711036	undirected	NA	NA
13629	14691	0.0298680138581827	undirected	NA	NA
13629	14798	0.0333689339240135	undirected	NA	NA
13671	13689	0.199286733232794	undirected	NA	NA
13671	14260	0.201731867788807	undirected	NA	NA
13671	14560	0.147140731816159	undirected	NA	NA
13671	14691	0.122434506335447	undirected	NA	NA
13671	14798	0.0897194595697862	undirected	NA	NA
13689	14260	0.227162741796057	undirected	NA	NA
13689	14560	0.180447804861865	undirected	NA	NA
13689	14691	0.0968236675274611	undirected	NA	NA
13689	14798	0.14146110827198	undirected	NA	NA
14260	14560	0.24365582576658	undirected	NA	NA
14260	14691	0.16475324985629	undirected	NA	NA
14260	14798	0.124099302254678	undirected	NA	NA
14560	14691	0.118872128085762	undirected	NA	NA
14560	14798	0.130305564335199	undirected	NA	NA
14691	14798	0.122286438706652	undirected	NA	NA
