fromNode	toNode	weight	direction	fromAltName	toAltName
592	860	0.152520273210063	undirected	NA	NA
592	1059	0.261626262307124	undirected	NA	NA
592	1587	0.221537385845031	undirected	NA	NA
592	1633	0.223396516082875	undirected	NA	NA
592	3377	0.0711690214931691	undirected	NA	NA
592	3998	0.324057632491695	undirected	NA	NA
592	4018	0.271621131814661	undirected	NA	NA
592	4332	0.0646394385023554	undirected	NA	NA
592	4446	0.0848305294231216	undirected	NA	NA
592	4456	0.0489795366191517	undirected	NA	NA
592	5554	0.227069699252431	undirected	NA	NA
592	5884	0.284843241632754	undirected	NA	NA
592	6194	0.193660333564886	undirected	NA	NA
592	7542	0.137970866793441	undirected	NA	NA
592	8061	0.232556029745435	undirected	NA	NA
592	8452	0.267163711334609	undirected	NA	NA
592	8597	0.302615774482428	undirected	NA	NA
592	9065	0.231072565095547	undirected	NA	NA
592	9089	0.235402270543333	undirected	NA	NA
592	9136	0.21348586510915	undirected	NA	NA
592	9906	0.114111474378638	undirected	NA	NA
592	10494	0.0972102201815316	undirected	NA	NA
592	10791	0.25328895951176	undirected	NA	NA
592	11640	0.139838133480634	undirected	NA	NA
592	11861	0.280135394111361	undirected	NA	NA
592	11893	0.0657654628083226	undirected	NA	NA
592	11982	0.304343075900199	undirected	NA	NA
592	12621	0.226223218103108	undirected	NA	NA
592	12907	0.272912088384453	undirected	NA	NA
592	14490	0.0964563724585674	undirected	NA	NA
592	15084	0.0585282422438834	undirected	NA	NA
592	15710	0.234016044051404	undirected	NA	NA
860	1059	0.207723320550252	undirected	NA	NA
860	1587	0.230068782748294	undirected	NA	NA
860	1633	0.263557229634117	undirected	NA	NA
860	3377	0.0973136135624893	undirected	NA	NA
860	3998	0.105160509303342	undirected	NA	NA
860	4018	0.25202621013837	undirected	NA	NA
860	4332	0.203636174538912	undirected	NA	NA
860	4446	0.309566301899108	undirected	NA	NA
860	4456	0.253944135681999	undirected	NA	NA
860	5554	0.216515336961929	undirected	NA	NA
860	5884	0.145013619452296	undirected	NA	NA
860	6194	0.290863595566522	undirected	NA	NA
860	7542	0.370756984283632	undirected	NA	NA
860	8061	0.23977874435487	undirected	NA	NA
860	8452	0.263927587650446	undirected	NA	NA
860	8597	0.145756941477611	undirected	NA	NA
860	9065	0.250946579311088	undirected	NA	NA
860	9089	0.199409875135125	undirected	NA	NA
860	9136	0.303392637890804	undirected	NA	NA
860	9906	0.0857886843775465	undirected	NA	NA
860	10494	0.142480848053998	undirected	NA	NA
860	10791	0.273626388043854	undirected	NA	NA
860	11640	0.253018457167703	undirected	NA	NA
860	11861	0.249950389552508	undirected	NA	NA
860	11893	0.125877546576206	undirected	NA	NA
860	11982	0.181938569459609	undirected	NA	NA
860	12621	0.198382852608841	undirected	NA	NA
860	12907	0.211957135600571	undirected	NA	NA
860	14490	0.348080315705292	undirected	NA	NA
860	15084	0.258443518228125	undirected	NA	NA
860	15710	0.207229105606801	undirected	NA	NA
1059	1587	0.207415568892826	undirected	NA	NA
1059	1633	0.238650753878793	undirected	NA	NA
1059	3377	0.14215319482234	undirected	NA	NA
1059	3998	0.273098957439619	undirected	NA	NA
1059	4018	0.316691562454082	undirected	NA	NA
1059	4332	0.102586475877989	undirected	NA	NA
1059	4446	0.162697914678244	undirected	NA	NA
1059	4456	0.0861663513122087	undirected	NA	NA
1059	5554	0.329497367840535	undirected	NA	NA
1059	5884	0.309481271467324	undirected	NA	NA
1059	6194	0.23666351092309	undirected	NA	NA
1059	7542	0.239929444530849	undirected	NA	NA
1059	8061	0.251665062749788	undirected	NA	NA
1059	8452	0.318419591607112	undirected	NA	NA
1059	8597	0.241815043823058	undirected	NA	NA
1059	9065	0.283370251145504	undirected	NA	NA
1059	9089	0.32589485720984	undirected	NA	NA
1059	9136	0.26517548482051	undirected	NA	NA
1059	9906	0.135189938821664	undirected	NA	NA
1059	10494	0.116046852494398	undirected	NA	NA
1059	10791	0.348045079217174	undirected	NA	NA
1059	11640	0.1616136186151	undirected	NA	NA
1059	11861	0.405120030374881	undirected	NA	NA
1059	11893	0.0965783170997535	undirected	NA	NA
1059	11982	0.268754957043435	undirected	NA	NA
1059	12621	0.351380532322694	undirected	NA	NA
1059	12907	0.255524846703047	undirected	NA	NA
1059	14490	0.158696077769608	undirected	NA	NA
1059	15084	0.0773366728173558	undirected	NA	NA
1059	15710	0.31203289997514	undirected	NA	NA
1587	1633	0.295296062981656	undirected	NA	NA
1587	3377	0.192811529811397	undirected	NA	NA
1587	3998	0.265800400335655	undirected	NA	NA
1587	4018	0.240727190512361	undirected	NA	NA
1587	4332	0.184795517857376	undirected	NA	NA
1587	4446	0.338379042549545	undirected	NA	NA
1587	4456	0.18245328491654	undirected	NA	NA
1587	5554	0.23734060231987	undirected	NA	NA
1587	5884	0.281703514491215	undirected	NA	NA
1587	6194	0.279716343217597	undirected	NA	NA
1587	7542	0.217025849669086	undirected	NA	NA
1587	8061	0.294399414069865	undirected	NA	NA
1587	8452	0.242393748487937	undirected	NA	NA
1587	8597	0.326459250382869	undirected	NA	NA
1587	9065	0.242822487876539	undirected	NA	NA
1587	9089	0.254174958576725	undirected	NA	NA
1587	9136	0.278821599680593	undirected	NA	NA
1587	9906	0.251164275049427	undirected	NA	NA
1587	10494	0.242587592143727	undirected	NA	NA
1587	10791	0.216742276505499	undirected	NA	NA
1587	11640	0.251784789970974	undirected	NA	NA
1587	11861	0.166096405499869	undirected	NA	NA
1587	11893	0.233698144077655	undirected	NA	NA
1587	11982	0.253943865607618	undirected	NA	NA
1587	12621	0.161356117676623	undirected	NA	NA
1587	12907	0.319207885753468	undirected	NA	NA
1587	14490	0.3843108483187	undirected	NA	NA
1587	15084	0.186795727459228	undirected	NA	NA
1587	15710	0.215866841247664	undirected	NA	NA
1633	3377	0.108378784677478	undirected	NA	NA
1633	3998	0.143662593969419	undirected	NA	NA
1633	4018	0.291579250327574	undirected	NA	NA
1633	4332	0.209182688713234	undirected	NA	NA
1633	4446	0.296094507700704	undirected	NA	NA
1633	4456	0.226189217473574	undirected	NA	NA
1633	5554	0.229364135655212	undirected	NA	NA
1633	5884	0.180218881975142	undirected	NA	NA
1633	6194	0.320337608093898	undirected	NA	NA
1633	7542	0.355198441767565	undirected	NA	NA
1633	8061	0.305366837881621	undirected	NA	NA
1633	8452	0.268319246905976	undirected	NA	NA
1633	8597	0.227068605267664	undirected	NA	NA
1633	9065	0.259307840000851	undirected	NA	NA
1633	9089	0.212907084142908	undirected	NA	NA
1633	9136	0.344560362950291	undirected	NA	NA
1633	9906	0.105840766542619	undirected	NA	NA
1633	10494	0.172904159279879	undirected	NA	NA
1633	10791	0.313083579559917	undirected	NA	NA
1633	11640	0.281834247559728	undirected	NA	NA
1633	11861	0.313588077016275	undirected	NA	NA
1633	11893	0.148524942142461	undirected	NA	NA
1633	11982	0.233703815372023	undirected	NA	NA
1633	12621	0.239188784093117	undirected	NA	NA
1633	12907	0.287585298164958	undirected	NA	NA
1633	14490	0.337784888451878	undirected	NA	NA
1633	15084	0.206904416910754	undirected	NA	NA
1633	15710	0.220769737781684	undirected	NA	NA
3377	3998	0.107798058814391	undirected	NA	NA
3377	4018	0.106096846920529	undirected	NA	NA
3377	4332	0.202531360596036	undirected	NA	NA
3377	4446	0.339283336388217	undirected	NA	NA
3377	4456	0.176607318970946	undirected	NA	NA
3377	5554	0.139847733602885	undirected	NA	NA
3377	5884	0.135186412275913	undirected	NA	NA
3377	6194	0.144182465439731	undirected	NA	NA
3377	7542	0.234597033893929	undirected	NA	NA
3377	8061	0.200221758803703	undirected	NA	NA
3377	8452	0.141292517368586	undirected	NA	NA
3377	8597	0.126835714115243	undirected	NA	NA
3377	9065	0.155828078388287	undirected	NA	NA
3377	9089	0.163220428918174	undirected	NA	NA
3377	9136	0.193539529662874	undirected	NA	NA
3377	9906	0.167703356430386	undirected	NA	NA
3377	10494	0.118610062016804	undirected	NA	NA
3377	10791	0.111637040988806	undirected	NA	NA
3377	11640	0.141338527286667	undirected	NA	NA
3377	11861	0.0934535256879421	undirected	NA	NA
3377	11893	0.245872259117557	undirected	NA	NA
3377	11982	0.0959312745196227	undirected	NA	NA
3377	12621	0.103820278138268	undirected	NA	NA
3377	12907	0.160912808786099	undirected	NA	NA
3377	14490	0.313130298648175	undirected	NA	NA
3377	15084	0.071560784141431	undirected	NA	NA
3377	15710	0.163640839944262	undirected	NA	NA
3998	4018	0.278682807092024	undirected	NA	NA
3998	4332	0.100525491139337	undirected	NA	NA
3998	4446	0.171509199975223	undirected	NA	NA
3998	4456	0.0741318781106708	undirected	NA	NA
3998	5554	0.181316403477445	undirected	NA	NA
3998	5884	0.272671598645338	undirected	NA	NA
3998	6194	0.167080819359672	undirected	NA	NA
3998	7542	0.160398727617396	undirected	NA	NA
3998	8061	0.250115998765203	undirected	NA	NA
3998	8452	0.211686472637456	undirected	NA	NA
3998	8597	0.281619072363799	undirected	NA	NA
3998	9065	0.208162471425091	undirected	NA	NA
3998	9089	0.200144338128474	undirected	NA	NA
3998	9136	0.213406043864007	undirected	NA	NA
3998	9906	0.184045876620084	undirected	NA	NA
3998	10494	0.0988701532810382	undirected	NA	NA
3998	10791	0.26970245643214	undirected	NA	NA
3998	11640	0.133042193194405	undirected	NA	NA
3998	11861	0.287581587733738	undirected	NA	NA
3998	11893	0.153540045969946	undirected	NA	NA
3998	11982	0.315832845261061	undirected	NA	NA
3998	12621	0.278474698191476	undirected	NA	NA
3998	12907	0.264375592799702	undirected	NA	NA
3998	14490	0.177864243658227	undirected	NA	NA
3998	15084	0.0624624624552558	undirected	NA	NA
3998	15710	0.231143012984563	undirected	NA	NA
4018	4332	0.10580452778187	undirected	NA	NA
4018	4446	0.159873658896566	undirected	NA	NA
4018	4456	0.0988118533574177	undirected	NA	NA
4018	5554	0.331367069338735	undirected	NA	NA
4018	5884	0.305142882262879	undirected	NA	NA
4018	6194	0.286349114620448	undirected	NA	NA
4018	7542	0.259557921261453	undirected	NA	NA
4018	8061	0.276621251015585	undirected	NA	NA
4018	8452	0.347121858468687	undirected	NA	NA
4018	8597	0.274378592165599	undirected	NA	NA
4018	9065	0.299061302734183	undirected	NA	NA
4018	9089	0.31566383217712	undirected	NA	NA
4018	9136	0.30269710867509	undirected	NA	NA
4018	9906	0.110340027749668	undirected	NA	NA
4018	10494	0.125830390076744	undirected	NA	NA
4018	10791	0.332247971092331	undirected	NA	NA
4018	11640	0.199259972640597	undirected	NA	NA
4018	11861	0.399040320915426	undirected	NA	NA
4018	11893	0.0838555545988648	undirected	NA	NA
4018	11982	0.29831108739172	undirected	NA	NA
4018	12621	0.302832839320086	undirected	NA	NA
4018	12907	0.293577347967996	undirected	NA	NA
4018	14490	0.17371779944509	undirected	NA	NA
4018	15084	0.0859589226464707	undirected	NA	NA
4018	15710	0.302782504162211	undirected	NA	NA
4332	4446	0.302856874605983	undirected	NA	NA
4332	4456	0.227332892894435	undirected	NA	NA
4332	5554	0.166947316522888	undirected	NA	NA
4332	5884	0.143801426769954	undirected	NA	NA
4332	6194	0.21742644225864	undirected	NA	NA
4332	7542	0.201183031200792	undirected	NA	NA
4332	8061	0.218269440362548	undirected	NA	NA
4332	8452	0.150742001172866	undirected	NA	NA
4332	8597	0.181296417600359	undirected	NA	NA
4332	9065	0.163661798156048	undirected	NA	NA
4332	9089	0.178667421058656	undirected	NA	NA
4332	9136	0.217007337909324	undirected	NA	NA
4332	9906	0.174198808091757	undirected	NA	NA
4332	10494	0.26154812141222	undirected	NA	NA
4332	10791	0.101991592712687	undirected	NA	NA
4332	11640	0.235858147926565	undirected	NA	NA
4332	11861	0.0646606089619873	undirected	NA	NA
4332	11893	0.190257603055266	undirected	NA	NA
4332	11982	0.0923129899026809	undirected	NA	NA
4332	12621	0.0632267024299151	undirected	NA	NA
4332	12907	0.206115222151727	undirected	NA	NA
4332	14490	0.327454868093581	undirected	NA	NA
4332	15084	0.203687060608273	undirected	NA	NA
4332	15710	0.129769639991555	undirected	NA	NA
4446	4456	0.270244317359943	undirected	NA	NA
4446	5554	0.311765014846562	undirected	NA	NA
4446	5884	0.269725926237655	undirected	NA	NA
4446	6194	0.372518915350549	undirected	NA	NA
4446	7542	0.379926010494301	undirected	NA	NA
4446	8061	0.361591320065114	undirected	NA	NA
4446	8452	0.222768888079132	undirected	NA	NA
4446	8597	0.276356129983517	undirected	NA	NA
4446	9065	0.221318291985506	undirected	NA	NA
4446	9089	0.297783252247563	undirected	NA	NA
4446	9136	0.384697411135009	undirected	NA	NA
4446	9906	0.253234439822649	undirected	NA	NA
4446	10494	0.311698803268639	undirected	NA	NA
4446	10791	0.140697892376163	undirected	NA	NA
4446	11640	0.336146627797342	undirected	NA	NA
4446	11861	0.0820197607572184	undirected	NA	NA
4446	11893	0.279016726707367	undirected	NA	NA
4446	11982	0.1453119847439	undirected	NA	NA
4446	12621	0.104236790862262	undirected	NA	NA
4446	12907	0.337327975258705	undirected	NA	NA
4446	14490	0.349117569097488	undirected	NA	NA
4446	15084	0.196696434276259	undirected	NA	NA
4446	15710	0.208948090241399	undirected	NA	NA
4456	5554	0.170744472964496	undirected	NA	NA
4456	5884	0.121859688856911	undirected	NA	NA
4456	6194	0.2498157807369	undirected	NA	NA
4456	7542	0.241039783188824	undirected	NA	NA
4456	8061	0.21320383563379	undirected	NA	NA
4456	8452	0.145567144929708	undirected	NA	NA
4456	8597	0.156066589781979	undirected	NA	NA
4456	9065	0.15137124413998	undirected	NA	NA
4456	9089	0.165181731480364	undirected	NA	NA
4456	9136	0.235471238856385	undirected	NA	NA
4456	9906	0.123387885849211	undirected	NA	NA
4456	10494	0.262270361763276	undirected	NA	NA
4456	10791	0.0952692399680663	undirected	NA	NA
4456	11640	0.266053963795043	undirected	NA	NA
4456	11861	0.0561790226142884	undirected	NA	NA
4456	11893	0.140649988233766	undirected	NA	NA
4456	11982	0.0776438468662858	undirected	NA	NA
4456	12621	0.0535089554345707	undirected	NA	NA
4456	12907	0.19693986103717	undirected	NA	NA
4456	14490	0.300238111362476	undirected	NA	NA
4456	15084	0.255196844186196	undirected	NA	NA
4456	15710	0.112367314883838	undirected	NA	NA
5554	5884	0.218923180465445	undirected	NA	NA
5554	6194	0.265178114012073	undirected	NA	NA
5554	7542	0.346683985111525	undirected	NA	NA
5554	8061	0.257625454891455	undirected	NA	NA
5554	8452	0.323029557410678	undirected	NA	NA
5554	8597	0.182233604447541	undirected	NA	NA
5554	9065	0.30785292810272	undirected	NA	NA
5554	9089	0.261064886859375	undirected	NA	NA
5554	9136	0.300727378083838	undirected	NA	NA
5554	9906	0.140030460592396	undirected	NA	NA
5554	10494	0.124114801994489	undirected	NA	NA
5554	10791	0.356495597927466	undirected	NA	NA
5554	11640	0.198547438686304	undirected	NA	NA
5554	11861	0.359989907447391	undirected	NA	NA
5554	11893	0.152568620231839	undirected	NA	NA
5554	11982	0.266590288340467	undirected	NA	NA
5554	12621	0.333593933127249	undirected	NA	NA
5554	12907	0.233282143371563	undirected	NA	NA
5554	14490	0.311892480398327	undirected	NA	NA
5554	15084	0.14139426008681	undirected	NA	NA
5554	15710	0.313637881655392	undirected	NA	NA
5884	6194	0.214726044810106	undirected	NA	NA
5884	7542	0.247477355336685	undirected	NA	NA
5884	8061	0.274418636105215	undirected	NA	NA
5884	8452	0.262453121583069	undirected	NA	NA
5884	8597	0.24713831469117	undirected	NA	NA
5884	9065	0.256117106862411	undirected	NA	NA
5884	9089	0.226320864439258	undirected	NA	NA
5884	9136	0.26599272573314	undirected	NA	NA
5884	9906	0.190102997564989	undirected	NA	NA
5884	10494	0.115653882370992	undirected	NA	NA
5884	10791	0.305652907969755	undirected	NA	NA
5884	11640	0.168273751734804	undirected	NA	NA
5884	11861	0.313460292464809	undirected	NA	NA
5884	11893	0.190289210184658	undirected	NA	NA
5884	11982	0.306478128367404	undirected	NA	NA
5884	12621	0.308170459340343	undirected	NA	NA
5884	12907	0.266786356892959	undirected	NA	NA
5884	14490	0.273142029693687	undirected	NA	NA
5884	15084	0.0888143697862928	undirected	NA	NA
5884	15710	0.278799655039379	undirected	NA	NA
6194	7542	0.345143898561113	undirected	NA	NA
6194	8061	0.257710613460501	undirected	NA	NA
6194	8452	0.294391801462591	undirected	NA	NA
6194	8597	0.206138793655662	undirected	NA	NA
6194	9065	0.28110454473258	undirected	NA	NA
6194	9089	0.252257021126719	undirected	NA	NA
6194	9136	0.300314157731919	undirected	NA	NA
6194	9906	0.143172981477734	undirected	NA	NA
6194	10494	0.191179285360684	undirected	NA	NA
6194	10791	0.288757561412038	undirected	NA	NA
6194	11640	0.239524823735802	undirected	NA	NA
6194	11861	0.24709291745244	undirected	NA	NA
6194	11893	0.182063746033636	undirected	NA	NA
6194	11982	0.233890699194003	undirected	NA	NA
6194	12621	0.211849296718625	undirected	NA	NA
6194	12907	0.227966698227191	undirected	NA	NA
6194	14490	0.422305408217021	undirected	NA	NA
6194	15084	0.251323725278696	undirected	NA	NA
6194	15710	0.240373362463029	undirected	NA	NA
7542	8061	0.267639022685902	undirected	NA	NA
7542	8452	0.31677595121803	undirected	NA	NA
7542	8597	0.221083711003649	undirected	NA	NA
7542	9065	0.303877103990785	undirected	NA	NA
7542	9089	0.315537673750641	undirected	NA	NA
7542	9136	0.314858915785569	undirected	NA	NA
7542	9906	0.177493402253956	undirected	NA	NA
7542	10494	0.24949024617997	undirected	NA	NA
7542	10791	0.257894654795965	undirected	NA	NA
7542	11640	0.280730772993015	undirected	NA	NA
7542	11861	0.192832876382582	undirected	NA	NA
7542	11893	0.178583636152834	undirected	NA	NA
7542	11982	0.201904421974371	undirected	NA	NA
7542	12621	0.192602793809378	undirected	NA	NA
7542	12907	0.26451206491094	undirected	NA	NA
7542	14490	0.405045641211093	undirected	NA	NA
7542	15084	0.278376780935576	undirected	NA	NA
7542	15710	0.272283625598671	undirected	NA	NA
8061	8452	0.285968631163691	undirected	NA	NA
8061	8597	0.288303423531854	undirected	NA	NA
8061	9065	0.289893322152633	undirected	NA	NA
8061	9089	0.278200226579837	undirected	NA	NA
8061	9136	0.258050896358179	undirected	NA	NA
8061	9906	0.248779855906037	undirected	NA	NA
8061	10494	0.237237036589768	undirected	NA	NA
8061	10791	0.267824963218431	undirected	NA	NA
8061	11640	0.229207233080459	undirected	NA	NA
8061	11861	0.222587043353161	undirected	NA	NA
8061	11893	0.239131463988294	undirected	NA	NA
8061	11982	0.265765611555077	undirected	NA	NA
8061	12621	0.204963574459711	undirected	NA	NA
8061	12907	0.27924098273909	undirected	NA	NA
8061	14490	0.398751314509358	undirected	NA	NA
8061	15084	0.211188745580877	undirected	NA	NA
8061	15710	0.258989252399961	undirected	NA	NA
8452	8597	0.239813749784998	undirected	NA	NA
8452	9065	0.291012718798219	undirected	NA	NA
8452	9089	0.308234208746615	undirected	NA	NA
8452	9136	0.319058452080674	undirected	NA	NA
8452	9906	0.115001979688818	undirected	NA	NA
8452	10494	0.14961483214465	undirected	NA	NA
8452	10791	0.385908563327028	undirected	NA	NA
8452	11640	0.223009592769655	undirected	NA	NA
8452	11861	0.429119419888347	undirected	NA	NA
8452	11893	0.115151810988302	undirected	NA	NA
8452	11982	0.276872323680216	undirected	NA	NA
8452	12621	0.345601010267806	undirected	NA	NA
8452	12907	0.27827726692526	undirected	NA	NA
8452	14490	0.230653859625529	undirected	NA	NA
8452	15084	0.134932723252584	undirected	NA	NA
8452	15710	0.281269464192884	undirected	NA	NA
8597	9065	0.244136735502755	undirected	NA	NA
8597	9089	0.213596022295749	undirected	NA	NA
8597	9136	0.257901150529094	undirected	NA	NA
8597	9906	0.223527456512067	undirected	NA	NA
8597	10494	0.157335272007131	undirected	NA	NA
8597	10791	0.26360598377306	undirected	NA	NA
8597	11640	0.200944657090311	undirected	NA	NA
8597	11861	0.245502391220979	undirected	NA	NA
8597	11893	0.21765368624004	undirected	NA	NA
8597	11982	0.294791852290143	undirected	NA	NA
8597	12621	0.215105638855123	undirected	NA	NA
8597	12907	0.280930660242105	undirected	NA	NA
8597	14490	0.310682714640983	undirected	NA	NA
8597	15084	0.141314871797087	undirected	NA	NA
8597	15710	0.224771900165325	undirected	NA	NA
9065	9089	0.305184099084036	undirected	NA	NA
9065	9136	0.310347169858976	undirected	NA	NA
9065	9906	0.127645680644033	undirected	NA	NA
9065	10494	0.162777044337275	undirected	NA	NA
9065	10791	0.334359630369506	undirected	NA	NA
9065	11640	0.225745386526562	undirected	NA	NA
9065	11861	0.366378469113375	undirected	NA	NA
9065	11893	0.125874276934763	undirected	NA	NA
9065	11982	0.24044417311658	undirected	NA	NA
9065	12621	0.295889612385829	undirected	NA	NA
9065	12907	0.278805041126266	undirected	NA	NA
9065	14490	0.226625177068267	undirected	NA	NA
9065	15084	0.127663578696114	undirected	NA	NA
9065	15710	0.265618941843098	undirected	NA	NA
9089	9136	0.296308196315749	undirected	NA	NA
9089	9906	0.170260687174363	undirected	NA	NA
9089	10494	0.142199182977393	undirected	NA	NA
9089	10791	0.340208973327096	undirected	NA	NA
9089	11640	0.202217785617408	undirected	NA	NA
9089	11861	0.345880773392473	undirected	NA	NA
9089	11893	0.175086451008067	undirected	NA	NA
9089	11982	0.267546381876675	undirected	NA	NA
9089	12621	0.317370900300935	undirected	NA	NA
9089	12907	0.254810814414645	undirected	NA	NA
9089	14490	0.295087509371757	undirected	NA	NA
9089	15084	0.131802351518311	undirected	NA	NA
9089	15710	0.309958539545116	undirected	NA	NA
9136	9906	0.199992273920778	undirected	NA	NA
9136	10494	0.230827211030901	undirected	NA	NA
9136	10791	0.29840145410806	undirected	NA	NA
9136	11640	0.248592401546778	undirected	NA	NA
9136	11861	0.247463237970862	undirected	NA	NA
9136	11893	0.209719278444167	undirected	NA	NA
9136	11982	0.262074120321188	undirected	NA	NA
9136	12621	0.225883544033649	undirected	NA	NA
9136	12907	0.273006140260746	undirected	NA	NA
9136	14490	0.425981873826974	undirected	NA	NA
9136	15084	0.24841029386983	undirected	NA	NA
9136	15710	0.275245423294957	undirected	NA	NA
9906	10494	0.135860911072557	undirected	NA	NA
9906	10791	0.110303873595379	undirected	NA	NA
9906	11640	0.146009734132168	undirected	NA	NA
9906	11861	0.102055173846923	undirected	NA	NA
9906	11893	0.254312124198669	undirected	NA	NA
9906	11982	0.123130134798892	undirected	NA	NA
9906	12621	0.107949932056453	undirected	NA	NA
9906	12907	0.227467526846185	undirected	NA	NA
9906	14490	0.243292272499551	undirected	NA	NA
9906	15084	0.0471965685335802	undirected	NA	NA
9906	15710	0.135952381612649	undirected	NA	NA
10494	10791	0.130999906013525	undirected	NA	NA
10494	11640	0.224598919464124	undirected	NA	NA
10494	11861	0.105418135664132	undirected	NA	NA
10494	11893	0.209990185352589	undirected	NA	NA
10494	11982	0.109366258488066	undirected	NA	NA
10494	12621	0.085696264385951	undirected	NA	NA
10494	12907	0.202157038454939	undirected	NA	NA
10494	14490	0.345066814470817	undirected	NA	NA
10494	15084	0.177746063615428	undirected	NA	NA
10494	15710	0.127343325018495	undirected	NA	NA
10791	11640	0.199992462667704	undirected	NA	NA
10791	11861	0.402000365400716	undirected	NA	NA
10791	11893	0.0710039879590831	undirected	NA	NA
10791	11982	0.311342745374182	undirected	NA	NA
10791	12621	0.299591569422086	undirected	NA	NA
10791	12907	0.283447161768807	undirected	NA	NA
10791	14490	0.150398522195817	undirected	NA	NA
10791	15084	0.0984620972496385	undirected	NA	NA
10791	15710	0.334058307010334	undirected	NA	NA
11640	11861	0.155964360313872	undirected	NA	NA
11640	11893	0.186472081851301	undirected	NA	NA
11640	11982	0.166422399860396	undirected	NA	NA
11640	12621	0.127060156819826	undirected	NA	NA
11640	12907	0.2150701674584	undirected	NA	NA
11640	14490	0.389015935235805	undirected	NA	NA
11640	15084	0.27171853318719	undirected	NA	NA
11640	15710	0.173947188641588	undirected	NA	NA
11861	11893	0.0418179461727437	undirected	NA	NA
11861	11982	0.369533070304805	undirected	NA	NA
11861	12621	0.364831790923403	undirected	NA	NA
11861	12907	0.249125073048896	undirected	NA	NA
11861	14490	0.086233396000792	undirected	NA	NA
11861	15084	0.0905563493371046	undirected	NA	NA
11861	15710	0.37008556382273	undirected	NA	NA
11893	11982	0.0959672764051297	undirected	NA	NA
11893	12621	0.0552021240083335	undirected	NA	NA
11893	12907	0.228054367883384	undirected	NA	NA
11893	14490	0.285240311282612	undirected	NA	NA
11893	15084	0.0899994715240953	undirected	NA	NA
11893	15710	0.122975372643965	undirected	NA	NA
11982	12621	0.293664569944046	undirected	NA	NA
11982	12907	0.290942093453332	undirected	NA	NA
11982	14490	0.158774158359321	undirected	NA	NA
11982	15084	0.0677728432927596	undirected	NA	NA
11982	15710	0.253509790676012	undirected	NA	NA
12621	12907	0.220669898960657	undirected	NA	NA
12621	14490	0.102207439593465	undirected	NA	NA
12621	15084	0.0587336265920764	undirected	NA	NA
12621	15710	0.332952417837733	undirected	NA	NA
12907	14490	0.380079157983282	undirected	NA	NA
12907	15084	0.191059686330268	undirected	NA	NA
12907	15710	0.249603482046004	undirected	NA	NA
14490	15084	0.235277814347073	undirected	NA	NA
14490	15710	0.200460046779725	undirected	NA	NA
15084	15710	0.0903576946536728	undirected	NA	NA
