fromNode	toNode	weight	direction	fromAltName	toAltName
443	563	0.271063782815301	undirected	NA	NA
443	1091	0.148329328091313	undirected	NA	NA
443	1092	0.183863003211235	undirected	NA	NA
443	1122	0.260392871687871	undirected	NA	NA
443	1226	0.212486447131295	undirected	NA	NA
443	1392	0.0854499051259257	undirected	NA	NA
443	1797	0.157144360889989	undirected	NA	NA
443	1866	0.0815608219901588	undirected	NA	NA
443	1896	0.16996478526667	undirected	NA	NA
443	1919	0.0580118296928332	undirected	NA	NA
443	2560	0.194941781511771	undirected	NA	NA
443	2621	0.0856478779390863	undirected	NA	NA
443	2850	0.280706829330618	undirected	NA	NA
443	3188	0.19934072479946	undirected	NA	NA
443	3879	0.171709928670015	undirected	NA	NA
443	4020	0.264156007039899	undirected	NA	NA
443	4091	0.223185732631166	undirected	NA	NA
443	4256	0.147298812005463	undirected	NA	NA
443	4523	0.211644702421407	undirected	NA	NA
443	4756	0.147399152025461	undirected	NA	NA
443	5231	0.149659455350208	undirected	NA	NA
443	5446	0.175186644392946	undirected	NA	NA
443	5491	0.170307930582101	undirected	NA	NA
443	5623	0.100894207911224	undirected	NA	NA
443	5790	0.058587470358086	undirected	NA	NA
443	6040	0.226275092824023	undirected	NA	NA
443	6156	0.265718473291652	undirected	NA	NA
443	6220	0.260127225261017	undirected	NA	NA
443	6374	0.299326400773804	undirected	NA	NA
443	6734	0.281666447017197	undirected	NA	NA
443	6865	0.078334726488044	undirected	NA	NA
443	6889	0.160677131946836	undirected	NA	NA
443	6896	0.246102356726967	undirected	NA	NA
443	6981	0.222651926687664	undirected	NA	NA
443	7467	0.207788035953999	undirected	NA	NA
443	7608	0.164270120414127	undirected	NA	NA
443	8106	0.242106187114586	undirected	NA	NA
443	8231	0.149288129849441	undirected	NA	NA
443	8324	0.174935238411596	undirected	NA	NA
443	8369	0.279152258229452	undirected	NA	NA
443	8457	0.1513957090671	undirected	NA	NA
443	9083	0.130961715507192	undirected	NA	NA
443	9395	0.244382476103227	undirected	NA	NA
443	9489	0.179497899623685	undirected	NA	NA
443	9717	0.253704915887899	undirected	NA	NA
443	9764	0.0966966910754712	undirected	NA	NA
443	10153	0.282461815325063	undirected	NA	NA
443	11158	0.210811477076429	undirected	NA	NA
443	11230	0.261773508358085	undirected	NA	NA
443	12003	0.11793404593955	undirected	NA	NA
443	12362	0.272144130123113	undirected	NA	NA
443	12423	0.250168026690476	undirected	NA	NA
443	12529	0.173418281461619	undirected	NA	NA
443	12558	0.190056182295503	undirected	NA	NA
443	12728	0.159383886209943	undirected	NA	NA
443	13369	0.248311572266701	undirected	NA	NA
443	13479	0.258108869945986	undirected	NA	NA
443	13480	0.24466530157421	undirected	NA	NA
443	13498	0.0837998262821204	undirected	NA	NA
443	13815	0.25673761251125	undirected	NA	NA
443	14717	0.306826133496357	undirected	NA	NA
443	14768	0.253194600642533	undirected	NA	NA
563	1091	0.164732937545572	undirected	NA	NA
563	1092	0.147685878772101	undirected	NA	NA
563	1122	0.257012042735691	undirected	NA	NA
563	1226	0.213090625258181	undirected	NA	NA
563	1392	0.0392800982062171	undirected	NA	NA
563	1797	0.0920759302108988	undirected	NA	NA
563	1866	0.0405012652360951	undirected	NA	NA
563	1896	0.121430545717039	undirected	NA	NA
563	1919	0.0284677134559302	undirected	NA	NA
563	2560	0.273640626581316	undirected	NA	NA
563	2621	0.0528462418963253	undirected	NA	NA
563	2850	0.206978399411395	undirected	NA	NA
563	3188	0.233393593637063	undirected	NA	NA
563	3879	0.129337307031937	undirected	NA	NA
563	4020	0.262558776044958	undirected	NA	NA
563	4091	0.177962829523641	undirected	NA	NA
563	4256	0.116101914478729	undirected	NA	NA
563	4523	0.134960027064225	undirected	NA	NA
563	4756	0.189804865494586	undirected	NA	NA
563	5231	0.0853252335125599	undirected	NA	NA
563	5446	0.124484877631848	undirected	NA	NA
563	5491	0.216816769351966	undirected	NA	NA
563	5623	0.0562148055259745	undirected	NA	NA
563	5790	0.0355664586681539	undirected	NA	NA
563	6040	0.258222814651076	undirected	NA	NA
563	6156	0.195786882808663	undirected	NA	NA
563	6220	0.179178327922997	undirected	NA	NA
563	6374	0.228046937681276	undirected	NA	NA
563	6734	0.268341712335168	undirected	NA	NA
563	6865	0.114216148011436	undirected	NA	NA
563	6889	0.113373175905613	undirected	NA	NA
563	6896	0.186681810286057	undirected	NA	NA
563	6981	0.247810632336632	undirected	NA	NA
563	7467	0.224216063814228	undirected	NA	NA
563	7608	0.101827467358594	undirected	NA	NA
563	8106	0.229708757034845	undirected	NA	NA
563	8231	0.189174786564502	undirected	NA	NA
563	8324	0.201762256905504	undirected	NA	NA
563	8369	0.276165699968441	undirected	NA	NA
563	8457	0.20862325140614	undirected	NA	NA
563	9083	0.199169827651023	undirected	NA	NA
563	9395	0.20878512256009	undirected	NA	NA
563	9489	0.10779295476982	undirected	NA	NA
563	9717	0.17204994246035	undirected	NA	NA
563	9764	0.0554998428620634	undirected	NA	NA
563	10153	0.219382200946412	undirected	NA	NA
563	11158	0.247501328668957	undirected	NA	NA
563	11230	0.184138393417708	undirected	NA	NA
563	12003	0.193919251410189	undirected	NA	NA
563	12362	0.195012370769792	undirected	NA	NA
563	12423	0.17286425741694	undirected	NA	NA
563	12529	0.141448513176795	undirected	NA	NA
563	12558	0.234901774766008	undirected	NA	NA
563	12728	0.122761139408558	undirected	NA	NA
563	13369	0.193719918706034	undirected	NA	NA
563	13479	0.21641972686751	undirected	NA	NA
563	13480	0.192972895844795	undirected	NA	NA
563	13498	0.125863143407451	undirected	NA	NA
563	13815	0.183236149536663	undirected	NA	NA
563	14717	0.248249912223726	undirected	NA	NA
563	14768	0.247717535810356	undirected	NA	NA
1091	1092	0.227493503752318	undirected	NA	NA
1091	1122	0.154699821615645	undirected	NA	NA
1091	1226	0.132570187461416	undirected	NA	NA
1091	1392	0.136328298863368	undirected	NA	NA
1091	1797	0.19575366253449	undirected	NA	NA
1091	1866	0.149143262323215	undirected	NA	NA
1091	1896	0.169295371770388	undirected	NA	NA
1091	1919	0.100537349238068	undirected	NA	NA
1091	2560	0.122807135749796	undirected	NA	NA
1091	2621	0.148533458698788	undirected	NA	NA
1091	2850	0.200771349465823	undirected	NA	NA
1091	3188	0.118864198524405	undirected	NA	NA
1091	3879	0.201395043034635	undirected	NA	NA
1091	4020	0.163302947544887	undirected	NA	NA
1091	4091	0.250733291058236	undirected	NA	NA
1091	4256	0.208878453501539	undirected	NA	NA
1091	4523	0.216299242034987	undirected	NA	NA
1091	4756	0.0622085148723479	undirected	NA	NA
1091	5231	0.202069727183368	undirected	NA	NA
1091	5446	0.247613404167558	undirected	NA	NA
1091	5491	0.0856890659168021	undirected	NA	NA
1091	5623	0.158283114734265	undirected	NA	NA
1091	5790	0.144711476190899	undirected	NA	NA
1091	6040	0.172603406245289	undirected	NA	NA
1091	6156	0.176997844574152	undirected	NA	NA
1091	6220	0.225270915555048	undirected	NA	NA
1091	6374	0.219298281959195	undirected	NA	NA
1091	6734	0.138400556793216	undirected	NA	NA
1091	6865	0.0299499731081044	undirected	NA	NA
1091	6889	0.165610270815386	undirected	NA	NA
1091	6896	0.154515321869193	undirected	NA	NA
1091	6981	0.0981495383696919	undirected	NA	NA
1091	7467	0.0919816541874321	undirected	NA	NA
1091	7608	0.167447605511632	undirected	NA	NA
1091	8106	0.105294510248181	undirected	NA	NA
1091	8231	0.221323632056316	undirected	NA	NA
1091	8324	0.117551909023367	undirected	NA	NA
1091	8369	0.155221874632155	undirected	NA	NA
1091	8457	0.0971421235970476	undirected	NA	NA
1091	9083	0.101009287963729	undirected	NA	NA
1091	9395	0.104190423083784	undirected	NA	NA
1091	9489	0.212231349762933	undirected	NA	NA
1091	9717	0.198683935420669	undirected	NA	NA
1091	9764	0.12642031809875	undirected	NA	NA
1091	10153	0.195940263661588	undirected	NA	NA
1091	11158	0.0981440782600198	undirected	NA	NA
1091	11230	0.197541170588156	undirected	NA	NA
1091	12003	0.0615700962852991	undirected	NA	NA
1091	12362	0.195234099874064	undirected	NA	NA
1091	12423	0.189212362468909	undirected	NA	NA
1091	12529	0.21531443399425	undirected	NA	NA
1091	12558	0.110201791471457	undirected	NA	NA
1091	12728	0.148932798845364	undirected	NA	NA
1091	13369	0.194662531134193	undirected	NA	NA
1091	13479	0.188308606049397	undirected	NA	NA
1091	13480	0.151211588412767	undirected	NA	NA
1091	13498	0.0326637482724835	undirected	NA	NA
1091	13815	0.181448539466411	undirected	NA	NA
1091	14717	0.225462441850922	undirected	NA	NA
1091	14768	0.128385434244198	undirected	NA	NA
1092	1122	0.159450353638382	undirected	NA	NA
1092	1226	0.198771835541183	undirected	NA	NA
1092	1392	0.177071004994788	undirected	NA	NA
1092	1797	0.270163051414098	undirected	NA	NA
1092	1866	0.205485150104647	undirected	NA	NA
1092	1896	0.250293208904865	undirected	NA	NA
1092	1919	0.167728079418117	undirected	NA	NA
1092	2560	0.115538211956576	undirected	NA	NA
1092	2621	0.207337478008058	undirected	NA	NA
1092	2850	0.269807815669926	undirected	NA	NA
1092	3188	0.119915842186733	undirected	NA	NA
1092	3879	0.263114020104885	undirected	NA	NA
1092	4020	0.153553336270504	undirected	NA	NA
1092	4091	0.289490845012262	undirected	NA	NA
1092	4256	0.248672202459175	undirected	NA	NA
1092	4523	0.283619319275298	undirected	NA	NA
1092	4756	0.0873919156538484	undirected	NA	NA
1092	5231	0.262781839979671	undirected	NA	NA
1092	5446	0.287259224085162	undirected	NA	NA
1092	5491	0.0865656961938156	undirected	NA	NA
1092	5623	0.220666597632588	undirected	NA	NA
1092	5790	0.193419453902109	undirected	NA	NA
1092	6040	0.189913601920383	undirected	NA	NA
1092	6156	0.240272728987271	undirected	NA	NA
1092	6220	0.298488541072232	undirected	NA	NA
1092	6374	0.280329281764965	undirected	NA	NA
1092	6734	0.174634210940743	undirected	NA	NA
1092	6865	0.0381902741531489	undirected	NA	NA
1092	6889	0.256148170571493	undirected	NA	NA
1092	6896	0.212873855929483	undirected	NA	NA
1092	6981	0.131285898059316	undirected	NA	NA
1092	7467	0.113570348749898	undirected	NA	NA
1092	7608	0.242799913881588	undirected	NA	NA
1092	8106	0.110975125902055	undirected	NA	NA
1092	8231	0.221765279521001	undirected	NA	NA
1092	8324	0.123319821521724	undirected	NA	NA
1092	8369	0.147753146702184	undirected	NA	NA
1092	8457	0.0995426121104253	undirected	NA	NA
1092	9083	0.0998274411509341	undirected	NA	NA
1092	9395	0.133459775709433	undirected	NA	NA
1092	9489	0.286158802135417	undirected	NA	NA
1092	9717	0.271041541560809	undirected	NA	NA
1092	9764	0.206091844709561	undirected	NA	NA
1092	10153	0.262617232565009	undirected	NA	NA
1092	11158	0.141043104746924	undirected	NA	NA
1092	11230	0.270321026164192	undirected	NA	NA
1092	12003	0.0589733970031541	undirected	NA	NA
1092	12362	0.262778895624064	undirected	NA	NA
1092	12423	0.259778827232769	undirected	NA	NA
1092	12529	0.245546546574469	undirected	NA	NA
1092	12558	0.109926972354808	undirected	NA	NA
1092	12728	0.21273318251611	undirected	NA	NA
1092	13369	0.254677270103584	undirected	NA	NA
1092	13479	0.256876593542762	undirected	NA	NA
1092	13480	0.218554215746894	undirected	NA	NA
1092	13498	0.0423945514771338	undirected	NA	NA
1092	13815	0.251508701210998	undirected	NA	NA
1092	14717	0.251681964130119	undirected	NA	NA
1092	14768	0.171234699766964	undirected	NA	NA
1122	1226	0.24975617305049	undirected	NA	NA
1122	1392	0.0310317256934411	undirected	NA	NA
1122	1797	0.127154811001555	undirected	NA	NA
1122	1866	0.0585030544944746	undirected	NA	NA
1122	1896	0.152658176445743	undirected	NA	NA
1122	1919	0.0459159592567446	undirected	NA	NA
1122	2560	0.281833737116514	undirected	NA	NA
1122	2621	0.0693985711632622	undirected	NA	NA
1122	2850	0.272370150399368	undirected	NA	NA
1122	3188	0.298431754540458	undirected	NA	NA
1122	3879	0.145573378321815	undirected	NA	NA
1122	4020	0.238200229681051	undirected	NA	NA
1122	4091	0.207182148835575	undirected	NA	NA
1122	4256	0.13795235567533	undirected	NA	NA
1122	4523	0.196712179445851	undirected	NA	NA
1122	4756	0.187588031537203	undirected	NA	NA
1122	5231	0.122796345151416	undirected	NA	NA
1122	5446	0.152479504632209	undirected	NA	NA
1122	5491	0.270067046910281	undirected	NA	NA
1122	5623	0.0898223929412541	undirected	NA	NA
1122	5790	0.0380562191355815	undirected	NA	NA
1122	6040	0.203126697375983	undirected	NA	NA
1122	6156	0.267285434807976	undirected	NA	NA
1122	6220	0.230516680549692	undirected	NA	NA
1122	6374	0.278979651272571	undirected	NA	NA
1122	6734	0.328821172502734	undirected	NA	NA
1122	6865	0.193271607738888	undirected	NA	NA
1122	6889	0.146593225464295	undirected	NA	NA
1122	6896	0.261468199195978	undirected	NA	NA
1122	6981	0.302885856708089	undirected	NA	NA
1122	7467	0.280774317735551	undirected	NA	NA
1122	7608	0.161631943827548	undirected	NA	NA
1122	8106	0.238433751699234	undirected	NA	NA
1122	8231	0.151142360729971	undirected	NA	NA
1122	8324	0.278901251893326	undirected	NA	NA
1122	8369	0.261065813729284	undirected	NA	NA
1122	8457	0.256668923297878	undirected	NA	NA
1122	9083	0.258801706162809	undirected	NA	NA
1122	9395	0.199829220682625	undirected	NA	NA
1122	9489	0.150661523959383	undirected	NA	NA
1122	9717	0.23276049398117	undirected	NA	NA
1122	9764	0.0835051207677985	undirected	NA	NA
1122	10153	0.27559801747838	undirected	NA	NA
1122	11158	0.279213857421078	undirected	NA	NA
1122	11230	0.243397117964154	undirected	NA	NA
1122	12003	0.251183611281542	undirected	NA	NA
1122	12362	0.257452132080867	undirected	NA	NA
1122	12423	0.23037572920666	undirected	NA	NA
1122	12529	0.180327462002435	undirected	NA	NA
1122	12558	0.296675280074981	undirected	NA	NA
1122	12728	0.168954477836362	undirected	NA	NA
1122	13369	0.255344438403141	undirected	NA	NA
1122	13479	0.229273850702665	undirected	NA	NA
1122	13480	0.265741049873763	undirected	NA	NA
1122	13498	0.224888386241289	undirected	NA	NA
1122	13815	0.252807776557311	undirected	NA	NA
1122	14717	0.310251310880534	undirected	NA	NA
1122	14768	0.312200219919182	undirected	NA	NA
1226	1392	0.09138826245559	undirected	NA	NA
1226	1797	0.198459872688957	undirected	NA	NA
1226	1866	0.101714365690636	undirected	NA	NA
1226	1896	0.236974830981426	undirected	NA	NA
1226	1919	0.091253440554921	undirected	NA	NA
1226	2560	0.208310474242331	undirected	NA	NA
1226	2621	0.137416965770623	undirected	NA	NA
1226	2850	0.325686521083363	undirected	NA	NA
1226	3188	0.199741886542544	undirected	NA	NA
1226	3879	0.217198856413551	undirected	NA	NA
1226	4020	0.2399933701868	undirected	NA	NA
1226	4091	0.282193051833045	undirected	NA	NA
1226	4256	0.221974075432099	undirected	NA	NA
1226	4523	0.245517649029201	undirected	NA	NA
1226	4756	0.182754625355309	undirected	NA	NA
1226	5231	0.170110822781596	undirected	NA	NA
1226	5446	0.185616516300865	undirected	NA	NA
1226	5491	0.172203271474766	undirected	NA	NA
1226	5623	0.135943697687634	undirected	NA	NA
1226	5790	0.0811893373747866	undirected	NA	NA
1226	6040	0.177727037322057	undirected	NA	NA
1226	6156	0.289852152184952	undirected	NA	NA
1226	6220	0.30247660542892	undirected	NA	NA
1226	6374	0.332969343819107	undirected	NA	NA
1226	6734	0.288658781150132	undirected	NA	NA
1226	6865	0.107978265092771	undirected	NA	NA
1226	6889	0.224476876129531	undirected	NA	NA
1226	6896	0.263915649143863	undirected	NA	NA
1226	6981	0.260510798131081	undirected	NA	NA
1226	7467	0.244778296718145	undirected	NA	NA
1226	7608	0.21883833185983	undirected	NA	NA
1226	8106	0.233026475144068	undirected	NA	NA
1226	8231	0.120338507983696	undirected	NA	NA
1226	8324	0.19746767096218	undirected	NA	NA
1226	8369	0.231642378783213	undirected	NA	NA
1226	8457	0.191049055561783	undirected	NA	NA
1226	9083	0.169476140928624	undirected	NA	NA
1226	9395	0.168552488902065	undirected	NA	NA
1226	9489	0.219189701138874	undirected	NA	NA
1226	9717	0.286110032419718	undirected	NA	NA
1226	9764	0.150000675203979	undirected	NA	NA
1226	10153	0.333915317490152	undirected	NA	NA
1226	11158	0.243314061797616	undirected	NA	NA
1226	11230	0.299457178086954	undirected	NA	NA
1226	12003	0.123486199310193	undirected	NA	NA
1226	12362	0.299681284200915	undirected	NA	NA
1226	12423	0.278188225434517	undirected	NA	NA
1226	12529	0.247631852246124	undirected	NA	NA
1226	12558	0.191435638820918	undirected	NA	NA
1226	12728	0.253400863772307	undirected	NA	NA
1226	13369	0.330786182757964	undirected	NA	NA
1226	13479	0.253412140846119	undirected	NA	NA
1226	13480	0.28339403219313	undirected	NA	NA
1226	13498	0.10129942484974	undirected	NA	NA
1226	13815	0.293263277226543	undirected	NA	NA
1226	14717	0.323433238078367	undirected	NA	NA
1226	14768	0.299196570237498	undirected	NA	NA
1392	1797	0.160267117201681	undirected	NA	NA
1392	1866	0.142772398843023	undirected	NA	NA
1392	1896	0.164875953759945	undirected	NA	NA
1392	1919	0.117318470903103	undirected	NA	NA
1392	2560	0.0199897398132805	undirected	NA	NA
1392	2621	0.16742320985621	undirected	NA	NA
1392	2850	0.114923473623097	undirected	NA	NA
1392	3188	0.0181458178487916	undirected	NA	NA
1392	3879	0.190648104097066	undirected	NA	NA
1392	4020	0.0457043370450215	undirected	NA	NA
1392	4091	0.129813545092237	undirected	NA	NA
1392	4256	0.129576570429922	undirected	NA	NA
1392	4523	0.116203986665358	undirected	NA	NA
1392	4756	0.0451702300411911	undirected	NA	NA
1392	5231	0.132723504899819	undirected	NA	NA
1392	5446	0.146540096285128	undirected	NA	NA
1392	5491	0.012362507738975	undirected	NA	NA
1392	5623	0.113288330806118	undirected	NA	NA
1392	5790	0.191934880591553	undirected	NA	NA
1392	6040	0.0978553351188114	undirected	NA	NA
1392	6156	0.0973611656843568	undirected	NA	NA
1392	6220	0.143083467824408	undirected	NA	NA
1392	6374	0.122494531036187	undirected	NA	NA
1392	6734	0.0609300460570735	undirected	NA	NA
1392	6865	0.00729749629996017	undirected	NA	NA
1392	6889	0.158917702143581	undirected	NA	NA
1392	6896	0.0842236892470635	undirected	NA	NA
1392	6981	0.0496216977914218	undirected	NA	NA
1392	7467	0.0333255598025188	undirected	NA	NA
1392	7608	0.108877238904194	undirected	NA	NA
1392	8106	0.030698487675008	undirected	NA	NA
1392	8231	0.12361106454863	undirected	NA	NA
1392	8324	0.0191683634981988	undirected	NA	NA
1392	8369	0.0453306398711519	undirected	NA	NA
1392	8457	0.0158394080290553	undirected	NA	NA
1392	9083	0.0134810416416484	undirected	NA	NA
1392	9395	0.0432324476159635	undirected	NA	NA
1392	9489	0.148658101738378	undirected	NA	NA
1392	9717	0.123171317171152	undirected	NA	NA
1392	9764	0.136708000232963	undirected	NA	NA
1392	10153	0.118499900132406	undirected	NA	NA
1392	11158	0.0571616865549909	undirected	NA	NA
1392	11230	0.125402208794987	undirected	NA	NA
1392	12003	0.00607836319700224	undirected	NA	NA
1392	12362	0.114664481853031	undirected	NA	NA
1392	12423	0.122401744985169	undirected	NA	NA
1392	12529	0.0899338079174134	undirected	NA	NA
1392	12558	0.0159014496653852	undirected	NA	NA
1392	12728	0.111263747582688	undirected	NA	NA
1392	13369	0.10330252615988	undirected	NA	NA
1392	13479	0.118807072631199	undirected	NA	NA
1392	13480	0.0930607880293535	undirected	NA	NA
1392	13498	0.00833087419542464	undirected	NA	NA
1392	13815	0.107780222493099	undirected	NA	NA
1392	14717	0.0737499087352363	undirected	NA	NA
1392	14768	0.0646830785495087	undirected	NA	NA
1797	1866	0.280244987176194	undirected	NA	NA
1797	1896	0.287717454359236	undirected	NA	NA
1797	1919	0.261679511826987	undirected	NA	NA
1797	2560	0.0760678228962783	undirected	NA	NA
1797	2621	0.249123382374755	undirected	NA	NA
1797	2850	0.27208575096878	undirected	NA	NA
1797	3188	0.0963255619478111	undirected	NA	NA
1797	3879	0.279091354177803	undirected	NA	NA
1797	4020	0.0965435222136055	undirected	NA	NA
1797	4091	0.262121077097141	undirected	NA	NA
1797	4256	0.238487979757737	undirected	NA	NA
1797	4523	0.318554125998315	undirected	NA	NA
1797	4756	0.0731781809685061	undirected	NA	NA
1797	5231	0.31007490955003	undirected	NA	NA
1797	5446	0.292050269406007	undirected	NA	NA
1797	5491	0.0665826107160648	undirected	NA	NA
1797	5623	0.29343405388232	undirected	NA	NA
1797	5790	0.21884809501411	undirected	NA	NA
1797	6040	0.140244555941342	undirected	NA	NA
1797	6156	0.248033571379789	undirected	NA	NA
1797	6220	0.306909671421739	undirected	NA	NA
1797	6374	0.266894668832827	undirected	NA	NA
1797	6734	0.155281163230719	undirected	NA	NA
1797	6865	0.0356475446865686	undirected	NA	NA
1797	6889	0.302813176505725	undirected	NA	NA
1797	6896	0.22309537893561	undirected	NA	NA
1797	6981	0.115962213116494	undirected	NA	NA
1797	7467	0.0944825828646853	undirected	NA	NA
1797	7608	0.300233680869346	undirected	NA	NA
1797	8106	0.0769163943470076	undirected	NA	NA
1797	8231	0.166706269881793	undirected	NA	NA
1797	8324	0.106167985763032	undirected	NA	NA
1797	8369	0.0954471406613161	undirected	NA	NA
1797	8457	0.0754889102572427	undirected	NA	NA
1797	9083	0.0773345311638907	undirected	NA	NA
1797	9395	0.115800596989206	undirected	NA	NA
1797	9489	0.329351049459447	undirected	NA	NA
1797	9717	0.287118216538109	undirected	NA	NA
1797	9764	0.28955439577187	undirected	NA	NA
1797	10153	0.256300266660625	undirected	NA	NA
1797	11158	0.130481984537668	undirected	NA	NA
1797	11230	0.28104711666078	undirected	NA	NA
1797	12003	0.0440325364588756	undirected	NA	NA
1797	12362	0.268981209459256	undirected	NA	NA
1797	12423	0.276924855191282	undirected	NA	NA
1797	12529	0.228905857313308	undirected	NA	NA
1797	12558	0.086133608105038	undirected	NA	NA
1797	12728	0.230086065759805	undirected	NA	NA
1797	13369	0.248558282963824	undirected	NA	NA
1797	13479	0.248331550458392	undirected	NA	NA
1797	13480	0.243336353791849	undirected	NA	NA
1797	13498	0.0429068137257671	undirected	NA	NA
1797	13815	0.265542487056975	undirected	NA	NA
1797	14717	0.216874882852505	undirected	NA	NA
1797	14768	0.156313178921647	undirected	NA	NA
1866	1896	0.198743093385603	undirected	NA	NA
1866	1919	0.25900428619628	undirected	NA	NA
1866	2560	0.0287607836229705	undirected	NA	NA
1866	2621	0.232849613604418	undirected	NA	NA
1866	2850	0.173974801519777	undirected	NA	NA
1866	3188	0.0416800077084715	undirected	NA	NA
1866	3879	0.203178436045518	undirected	NA	NA
1866	4020	0.041371463944873	undirected	NA	NA
1866	4091	0.17446955700555	undirected	NA	NA
1866	4256	0.170545324035546	undirected	NA	NA
1866	4523	0.248839845203065	undirected	NA	NA
1866	4756	0.0296340041479157	undirected	NA	NA
1866	5231	0.289510151785903	undirected	NA	NA
1866	5446	0.254774314285295	undirected	NA	NA
1866	5491	0.0258579000215237	undirected	NA	NA
1866	5623	0.290260746491327	undirected	NA	NA
1866	5790	0.215819646695601	undirected	NA	NA
1866	6040	0.0772514864257831	undirected	NA	NA
1866	6156	0.160329874929447	undirected	NA	NA
1866	6220	0.216964609711608	undirected	NA	NA
1866	6374	0.167518003570162	undirected	NA	NA
1866	6734	0.0794733117127341	undirected	NA	NA
1866	6865	0.0136529353265679	undirected	NA	NA
1866	6889	0.213030315921439	undirected	NA	NA
1866	6896	0.143347145421908	undirected	NA	NA
1866	6981	0.0550473752546002	undirected	NA	NA
1866	7467	0.0407440481897425	undirected	NA	NA
1866	7608	0.242018908844546	undirected	NA	NA
1866	8106	0.0305419758796601	undirected	NA	NA
1866	8231	0.118971977505239	undirected	NA	NA
1866	8324	0.0484608338406065	undirected	NA	NA
1866	8369	0.0420357910956642	undirected	NA	NA
1866	8457	0.0294796685104269	undirected	NA	NA
1866	9083	0.0314800187037563	undirected	NA	NA
1866	9395	0.0593254079092063	undirected	NA	NA
1866	9489	0.280599176855793	undirected	NA	NA
1866	9717	0.20204093974499	undirected	NA	NA
1866	9764	0.244288184729806	undirected	NA	NA
1866	10153	0.158127580954075	undirected	NA	NA
1866	11158	0.0580909310998196	undirected	NA	NA
1866	11230	0.191742532620839	undirected	NA	NA
1866	12003	0.0156658378174005	undirected	NA	NA
1866	12362	0.178887413852032	undirected	NA	NA
1866	12423	0.191551846660733	undirected	NA	NA
1866	12529	0.148509947374467	undirected	NA	NA
1866	12558	0.0358022599371875	undirected	NA	NA
1866	12728	0.154709411220597	undirected	NA	NA
1866	13369	0.149861065966908	undirected	NA	NA
1866	13479	0.146755358428974	undirected	NA	NA
1866	13480	0.142082706184354	undirected	NA	NA
1866	13498	0.0185725013120326	undirected	NA	NA
1866	13815	0.177089713555471	undirected	NA	NA
1866	14717	0.119457847922841	undirected	NA	NA
1866	14768	0.0795545158212634	undirected	NA	NA
1896	1919	0.200912177914059	undirected	NA	NA
1896	2560	0.113777117811435	undirected	NA	NA
1896	2621	0.249647807346901	undirected	NA	NA
1896	2850	0.296084624628067	undirected	NA	NA
1896	3188	0.116733933470757	undirected	NA	NA
1896	3879	0.278054600733878	undirected	NA	NA
1896	4020	0.138907507369449	undirected	NA	NA
1896	4091	0.304044845469072	undirected	NA	NA
1896	4256	0.285647957358127	undirected	NA	NA
1896	4523	0.292062570070635	undirected	NA	NA
1896	4756	0.108800028444562	undirected	NA	NA
1896	5231	0.25376041647548	undirected	NA	NA
1896	5446	0.256121292797541	undirected	NA	NA
1896	5491	0.0872732347837872	undirected	NA	NA
1896	5623	0.239569377916953	undirected	NA	NA
1896	5790	0.193182107572478	undirected	NA	NA
1896	6040	0.155908290073622	undirected	NA	NA
1896	6156	0.25697199440063	undirected	NA	NA
1896	6220	0.316621019537692	undirected	NA	NA
1896	6374	0.296192231154266	undirected	NA	NA
1896	6734	0.188701417597662	undirected	NA	NA
1896	6865	0.0513492428900212	undirected	NA	NA
1896	6889	0.299661473538593	undirected	NA	NA
1896	6896	0.228243195082734	undirected	NA	NA
1896	6981	0.157878397650673	undirected	NA	NA
1896	7467	0.134907833447917	undirected	NA	NA
1896	7608	0.28119508440961	undirected	NA	NA
1896	8106	0.113808093972815	undirected	NA	NA
1896	8231	0.157252498730424	undirected	NA	NA
1896	8324	0.127678771639399	undirected	NA	NA
1896	8369	0.129914465171725	undirected	NA	NA
1896	8457	0.110511573492561	undirected	NA	NA
1896	9083	0.108004880919436	undirected	NA	NA
1896	9395	0.118984253658936	undirected	NA	NA
1896	9489	0.298964497142472	undirected	NA	NA
1896	9717	0.287772531046614	undirected	NA	NA
1896	9764	0.25169267469295	undirected	NA	NA
1896	10153	0.293483382884262	undirected	NA	NA
1896	11158	0.164767228719573	undirected	NA	NA
1896	11230	0.291873436694401	undirected	NA	NA
1896	12003	0.0593297447275206	undirected	NA	NA
1896	12362	0.278619124044069	undirected	NA	NA
1896	12423	0.275253634968891	undirected	NA	NA
1896	12529	0.274631029587788	undirected	NA	NA
1896	12558	0.107520780309874	undirected	NA	NA
1896	12728	0.28234370456574	undirected	NA	NA
1896	13369	0.300662394500416	undirected	NA	NA
1896	13479	0.25242226012733	undirected	NA	NA
1896	13480	0.244949675723967	undirected	NA	NA
1896	13498	0.0526526269580183	undirected	NA	NA
1896	13815	0.274900230563376	undirected	NA	NA
1896	14717	0.250746696725798	undirected	NA	NA
1896	14768	0.201800195563221	undirected	NA	NA
1919	2560	0.0232912896801461	undirected	NA	NA
1919	2621	0.251379002025729	undirected	NA	NA
1919	2850	0.156610703321498	undirected	NA	NA
1919	3188	0.0331927129898669	undirected	NA	NA
1919	3879	0.188742410984599	undirected	NA	NA
1919	4020	0.031668695767384	undirected	NA	NA
1919	4091	0.160093424644243	undirected	NA	NA
1919	4256	0.173684733861495	undirected	NA	NA
1919	4523	0.220706446903363	undirected	NA	NA
1919	4756	0.026774170231997	undirected	NA	NA
1919	5231	0.247483396799337	undirected	NA	NA
1919	5446	0.20214407086814	undirected	NA	NA
1919	5491	0.0208836212370647	undirected	NA	NA
1919	5623	0.284433649196128	undirected	NA	NA
1919	5790	0.189169658933228	undirected	NA	NA
1919	6040	0.0515669186279111	undirected	NA	NA
1919	6156	0.139302814639083	undirected	NA	NA
1919	6220	0.193101781692429	undirected	NA	NA
1919	6374	0.145787106299867	undirected	NA	NA
1919	6734	0.0676770708651961	undirected	NA	NA
1919	6865	0.0140841732687704	undirected	NA	NA
1919	6889	0.202533157793639	undirected	NA	NA
1919	6896	0.124114231828625	undirected	NA	NA
1919	6981	0.0511878322969095	undirected	NA	NA
1919	7467	0.0375712820179098	undirected	NA	NA
1919	7608	0.24413849376514	undirected	NA	NA
1919	8106	0.0251073339392719	undirected	NA	NA
1919	8231	0.0725929416583617	undirected	NA	NA
1919	8324	0.041551435939507	undirected	NA	NA
1919	8369	0.0311786581941963	undirected	NA	NA
1919	8457	0.0266549715933634	undirected	NA	NA
1919	9083	0.0283535496826531	undirected	NA	NA
1919	9395	0.0396927677450653	undirected	NA	NA
1919	9489	0.25565175454588	undirected	NA	NA
1919	9717	0.177796038793703	undirected	NA	NA
1919	9764	0.266031854544569	undirected	NA	NA
1919	10153	0.144439897940095	undirected	NA	NA
1919	11158	0.049493213932041	undirected	NA	NA
1919	11230	0.170772283979305	undirected	NA	NA
1919	12003	0.0126354615925967	undirected	NA	NA
1919	12362	0.155339192801355	undirected	NA	NA
1919	12423	0.167349208321047	undirected	NA	NA
1919	12529	0.146482553081266	undirected	NA	NA
1919	12558	0.0285366192840728	undirected	NA	NA
1919	12728	0.173372401946453	undirected	NA	NA
1919	13369	0.147174582139201	undirected	NA	NA
1919	13479	0.111079804619706	undirected	NA	NA
1919	13480	0.130142576522993	undirected	NA	NA
1919	13498	0.0180688365559513	undirected	NA	NA
1919	13815	0.158688354841077	undirected	NA	NA
1919	14717	0.0993970425816278	undirected	NA	NA
1919	14768	0.0737412453397617	undirected	NA	NA
2560	2621	0.0539523806381572	undirected	NA	NA
2560	2850	0.193357306922477	undirected	NA	NA
2560	3188	0.263300744457658	undirected	NA	NA
2560	3879	0.112156713117481	undirected	NA	NA
2560	4020	0.28319513055508	undirected	NA	NA
2560	4091	0.204009956121114	undirected	NA	NA
2560	4256	0.15234826155593	undirected	NA	NA
2560	4523	0.124575828699995	undirected	NA	NA
2560	4756	0.212005219638348	undirected	NA	NA
2560	5231	0.067374521520452	undirected	NA	NA
2560	5446	0.102679703518755	undirected	NA	NA
2560	5491	0.253573887483612	undirected	NA	NA
2560	5623	0.0520205489336968	undirected	NA	NA
2560	5790	0.0264340996828556	undirected	NA	NA
2560	6040	0.172478864480275	undirected	NA	NA
2560	6156	0.168810165375486	undirected	NA	NA
2560	6220	0.158539371001744	undirected	NA	NA
2560	6374	0.209169649121787	undirected	NA	NA
2560	6734	0.258098991738133	undirected	NA	NA
2560	6865	0.201957333367912	undirected	NA	NA
2560	6889	0.102717065985697	undirected	NA	NA
2560	6896	0.157087137269192	undirected	NA	NA
2560	6981	0.270882853658088	undirected	NA	NA
2560	7467	0.287683862314868	undirected	NA	NA
2560	7608	0.101315230018486	undirected	NA	NA
2560	8106	0.273105583404616	undirected	NA	NA
2560	8231	0.131100522565046	undirected	NA	NA
2560	8324	0.250981123369858	undirected	NA	NA
2560	8369	0.277190260757505	undirected	NA	NA
2560	8457	0.254183485064439	undirected	NA	NA
2560	9083	0.239414673261879	undirected	NA	NA
2560	9395	0.120875354778946	undirected	NA	NA
2560	9489	0.0926949475299418	undirected	NA	NA
2560	9717	0.1442494534546	undirected	NA	NA
2560	9764	0.0515049023070177	undirected	NA	NA
2560	10153	0.208975994985121	undirected	NA	NA
2560	11158	0.247400094274458	undirected	NA	NA
2560	11230	0.157496626997	undirected	NA	NA
2560	12003	0.214610844489828	undirected	NA	NA
2560	12362	0.165432231434146	undirected	NA	NA
2560	12423	0.139294366458889	undirected	NA	NA
2560	12529	0.199410609403591	undirected	NA	NA
2560	12558	0.262254294409344	undirected	NA	NA
2560	12728	0.157770717336906	undirected	NA	NA
2560	13369	0.230530964174336	undirected	NA	NA
2560	13479	0.152848669114757	undirected	NA	NA
2560	13480	0.170607185382641	undirected	NA	NA
2560	13498	0.186196506404737	undirected	NA	NA
2560	13815	0.160404210807682	undirected	NA	NA
2560	14717	0.272175368698738	undirected	NA	NA
2560	14768	0.26676607617553	undirected	NA	NA
2621	2850	0.167310578164154	undirected	NA	NA
2621	3188	0.053756843207158	undirected	NA	NA
2621	3879	0.241391772291164	undirected	NA	NA
2621	4020	0.0629789016799967	undirected	NA	NA
2621	4091	0.226089549587343	undirected	NA	NA
2621	4256	0.259447653899485	undirected	NA	NA
2621	4523	0.210405520185377	undirected	NA	NA
2621	4756	0.0508883301923947	undirected	NA	NA
2621	5231	0.214542593573489	undirected	NA	NA
2621	5446	0.209579305778	undirected	NA	NA
2621	5491	0.0363782983551682	undirected	NA	NA
2621	5623	0.241552528315168	undirected	NA	NA
2621	5790	0.25235206748897	undirected	NA	NA
2621	6040	0.087984660355188	undirected	NA	NA
2621	6156	0.137034601272499	undirected	NA	NA
2621	6220	0.201406535741118	undirected	NA	NA
2621	6374	0.165435955316063	undirected	NA	NA
2621	6734	0.0805490369417349	undirected	NA	NA
2621	6865	0.0200727824952138	undirected	NA	NA
2621	6889	0.257948185887655	undirected	NA	NA
2621	6896	0.12129401555848	undirected	NA	NA
2621	6981	0.0677959632100837	undirected	NA	NA
2621	7467	0.0553243777562906	undirected	NA	NA
2621	7608	0.219669496954606	undirected	NA	NA
2621	8106	0.04352244191121	undirected	NA	NA
2621	8231	0.128094710717656	undirected	NA	NA
2621	8324	0.065884568083301	undirected	NA	NA
2621	8369	0.0548229088336127	undirected	NA	NA
2621	8457	0.0558924460366697	undirected	NA	NA
2621	9083	0.0614753306974811	undirected	NA	NA
2621	9395	0.0502171323678553	undirected	NA	NA
2621	9489	0.238682313350738	undirected	NA	NA
2621	9717	0.17196961591744	undirected	NA	NA
2621	9764	0.274347931891314	undirected	NA	NA
2621	10153	0.163135994970751	undirected	NA	NA
2621	11158	0.0780645455116006	undirected	NA	NA
2621	11230	0.170878496801796	undirected	NA	NA
2621	12003	0.0255400644619522	undirected	NA	NA
2621	12362	0.15557211971571	undirected	NA	NA
2621	12423	0.168515798820174	undirected	NA	NA
2621	12529	0.227475446837495	undirected	NA	NA
2621	12558	0.0486352258217219	undirected	NA	NA
2621	12728	0.21496357646624	undirected	NA	NA
2621	13369	0.187148056844368	undirected	NA	NA
2621	13479	0.148440339971143	undirected	NA	NA
2621	13480	0.143390310047852	undirected	NA	NA
2621	13498	0.0202902443502148	undirected	NA	NA
2621	13815	0.155171319666339	undirected	NA	NA
2621	14717	0.134706099042073	undirected	NA	NA
2621	14768	0.091698192992834	undirected	NA	NA
2850	3188	0.225444464954736	undirected	NA	NA
2850	3879	0.274535515226567	undirected	NA	NA
2850	4020	0.21210270506988	undirected	NA	NA
2850	4091	0.288326193379257	undirected	NA	NA
2850	4256	0.219912587670633	undirected	NA	NA
2850	4523	0.300121978638468	undirected	NA	NA
2850	4756	0.168034441582712	undirected	NA	NA
2850	5231	0.235235865560363	undirected	NA	NA
2850	5446	0.23404350558085	undirected	NA	NA
2850	5491	0.179919605853032	undirected	NA	NA
2850	5623	0.190089269953206	undirected	NA	NA
2850	5790	0.128721213148124	undirected	NA	NA
2850	6040	0.227916018239988	undirected	NA	NA
2850	6156	0.335339397462437	undirected	NA	NA
2850	6220	0.330569528667204	undirected	NA	NA
2850	6374	0.337269092529518	undirected	NA	NA
2850	6734	0.272039101215598	undirected	NA	NA
2850	6865	0.0957972829245514	undirected	NA	NA
2850	6889	0.304623308285976	undirected	NA	NA
2850	6896	0.330563886817082	undirected	NA	NA
2850	6981	0.249768546354105	undirected	NA	NA
2850	7467	0.205147769505226	undirected	NA	NA
2850	7608	0.265760366337298	undirected	NA	NA
2850	8106	0.192847802601482	undirected	NA	NA
2850	8231	0.186958238761391	undirected	NA	NA
2850	8324	0.225683376413843	undirected	NA	NA
2850	8369	0.210792079158076	undirected	NA	NA
2850	8457	0.182872341681739	undirected	NA	NA
2850	9083	0.176475028529188	undirected	NA	NA
2850	9395	0.228112029808392	undirected	NA	NA
2850	9489	0.275692006453557	undirected	NA	NA
2850	9717	0.342994096920747	undirected	NA	NA
2850	9764	0.217842868189592	undirected	NA	NA
2850	10153	0.335501711131928	undirected	NA	NA
2850	11158	0.271248406034563	undirected	NA	NA
2850	11230	0.352480226299461	undirected	NA	NA
2850	12003	0.132470999062963	undirected	NA	NA
2850	12362	0.344373995501471	undirected	NA	NA
2850	12423	0.353791073588937	undirected	NA	NA
2850	12529	0.256378834931227	undirected	NA	NA
2850	12558	0.211569350840391	undirected	NA	NA
2850	12728	0.235241601871691	undirected	NA	NA
2850	13369	0.318606228386727	undirected	NA	NA
2850	13479	0.355130614862152	undirected	NA	NA
2850	13480	0.359510354632585	undirected	NA	NA
2850	13498	0.107272511822682	undirected	NA	NA
2850	13815	0.345387708272178	undirected	NA	NA
2850	14717	0.343787342784419	undirected	NA	NA
2850	14768	0.276635139587316	undirected	NA	NA
3188	3879	0.10938581679213	undirected	NA	NA
3188	4020	0.218093502944076	undirected	NA	NA
3188	4091	0.181325782548786	undirected	NA	NA
3188	4256	0.123027760590302	undirected	NA	NA
3188	4523	0.164811209930766	undirected	NA	NA
3188	4756	0.157261218000564	undirected	NA	NA
3188	5231	0.095429793924806	undirected	NA	NA
3188	5446	0.121002699643515	undirected	NA	NA
3188	5491	0.259476813037674	undirected	NA	NA
3188	5623	0.0727560453117493	undirected	NA	NA
3188	5790	0.025540762776902	undirected	NA	NA
3188	6040	0.14937269784942	undirected	NA	NA
3188	6156	0.218600775789569	undirected	NA	NA
3188	6220	0.184643816351227	undirected	NA	NA
3188	6374	0.229676283436023	undirected	NA	NA
3188	6734	0.28487414607241	undirected	NA	NA
3188	6865	0.219534808101799	undirected	NA	NA
3188	6889	0.110384625415322	undirected	NA	NA
3188	6896	0.21336706633767	undirected	NA	NA
3188	6981	0.267055199535928	undirected	NA	NA
3188	7467	0.268012870396586	undirected	NA	NA
3188	7608	0.135944698767399	undirected	NA	NA
3188	8106	0.224169358375215	undirected	NA	NA
3188	8231	0.112711712934354	undirected	NA	NA
3188	8324	0.272015661416865	undirected	NA	NA
3188	8369	0.233255760697315	undirected	NA	NA
3188	8457	0.252521292835611	undirected	NA	NA
3188	9083	0.261933769210347	undirected	NA	NA
3188	9395	0.145635072028899	undirected	NA	NA
3188	9489	0.118410906281477	undirected	NA	NA
3188	9717	0.184940255892674	undirected	NA	NA
3188	9764	0.0633778229607953	undirected	NA	NA
3188	10153	0.226917169205466	undirected	NA	NA
3188	11158	0.232807294642305	undirected	NA	NA
3188	11230	0.193508249022098	undirected	NA	NA
3188	12003	0.259263972993111	undirected	NA	NA
3188	12362	0.206889097813799	undirected	NA	NA
3188	12423	0.179726818229791	undirected	NA	NA
3188	12529	0.170838856362878	undirected	NA	NA
3188	12558	0.281776059676715	undirected	NA	NA
3188	12728	0.148739071393537	undirected	NA	NA
3188	13369	0.227786709868674	undirected	NA	NA
3188	13479	0.167645808428116	undirected	NA	NA
3188	13480	0.215259988022265	undirected	NA	NA
3188	13498	0.245516272620673	undirected	NA	NA
3188	13815	0.205092447392042	undirected	NA	NA
3188	14717	0.28398259106096	undirected	NA	NA
3188	14768	0.2738392560841	undirected	NA	NA
3879	4020	0.144484463481135	undirected	NA	NA
3879	4091	0.304189883153577	undirected	NA	NA
3879	4256	0.282821193617172	undirected	NA	NA
3879	4523	0.279304532947289	undirected	NA	NA
3879	4756	0.0982307464955665	undirected	NA	NA
3879	5231	0.25305989676165	undirected	NA	NA
3879	5446	0.26977561084896	undirected	NA	NA
3879	5491	0.080037917138721	undirected	NA	NA
3879	5623	0.22939305454605	undirected	NA	NA
3879	5790	0.211812310961768	undirected	NA	NA
3879	6040	0.173745159284164	undirected	NA	NA
3879	6156	0.236923551779067	undirected	NA	NA
3879	6220	0.302152157750955	undirected	NA	NA
3879	6374	0.28126455550999	undirected	NA	NA
3879	6734	0.171747245186295	undirected	NA	NA
3879	6865	0.0406023886771767	undirected	NA	NA
3879	6889	0.284702351980117	undirected	NA	NA
3879	6896	0.208346966582153	undirected	NA	NA
3879	6981	0.138441043339441	undirected	NA	NA
3879	7467	0.118453252714748	undirected	NA	NA
3879	7608	0.256819794318927	undirected	NA	NA
3879	8106	0.107715622085744	undirected	NA	NA
3879	8231	0.194961207355063	undirected	NA	NA
3879	8324	0.117303713166896	undirected	NA	NA
3879	8369	0.134245446962433	undirected	NA	NA
3879	8457	0.10166374204622	undirected	NA	NA
3879	9083	0.10094992724403	undirected	NA	NA
3879	9395	0.117746218261732	undirected	NA	NA
3879	9489	0.289895512116732	undirected	NA	NA
3879	9717	0.270032639007317	undirected	NA	NA
3879	9764	0.234857454473722	undirected	NA	NA
3879	10153	0.27212110143557	undirected	NA	NA
3879	11158	0.149032482352939	undirected	NA	NA
3879	11230	0.272788758152081	undirected	NA	NA
3879	12003	0.0542913055727512	undirected	NA	NA
3879	12362	0.26051002269874	undirected	NA	NA
3879	12423	0.25824786540189	undirected	NA	NA
3879	12529	0.268672061370813	undirected	NA	NA
3879	12558	0.100656059476212	undirected	NA	NA
3879	12728	0.252262599166389	undirected	NA	NA
3879	13369	0.276051959892743	undirected	NA	NA
3879	13479	0.250727940980562	undirected	NA	NA
3879	13480	0.221173229544374	undirected	NA	NA
3879	13498	0.0422299618748564	undirected	NA	NA
3879	13815	0.252994279041819	undirected	NA	NA
3879	14717	0.242287827259168	undirected	NA	NA
3879	14768	0.179433434667284	undirected	NA	NA
4020	4091	0.198104172913218	undirected	NA	NA
4020	4256	0.139393195363346	undirected	NA	NA
4020	4523	0.133484030763334	undirected	NA	NA
4020	4756	0.224760470926127	undirected	NA	NA
4020	5231	0.0832999671041915	undirected	NA	NA
4020	5446	0.123022630833127	undirected	NA	NA
4020	5491	0.206017444055775	undirected	NA	NA
4020	5623	0.0582497179641718	undirected	NA	NA
4020	5790	0.0419348391587721	undirected	NA	NA
4020	6040	0.258977781774838	undirected	NA	NA
4020	6156	0.191835288485926	undirected	NA	NA
4020	6220	0.184313814240822	undirected	NA	NA
4020	6374	0.23329595665482	undirected	NA	NA
4020	6734	0.265438140517974	undirected	NA	NA
4020	6865	0.122719783959117	undirected	NA	NA
4020	6889	0.128932817074097	undirected	NA	NA
4020	6896	0.180143529068396	undirected	NA	NA
4020	6981	0.264557353435302	undirected	NA	NA
4020	7467	0.240201572145387	undirected	NA	NA
4020	7608	0.106455311099666	undirected	NA	NA
4020	8106	0.237810910231496	undirected	NA	NA
4020	8231	0.189956486196577	undirected	NA	NA
4020	8324	0.194917492877443	undirected	NA	NA
4020	8369	0.27355346608393	undirected	NA	NA
4020	8457	0.221177569074566	undirected	NA	NA
4020	9083	0.210877597708349	undirected	NA	NA
4020	9395	0.186940582867103	undirected	NA	NA
4020	9489	0.110609850708917	undirected	NA	NA
4020	9717	0.171671911996564	undirected	NA	NA
4020	9764	0.063190261334514	undirected	NA	NA
4020	10153	0.230644972533095	undirected	NA	NA
4020	11158	0.268937007644639	undirected	NA	NA
4020	11230	0.186659304182615	undirected	NA	NA
4020	12003	0.187395022136423	undirected	NA	NA
4020	12362	0.193648238369364	undirected	NA	NA
4020	12423	0.172051138852292	undirected	NA	NA
4020	12529	0.163827950920558	undirected	NA	NA
4020	12558	0.221490419749631	undirected	NA	NA
4020	12728	0.147137605289234	undirected	NA	NA
4020	13369	0.215055533408131	undirected	NA	NA
4020	13479	0.219175766139398	undirected	NA	NA
4020	13480	0.195715370237947	undirected	NA	NA
4020	13498	0.124406352989025	undirected	NA	NA
4020	13815	0.183557107200347	undirected	NA	NA
4020	14717	0.249048380300062	undirected	NA	NA
4020	14768	0.262541078665692	undirected	NA	NA
4091	4256	0.265323478356329	undirected	NA	NA
4091	4523	0.250646684901752	undirected	NA	NA
4091	4756	0.155302706695065	undirected	NA	NA
4091	5231	0.219733084181812	undirected	NA	NA
4091	5446	0.250918526017298	undirected	NA	NA
4091	5491	0.141369886322465	undirected	NA	NA
4091	5623	0.201665345153352	undirected	NA	NA
4091	5790	0.175333662442725	undirected	NA	NA
4091	6040	0.221523983135505	undirected	NA	NA
4091	6156	0.256688568651553	undirected	NA	NA
4091	6220	0.299710138410328	undirected	NA	NA
4091	6374	0.292104549956515	undirected	NA	NA
4091	6734	0.215848344955241	undirected	NA	NA
4091	6865	0.0731227067153429	undirected	NA	NA
4091	6889	0.298638986883605	undirected	NA	NA
4091	6896	0.23787358516002	undirected	NA	NA
4091	6981	0.208604239284543	undirected	NA	NA
4091	7467	0.158307574242496	undirected	NA	NA
4091	7608	0.246635681994506	undirected	NA	NA
4091	8106	0.143366848496341	undirected	NA	NA
4091	8231	0.243163209775506	undirected	NA	NA
4091	8324	0.194095654989695	undirected	NA	NA
4091	8369	0.170694193362418	undirected	NA	NA
4091	8457	0.188730284721914	undirected	NA	NA
4091	9083	0.202297140991998	undirected	NA	NA
4091	9395	0.135690383279813	undirected	NA	NA
4091	9489	0.264228232333666	undirected	NA	NA
4091	9717	0.276516259807603	undirected	NA	NA
4091	9764	0.226696037754875	undirected	NA	NA
4091	10153	0.299472548538012	undirected	NA	NA
4091	11158	0.219342676495696	undirected	NA	NA
4091	11230	0.288473095332936	undirected	NA	NA
4091	12003	0.11636547008511	undirected	NA	NA
4091	12362	0.274764754675473	undirected	NA	NA
4091	12423	0.275809231910061	undirected	NA	NA
4091	12529	0.304238432071271	undirected	NA	NA
4091	12558	0.173893282174821	undirected	NA	NA
4091	12728	0.270280595496916	undirected	NA	NA
4091	13369	0.282913523345033	undirected	NA	NA
4091	13479	0.277397175071686	undirected	NA	NA
4091	13480	0.269363442094854	undirected	NA	NA
4091	13498	0.0820717934688274	undirected	NA	NA
4091	13815	0.271825074265484	undirected	NA	NA
4091	14717	0.267565136745964	undirected	NA	NA
4091	14768	0.238759701343008	undirected	NA	NA
4256	4523	0.206241190186839	undirected	NA	NA
4256	4756	0.118034137307351	undirected	NA	NA
4256	5231	0.190582686187327	undirected	NA	NA
4256	5446	0.21640807188912	undirected	NA	NA
4256	5491	0.0936495047246794	undirected	NA	NA
4256	5623	0.201038140970117	undirected	NA	NA
4256	5790	0.199892340339606	undirected	NA	NA
4256	6040	0.155829581937937	undirected	NA	NA
4256	6156	0.183819419401078	undirected	NA	NA
4256	6220	0.239947216948527	undirected	NA	NA
4256	6374	0.221823509467175	undirected	NA	NA
4256	6734	0.144305864577091	undirected	NA	NA
4256	6865	0.0524197815548767	undirected	NA	NA
4256	6889	0.278543946113672	undirected	NA	NA
4256	6896	0.165599949386446	undirected	NA	NA
4256	6981	0.147146173213328	undirected	NA	NA
4256	7467	0.113011226718359	undirected	NA	NA
4256	7608	0.220005758278009	undirected	NA	NA
4256	8106	0.0939408598540288	undirected	NA	NA
4256	8231	0.197555412171027	undirected	NA	NA
4256	8324	0.141952554675559	undirected	NA	NA
4256	8369	0.111788513007257	undirected	NA	NA
4256	8457	0.148373839266695	undirected	NA	NA
4256	9083	0.166377780652589	undirected	NA	NA
4256	9395	0.0777615899494721	undirected	NA	NA
4256	9489	0.23270347357962	undirected	NA	NA
4256	9717	0.209743552120444	undirected	NA	NA
4256	9764	0.236568943445834	undirected	NA	NA
4256	10153	0.231773702578328	undirected	NA	NA
4256	11158	0.15535813271527	undirected	NA	NA
4256	11230	0.219794621817505	undirected	NA	NA
4256	12003	0.0795695644738691	undirected	NA	NA
4256	12362	0.202314799729299	undirected	NA	NA
4256	12423	0.205982011884689	undirected	NA	NA
4256	12529	0.297181648025385	undirected	NA	NA
4256	12558	0.118218374329839	undirected	NA	NA
4256	12728	0.270610075261165	undirected	NA	NA
4256	13369	0.243134071779315	undirected	NA	NA
4256	13479	0.198778180279109	undirected	NA	NA
4256	13480	0.196068309551829	undirected	NA	NA
4256	13498	0.0540964985260329	undirected	NA	NA
4256	13815	0.202409050561737	undirected	NA	NA
4256	14717	0.194792196804118	undirected	NA	NA
4256	14768	0.173232639856413	undirected	NA	NA
4523	4756	0.101608991950827	undirected	NA	NA
4523	5231	0.297028791715727	undirected	NA	NA
4523	5446	0.272888998222531	undirected	NA	NA
4523	5491	0.120497982936536	undirected	NA	NA
4523	5623	0.262350089283926	undirected	NA	NA
4523	5790	0.16547486548181	undirected	NA	NA
4523	6040	0.173249840339816	undirected	NA	NA
4523	6156	0.304814197465467	undirected	NA	NA
4523	6220	0.319898376681289	undirected	NA	NA
4523	6374	0.283012494091674	undirected	NA	NA
4523	6734	0.20328944425121	undirected	NA	NA
4523	6865	0.059934778591844	undirected	NA	NA
4523	6889	0.303911132622087	undirected	NA	NA
4523	6896	0.299538621599494	undirected	NA	NA
4523	6981	0.17346428051857	undirected	NA	NA
4523	7467	0.125741709487291	undirected	NA	NA
4523	7608	0.299842063147193	undirected	NA	NA
4523	8106	0.111514407759185	undirected	NA	NA
4523	8231	0.182705670787946	undirected	NA	NA
4523	8324	0.174177544876835	undirected	NA	NA
4523	8369	0.132524875662767	undirected	NA	NA
4523	8457	0.124195945143909	undirected	NA	NA
4523	9083	0.130244705079955	undirected	NA	NA
4523	9395	0.16464742261368	undirected	NA	NA
4523	9489	0.317852736783745	undirected	NA	NA
4523	9717	0.330704329253041	undirected	NA	NA
4523	9764	0.26530168579541	undirected	NA	NA
4523	10153	0.288505872121708	undirected	NA	NA
4523	11158	0.1836362700827	undirected	NA	NA
4523	11230	0.328989173706679	undirected	NA	NA
4523	12003	0.0892635777540792	undirected	NA	NA
4523	12362	0.317103980173322	undirected	NA	NA
4523	12423	0.336072042008866	undirected	NA	NA
4523	12529	0.231347271160264	undirected	NA	NA
4523	12558	0.150915552392928	undirected	NA	NA
4523	12728	0.210309837870592	undirected	NA	NA
4523	13369	0.251586164758955	undirected	NA	NA
4523	13479	0.295380594131748	undirected	NA	NA
4523	13480	0.313710090107894	undirected	NA	NA
4523	13498	0.0819954274465634	undirected	NA	NA
4523	13815	0.319943056765193	undirected	NA	NA
4523	14717	0.266530645318182	undirected	NA	NA
4523	14768	0.205656215785628	undirected	NA	NA
4756	5231	0.0589249223009339	undirected	NA	NA
4756	5446	0.0732933421324304	undirected	NA	NA
4756	5491	0.156760128131625	undirected	NA	NA
4756	5623	0.0438038502246161	undirected	NA	NA
4756	5790	0.0298009391240188	undirected	NA	NA
4756	6040	0.132030081458349	undirected	NA	NA
4756	6156	0.144075407938139	undirected	NA	NA
4756	6220	0.141702607535344	undirected	NA	NA
4756	6374	0.179368994358659	undirected	NA	NA
4756	6734	0.194201543935163	undirected	NA	NA
4756	6865	0.100350629244959	undirected	NA	NA
4756	6889	0.0998450499083989	undirected	NA	NA
4756	6896	0.13045098167537	undirected	NA	NA
4756	6981	0.198424223227594	undirected	NA	NA
4756	7467	0.210722524099828	undirected	NA	NA
4756	7608	0.0870293600421434	undirected	NA	NA
4756	8106	0.237163338077371	undirected	NA	NA
4756	8231	0.0691041946644714	undirected	NA	NA
4756	8324	0.145270597353801	undirected	NA	NA
4756	8369	0.208973294598344	undirected	NA	NA
4756	8457	0.178313288052782	undirected	NA	NA
4756	9083	0.147095997695566	undirected	NA	NA
4756	9395	0.120726895729895	undirected	NA	NA
4756	9489	0.0837959708076619	undirected	NA	NA
4756	9717	0.131131855778337	undirected	NA	NA
4756	9764	0.0533699431966757	undirected	NA	NA
4756	10153	0.18270247951005	undirected	NA	NA
4756	11158	0.190304406525369	undirected	NA	NA
4756	11230	0.142907073818993	undirected	NA	NA
4756	12003	0.123671131407108	undirected	NA	NA
4756	12362	0.146294359091729	undirected	NA	NA
4756	12423	0.128121886034897	undirected	NA	NA
4756	12529	0.14224225655875	undirected	NA	NA
4756	12558	0.158620976343925	undirected	NA	NA
4756	12728	0.134993007938587	undirected	NA	NA
4756	13369	0.191485542610693	undirected	NA	NA
4756	13479	0.147849117525697	undirected	NA	NA
4756	13480	0.145348740887628	undirected	NA	NA
4756	13498	0.0782489209572254	undirected	NA	NA
4756	13815	0.141414699623472	undirected	NA	NA
4756	14717	0.203139470846935	undirected	NA	NA
4756	14768	0.205839982618691	undirected	NA	NA
5231	5446	0.276094660528171	undirected	NA	NA
5231	5491	0.0643732459181367	undirected	NA	NA
5231	5623	0.270529212798065	undirected	NA	NA
5231	5790	0.194962741333753	undirected	NA	NA
5231	6040	0.130696956904382	undirected	NA	NA
5231	6156	0.229934352508298	undirected	NA	NA
5231	6220	0.267259039318132	undirected	NA	NA
5231	6374	0.230343167118976	undirected	NA	NA
5231	6734	0.135067148928437	undirected	NA	NA
5231	6865	0.0309991174103232	undirected	NA	NA
5231	6889	0.268016730875688	undirected	NA	NA
5231	6896	0.224638769190933	undirected	NA	NA
5231	6981	0.103147538612601	undirected	NA	NA
5231	7467	0.077786232621745	undirected	NA	NA
5231	7608	0.266209967512573	undirected	NA	NA
5231	8106	0.0652525145252077	undirected	NA	NA
5231	8231	0.165877980788807	undirected	NA	NA
5231	8324	0.103250531025136	undirected	NA	NA
5231	8369	0.0848122402853196	undirected	NA	NA
5231	8457	0.0665096154768407	undirected	NA	NA
5231	9083	0.0704812824828243	undirected	NA	NA
5231	9395	0.116453037462336	undirected	NA	NA
5231	9489	0.297263286199801	undirected	NA	NA
5231	9717	0.268055628041947	undirected	NA	NA
5231	9764	0.264203920229051	undirected	NA	NA
5231	10153	0.214998808028254	undirected	NA	NA
5231	11158	0.113469721478159	undirected	NA	NA
5231	11230	0.261351296701368	undirected	NA	NA
5231	12003	0.0436174686813159	undirected	NA	NA
5231	12362	0.246164571106939	undirected	NA	NA
5231	12423	0.273158303467529	undirected	NA	NA
5231	12529	0.191050578766058	undirected	NA	NA
5231	12558	0.0847151862512208	undirected	NA	NA
5231	12728	0.178343648787803	undirected	NA	NA
5231	13369	0.203966687185282	undirected	NA	NA
5231	13479	0.232481479746374	undirected	NA	NA
5231	13480	0.233355955683562	undirected	NA	NA
5231	13498	0.0405179515329163	undirected	NA	NA
5231	13815	0.247707627759629	undirected	NA	NA
5231	14717	0.19711344456142	undirected	NA	NA
5231	14768	0.128500622519709	undirected	NA	NA
5446	5491	0.084464632232343	undirected	NA	NA
5446	5623	0.23949047826925	undirected	NA	NA
5446	5790	0.19945240695153	undirected	NA	NA
5446	6040	0.170156916639808	undirected	NA	NA
5446	6156	0.230576342927502	undirected	NA	NA
5446	6220	0.268067486965877	undirected	NA	NA
5446	6374	0.235827477110349	undirected	NA	NA
5446	6734	0.144422410858045	undirected	NA	NA
5446	6865	0.0345927896128832	undirected	NA	NA
5446	6889	0.263461288325368	undirected	NA	NA
5446	6896	0.220497455016633	undirected	NA	NA
5446	6981	0.118764953965133	undirected	NA	NA
5446	7467	0.0914130384636119	undirected	NA	NA
5446	7608	0.241165510209408	undirected	NA	NA
5446	8106	0.0878688640688577	undirected	NA	NA
5446	8231	0.221048212168565	undirected	NA	NA
5446	8324	0.126844776801086	undirected	NA	NA
5446	8369	0.119183584814541	undirected	NA	NA
5446	8457	0.0930208812132848	undirected	NA	NA
5446	9083	0.0996139666242283	undirected	NA	NA
5446	9395	0.126771304278567	undirected	NA	NA
5446	9489	0.284564518820785	undirected	NA	NA
5446	9717	0.265076244573315	undirected	NA	NA
5446	9764	0.233999232931052	undirected	NA	NA
5446	10153	0.226563304912259	undirected	NA	NA
5446	11158	0.129800461964578	undirected	NA	NA
5446	11230	0.262646072492756	undirected	NA	NA
5446	12003	0.060617267091096	undirected	NA	NA
5446	12362	0.249214320563572	undirected	NA	NA
5446	12423	0.26910394803484	undirected	NA	NA
5446	12529	0.225328019232861	undirected	NA	NA
5446	12558	0.110109860505854	undirected	NA	NA
5446	12728	0.17761193776723	undirected	NA	NA
5446	13369	0.215484317712844	undirected	NA	NA
5446	13479	0.249406096190488	undirected	NA	NA
5446	13480	0.231353441071701	undirected	NA	NA
5446	13498	0.0430083486104245	undirected	NA	NA
5446	13815	0.245652618530596	undirected	NA	NA
5446	14717	0.227857799894932	undirected	NA	NA
5446	14768	0.145219016037955	undirected	NA	NA
5491	5623	0.048047795922532	undirected	NA	NA
5491	5790	0.0162666965686375	undirected	NA	NA
5491	6040	0.125043013184118	undirected	NA	NA
5491	6156	0.173280456850005	undirected	NA	NA
5491	6220	0.140804467201365	undirected	NA	NA
5491	6374	0.184402132353219	undirected	NA	NA
5491	6734	0.252632665267923	undirected	NA	NA
5491	6865	0.226637491525447	undirected	NA	NA
5491	6889	0.0817951405473954	undirected	NA	NA
5491	6896	0.169586949160218	undirected	NA	NA
5491	6981	0.248973221987187	undirected	NA	NA
5491	7467	0.260182961423001	undirected	NA	NA
5491	7608	0.0990207836298963	undirected	NA	NA
5491	8106	0.226396762046529	undirected	NA	NA
5491	8231	0.084061057312892	undirected	NA	NA
5491	8324	0.245424574975287	undirected	NA	NA
5491	8369	0.219239705129674	undirected	NA	NA
5491	8457	0.239140611679964	undirected	NA	NA
5491	9083	0.239772617927268	undirected	NA	NA
5491	9395	0.126643188076282	undirected	NA	NA
5491	9489	0.0833347673023926	undirected	NA	NA
5491	9717	0.141129922240087	undirected	NA	NA
5491	9764	0.043351729801083	undirected	NA	NA
5491	10153	0.184253519846988	undirected	NA	NA
5491	11158	0.216381092293877	undirected	NA	NA
5491	11230	0.149839736277915	undirected	NA	NA
5491	12003	0.257560084623041	undirected	NA	NA
5491	12362	0.161865942956528	undirected	NA	NA
5491	12423	0.137327017027118	undirected	NA	NA
5491	12529	0.134516445056873	undirected	NA	NA
5491	12558	0.258309805362906	undirected	NA	NA
5491	12728	0.118435937379668	undirected	NA	NA
5491	13369	0.187373003339035	undirected	NA	NA
5491	13479	0.133983868627594	undirected	NA	NA
5491	13480	0.173443502668921	undirected	NA	NA
5491	13498	0.238771617940635	undirected	NA	NA
5491	13815	0.160550689017123	undirected	NA	NA
5491	14717	0.238401054977061	undirected	NA	NA
5491	14768	0.244915233257561	undirected	NA	NA
5623	5790	0.201444333526686	undirected	NA	NA
5623	6040	0.0876196522637371	undirected	NA	NA
5623	6156	0.178778295130192	undirected	NA	NA
5623	6220	0.223271344904371	undirected	NA	NA
5623	6374	0.181757178055214	undirected	NA	NA
5623	6734	0.096426527837441	undirected	NA	NA
5623	6865	0.0261307750472524	undirected	NA	NA
5623	6889	0.253794502683604	undirected	NA	NA
5623	6896	0.17184666375233	undirected	NA	NA
5623	6981	0.0766856215678522	undirected	NA	NA
5623	7467	0.0584133121935094	undirected	NA	NA
5623	7608	0.259450167170125	undirected	NA	NA
5623	8106	0.0447362038886176	undirected	NA	NA
5623	8231	0.122023897294804	undirected	NA	NA
5623	8324	0.086077049346536	undirected	NA	NA
5623	8369	0.0563522880379804	undirected	NA	NA
5623	8457	0.056897099690586	undirected	NA	NA
5623	9083	0.0639729489019686	undirected	NA	NA
5623	9395	0.0706530942897616	undirected	NA	NA
5623	9489	0.275005587834662	undirected	NA	NA
5623	9717	0.217857546743499	undirected	NA	NA
5623	9764	0.288509041927086	undirected	NA	NA
5623	10153	0.173442415306189	undirected	NA	NA
5623	11158	0.0832014087361848	undirected	NA	NA
5623	11230	0.212001278006358	undirected	NA	NA
5623	12003	0.0341206547503828	undirected	NA	NA
5623	12362	0.19403472541133	undirected	NA	NA
5623	12423	0.218298791472915	undirected	NA	NA
5623	12529	0.195310133007801	undirected	NA	NA
5623	12558	0.0645075672060302	undirected	NA	NA
5623	12728	0.18166135165154	undirected	NA	NA
5623	13369	0.18123102220984	undirected	NA	NA
5623	13479	0.170310338687888	undirected	NA	NA
5623	13480	0.184630963087492	undirected	NA	NA
5623	13498	0.0324721546080793	undirected	NA	NA
5623	13815	0.19957136732449	undirected	NA	NA
5623	14717	0.153826601939147	undirected	NA	NA
5623	14768	0.0983820456174188	undirected	NA	NA
5790	6040	0.0630943170994585	undirected	NA	NA
5790	6156	0.105667191966076	undirected	NA	NA
5790	6220	0.167256780760172	undirected	NA	NA
5790	6374	0.130975002250752	undirected	NA	NA
5790	6734	0.0557744605338008	undirected	NA	NA
5790	6865	0.00857337111747376	undirected	NA	NA
5790	6889	0.186444937860582	undirected	NA	NA
5790	6896	0.089566512544101	undirected	NA	NA
5790	6981	0.043660005409484	undirected	NA	NA
5790	7467	0.0322473586450086	undirected	NA	NA
5790	7608	0.166156116798671	undirected	NA	NA
5790	8106	0.0260844507237287	undirected	NA	NA
5790	8231	0.105881351935586	undirected	NA	NA
5790	8324	0.030471142104341	undirected	NA	NA
5790	8369	0.0378818454092266	undirected	NA	NA
5790	8457	0.0245806246828401	undirected	NA	NA
5790	9083	0.0254999248360037	undirected	NA	NA
5790	9395	0.0299278679223637	undirected	NA	NA
5790	9489	0.207585877543206	undirected	NA	NA
5790	9717	0.14054824348323	undirected	NA	NA
5790	9764	0.204650489828518	undirected	NA	NA
5790	10153	0.12650731048833	undirected	NA	NA
5790	11158	0.0445413746222385	undirected	NA	NA
5790	11230	0.139047039483257	undirected	NA	NA
5790	12003	0.00968573276747676	undirected	NA	NA
5790	12362	0.124615193014839	undirected	NA	NA
5790	12423	0.133492673671457	undirected	NA	NA
5790	12529	0.150872982175751	undirected	NA	NA
5790	12558	0.0224385660597619	undirected	NA	NA
5790	12728	0.154951739878866	undirected	NA	NA
5790	13369	0.130637817885812	undirected	NA	NA
5790	13479	0.0932401733092423	undirected	NA	NA
5790	13480	0.0979052584522093	undirected	NA	NA
5790	13498	0.00943987007014797	undirected	NA	NA
5790	13815	0.121110311473092	undirected	NA	NA
5790	14717	0.0894259969522515	undirected	NA	NA
5790	14768	0.0622987747951459	undirected	NA	NA
6040	6156	0.205748411708438	undirected	NA	NA
6040	6220	0.222432462869553	undirected	NA	NA
6040	6374	0.254836536674388	undirected	NA	NA
6040	6734	0.21973704309132	undirected	NA	NA
6040	6865	0.0512881012637242	undirected	NA	NA
6040	6889	0.144236086753453	undirected	NA	NA
6040	6896	0.184986294496197	undirected	NA	NA
6040	6981	0.174218425105142	undirected	NA	NA
6040	7467	0.160937912178471	undirected	NA	NA
6040	7608	0.130847010665904	undirected	NA	NA
6040	8106	0.205341628561705	undirected	NA	NA
6040	8231	0.16172257180417	undirected	NA	NA
6040	8324	0.131231138268416	undirected	NA	NA
6040	8369	0.263072695789173	undirected	NA	NA
6040	8457	0.123445745634585	undirected	NA	NA
6040	9083	0.108354978208063	undirected	NA	NA
6040	9395	0.16026843839174	undirected	NA	NA
6040	9489	0.156445013725726	undirected	NA	NA
6040	9717	0.204819125845248	undirected	NA	NA
6040	9764	0.0851266592348116	undirected	NA	NA
6040	10153	0.235781479047105	undirected	NA	NA
6040	11158	0.17284280394773	undirected	NA	NA
6040	11230	0.213389095722763	undirected	NA	NA
6040	12003	0.0855802881466273	undirected	NA	NA
6040	12362	0.218604166554107	undirected	NA	NA
6040	12423	0.202098841801845	undirected	NA	NA
6040	12529	0.170314711290602	undirected	NA	NA
6040	12558	0.142869712034009	undirected	NA	NA
6040	12728	0.140372735417546	undirected	NA	NA
6040	13369	0.211535572982674	undirected	NA	NA
6040	13479	0.204361552424549	undirected	NA	NA
6040	13480	0.187630534715663	undirected	NA	NA
6040	13498	0.0521231744420152	undirected	NA	NA
6040	13815	0.201160601526048	undirected	NA	NA
6040	14717	0.259096881050516	undirected	NA	NA
6040	14768	0.199638159051396	undirected	NA	NA
6156	6220	0.321831962895293	undirected	NA	NA
6156	6374	0.334142306514845	undirected	NA	NA
6156	6734	0.277077894216321	undirected	NA	NA
6156	6865	0.0925978349913366	undirected	NA	NA
6156	6889	0.267238204867851	undirected	NA	NA
6156	6896	0.325652294142018	undirected	NA	NA
6156	6981	0.226582586888412	undirected	NA	NA
6156	7467	0.195826810636976	undirected	NA	NA
6156	7608	0.257006630341873	undirected	NA	NA
6156	8106	0.182476943471726	undirected	NA	NA
6156	8231	0.161505933926034	undirected	NA	NA
6156	8324	0.21384256678002	undirected	NA	NA
6156	8369	0.199805519423195	undirected	NA	NA
6156	8457	0.159578009954985	undirected	NA	NA
6156	9083	0.151297089183697	undirected	NA	NA
6156	9395	0.237296648649762	undirected	NA	NA
6156	9489	0.260879578177812	undirected	NA	NA
6156	9717	0.326557185414802	undirected	NA	NA
6156	9764	0.190403581063726	undirected	NA	NA
6156	10153	0.32025405020227	undirected	NA	NA
6156	11158	0.245632132711126	undirected	NA	NA
6156	11230	0.331900835657586	undirected	NA	NA
6156	12003	0.124095821572864	undirected	NA	NA
6156	12362	0.328454633349412	undirected	NA	NA
6156	12423	0.338850942483455	undirected	NA	NA
6156	12529	0.217135839061476	undirected	NA	NA
6156	12558	0.203192426800155	undirected	NA	NA
6156	12728	0.210306462333634	undirected	NA	NA
6156	13369	0.296329046781419	undirected	NA	NA
6156	13479	0.334188207586834	undirected	NA	NA
6156	13480	0.343662070756617	undirected	NA	NA
6156	13498	0.107711939641219	undirected	NA	NA
6156	13815	0.329519385344252	undirected	NA	NA
6156	14717	0.331491561893654	undirected	NA	NA
6156	14768	0.258576302973717	undirected	NA	NA
6220	6374	0.333040722054127	undirected	NA	NA
6220	6734	0.24230927906254	undirected	NA	NA
6220	6865	0.0717373600374228	undirected	NA	NA
6220	6889	0.327039448229981	undirected	NA	NA
6220	6896	0.31427745149888	undirected	NA	NA
6220	6981	0.212468529568197	undirected	NA	NA
6220	7467	0.170327885842929	undirected	NA	NA
6220	7608	0.281331579271156	undirected	NA	NA
6220	8106	0.157023800425243	undirected	NA	NA
6220	8231	0.207288693931289	undirected	NA	NA
6220	8324	0.188490930213412	undirected	NA	NA
6220	8369	0.182110451982886	undirected	NA	NA
6220	8457	0.148459688025839	undirected	NA	NA
6220	9083	0.145933113492326	undirected	NA	NA
6220	9395	0.204141350868734	undirected	NA	NA
6220	9489	0.303763074006762	undirected	NA	NA
6220	9717	0.343974934964337	undirected	NA	NA
6220	9764	0.25182533480591	undirected	NA	NA
6220	10153	0.322274139786724	undirected	NA	NA
6220	11158	0.234715037455271	undirected	NA	NA
6220	11230	0.350404164583528	undirected	NA	NA
6220	12003	0.100233918954763	undirected	NA	NA
6220	12362	0.337082395061387	undirected	NA	NA
6220	12423	0.354249938158854	undirected	NA	NA
6220	12529	0.262801124068675	undirected	NA	NA
6220	12558	0.170997747527262	undirected	NA	NA
6220	12728	0.242877522358576	undirected	NA	NA
6220	13369	0.31031564448841	undirected	NA	NA
6220	13479	0.349265192641432	undirected	NA	NA
6220	13480	0.342229731170548	undirected	NA	NA
6220	13498	0.0811588254707302	undirected	NA	NA
6220	13815	0.337252949974673	undirected	NA	NA
6220	14717	0.318681807878537	undirected	NA	NA
6220	14768	0.242748004512353	undirected	NA	NA
6374	6734	0.278186057288377	undirected	NA	NA
6374	6865	0.0913014370496279	undirected	NA	NA
6374	6889	0.302078202280498	undirected	NA	NA
6374	6896	0.326920159038909	undirected	NA	NA
6374	6981	0.258384341258581	undirected	NA	NA
6374	7467	0.205900148039704	undirected	NA	NA
6374	7608	0.256379630854322	undirected	NA	NA
6374	8106	0.20430998777393	undirected	NA	NA
6374	8231	0.211794361327841	undirected	NA	NA
6374	8324	0.226050076876874	undirected	NA	NA
6374	8369	0.229475028110924	undirected	NA	NA
6374	8457	0.189525669650658	undirected	NA	NA
6374	9083	0.182716894012545	undirected	NA	NA
6374	9395	0.23988632036986	undirected	NA	NA
6374	9489	0.271611652988443	undirected	NA	NA
6374	9717	0.340874178385699	undirected	NA	NA
6374	9764	0.208221359536032	undirected	NA	NA
6374	10153	0.341292777729876	undirected	NA	NA
6374	11158	0.281615038396083	undirected	NA	NA
6374	11230	0.35200775505432	undirected	NA	NA
6374	12003	0.136543945189116	undirected	NA	NA
6374	12362	0.344808998662298	undirected	NA	NA
6374	12423	0.351475057663863	undirected	NA	NA
6374	12529	0.259954580401123	undirected	NA	NA
6374	12558	0.216758665414088	undirected	NA	NA
6374	12728	0.22571237844345	undirected	NA	NA
6374	13369	0.311814695139808	undirected	NA	NA
6374	13479	0.365956958092523	undirected	NA	NA
6374	13480	0.356129000555021	undirected	NA	NA
6374	13498	0.104858639780222	undirected	NA	NA
6374	13815	0.342718354911043	undirected	NA	NA
6374	14717	0.347504019790927	undirected	NA	NA
6374	14768	0.284570912471907	undirected	NA	NA
6734	6865	0.130196789003	undirected	NA	NA
6734	6889	0.190808090040617	undirected	NA	NA
6734	6896	0.277134673493073	undirected	NA	NA
6734	6981	0.274058220840542	undirected	NA	NA
6734	7467	0.247749570968212	undirected	NA	NA
6734	7608	0.168487707424244	undirected	NA	NA
6734	8106	0.267232393813392	undirected	NA	NA
6734	8231	0.139681915227078	undirected	NA	NA
6734	8324	0.261736390717709	undirected	NA	NA
6734	8369	0.27018483663912	undirected	NA	NA
6734	8457	0.229292689584658	undirected	NA	NA
6734	9083	0.209187009261957	undirected	NA	NA
6734	9395	0.254538576523733	undirected	NA	NA
6734	9489	0.166965148867307	undirected	NA	NA
6734	9717	0.256650799875594	undirected	NA	NA
6734	9764	0.111131903401804	undirected	NA	NA
6734	10153	0.278368523715059	undirected	NA	NA
6734	11158	0.289340207495203	undirected	NA	NA
6734	11230	0.26898378777915	undirected	NA	NA
6734	12003	0.198097744223382	undirected	NA	NA
6734	12362	0.274068640938908	undirected	NA	NA
6734	12423	0.265964389406034	undirected	NA	NA
6734	12529	0.192555027454902	undirected	NA	NA
6734	12558	0.276160036986446	undirected	NA	NA
6734	12728	0.163840722323641	undirected	NA	NA
6734	13369	0.2613409062021	undirected	NA	NA
6734	13479	0.293787977140626	undirected	NA	NA
6734	13480	0.296447699206204	undirected	NA	NA
6734	13498	0.138623255622389	undirected	NA	NA
6734	13815	0.271745042438185	undirected	NA	NA
6734	14717	0.334968704501334	undirected	NA	NA
6734	14768	0.281230991522173	undirected	NA	NA
6865	6889	0.0499121921510979	undirected	NA	NA
6865	6896	0.0930369978393493	undirected	NA	NA
6865	6981	0.149172299045072	undirected	NA	NA
6865	7467	0.155626250018219	undirected	NA	NA
6865	7608	0.0594004461696897	undirected	NA	NA
6865	8106	0.150642647456615	undirected	NA	NA
6865	8231	0.0285077824967842	undirected	NA	NA
6865	8324	0.224843823556079	undirected	NA	NA
6865	8369	0.112746118655752	undirected	NA	NA
6865	8457	0.232049625112465	undirected	NA	NA
6865	9083	0.225006904140527	undirected	NA	NA
6865	9395	0.0603395460041289	undirected	NA	NA
6865	9489	0.0427311723564939	undirected	NA	NA
6865	9717	0.0748994676319629	undirected	NA	NA
6865	9764	0.0283057187868494	undirected	NA	NA
6865	10153	0.09913210145284	undirected	NA	NA
6865	11158	0.131039124334921	undirected	NA	NA
6865	11230	0.080491194749919	undirected	NA	NA
6865	12003	0.237841397753092	undirected	NA	NA
6865	12362	0.0847343510133971	undirected	NA	NA
6865	12423	0.0737078901062187	undirected	NA	NA
6865	12529	0.0897748930071572	undirected	NA	NA
6865	12558	0.22545392525042	undirected	NA	NA
6865	12728	0.0745437135059214	undirected	NA	NA
6865	13369	0.107139840219055	undirected	NA	NA
6865	13479	0.0697167304181457	undirected	NA	NA
6865	13480	0.102064602041935	undirected	NA	NA
6865	13498	0.184964774615617	undirected	NA	NA
6865	13815	0.0885600636046922	undirected	NA	NA
6865	14717	0.141581086339685	undirected	NA	NA
6865	14768	0.142081277035876	undirected	NA	NA
6889	6896	0.238577498730303	undirected	NA	NA
6889	6981	0.158458172040664	undirected	NA	NA
6889	7467	0.131989897683378	undirected	NA	NA
6889	7608	0.295490514159503	undirected	NA	NA
6889	8106	0.10823281627392	undirected	NA	NA
6889	8231	0.144008094674689	undirected	NA	NA
6889	8324	0.120989662199663	undirected	NA	NA
6889	8369	0.12280993212751	undirected	NA	NA
6889	8457	0.101085795692537	undirected	NA	NA
6889	9083	0.0977219645423462	undirected	NA	NA
6889	9395	0.115039359490937	undirected	NA	NA
6889	9489	0.313248069728663	undirected	NA	NA
6889	9717	0.300289389987636	undirected	NA	NA
6889	9764	0.261971152284351	undirected	NA	NA
6889	10153	0.300047874958225	undirected	NA	NA
6889	11158	0.15478455270657	undirected	NA	NA
6889	11230	0.303427427399696	undirected	NA	NA
6889	12003	0.0541166697310403	undirected	NA	NA
6889	12362	0.289335930156464	undirected	NA	NA
6889	12423	0.287863480346182	undirected	NA	NA
6889	12529	0.264377793467742	undirected	NA	NA
6889	12558	0.100915764894083	undirected	NA	NA
6889	12728	0.284798941974441	undirected	NA	NA
6889	13369	0.300950308095074	undirected	NA	NA
6889	13479	0.242799318154698	undirected	NA	NA
6889	13480	0.255192689588009	undirected	NA	NA
6889	13498	0.0527162537075928	undirected	NA	NA
6889	13815	0.28634846501929	undirected	NA	NA
6889	14717	0.246521480570081	undirected	NA	NA
6889	14768	0.203290520534525	undirected	NA	NA
6896	6981	0.209879468058306	undirected	NA	NA
6896	7467	0.19204434544899	undirected	NA	NA
6896	7608	0.251950309542149	undirected	NA	NA
6896	8106	0.177049228435172	undirected	NA	NA
6896	8231	0.139700462839174	undirected	NA	NA
6896	8324	0.206982615319673	undirected	NA	NA
6896	8369	0.191569242126999	undirected	NA	NA
6896	8457	0.149615871891153	undirected	NA	NA
6896	9083	0.140187950767755	undirected	NA	NA
6896	9395	0.230708528350371	undirected	NA	NA
6896	9489	0.252953923202405	undirected	NA	NA
6896	9717	0.319649428186014	undirected	NA	NA
6896	9764	0.169071284391139	undirected	NA	NA
6896	10153	0.313452884580009	undirected	NA	NA
6896	11158	0.226475488633896	undirected	NA	NA
6896	11230	0.318404920446749	undirected	NA	NA
6896	12003	0.120180049800176	undirected	NA	NA
6896	12362	0.327213699509997	undirected	NA	NA
6896	12423	0.314922371235903	undirected	NA	NA
6896	12529	0.197272665624613	undirected	NA	NA
6896	12558	0.197695560815122	undirected	NA	NA
6896	12728	0.197824208547793	undirected	NA	NA
6896	13369	0.283385531884095	undirected	NA	NA
6896	13479	0.308143091743238	undirected	NA	NA
6896	13480	0.321575770002147	undirected	NA	NA
6896	13498	0.11172666539473	undirected	NA	NA
6896	13815	0.321567137869359	undirected	NA	NA
6896	14717	0.320326231837652	undirected	NA	NA
6896	14768	0.25516678268996	undirected	NA	NA
6981	7467	0.266700795729233	undirected	NA	NA
6981	7608	0.144569608204367	undirected	NA	NA
6981	8106	0.279554936368081	undirected	NA	NA
6981	8231	0.101920551369523	undirected	NA	NA
6981	8324	0.251208176902488	undirected	NA	NA
6981	8369	0.25850531801359	undirected	NA	NA
6981	8457	0.248072581787622	undirected	NA	NA
6981	9083	0.220773681254791	undirected	NA	NA
6981	9395	0.188712321026307	undirected	NA	NA
6981	9489	0.135636984783067	undirected	NA	NA
6981	9717	0.205290732556598	undirected	NA	NA
6981	9764	0.0887763516913991	undirected	NA	NA
6981	10153	0.255780571664955	undirected	NA	NA
6981	11158	0.264828888520944	undirected	NA	NA
6981	11230	0.216261557000059	undirected	NA	NA
6981	12003	0.200504932398217	undirected	NA	NA
6981	12362	0.225055466961256	undirected	NA	NA
6981	12423	0.202202863556784	undirected	NA	NA
6981	12529	0.193795603241687	undirected	NA	NA
6981	12558	0.26328021176041	undirected	NA	NA
6981	12728	0.172881315907451	undirected	NA	NA
6981	13369	0.262972274532753	undirected	NA	NA
6981	13479	0.232772053308569	undirected	NA	NA
6981	13480	0.236190730708456	undirected	NA	NA
6981	13498	0.135062771997064	undirected	NA	NA
6981	13815	0.21969482483306	undirected	NA	NA
6981	14717	0.309224561543336	undirected	NA	NA
6981	14768	0.271000206933106	undirected	NA	NA
7467	7608	0.11587431538493	undirected	NA	NA
7467	8106	0.253787455007694	undirected	NA	NA
7467	8231	0.0956955999036116	undirected	NA	NA
7467	8324	0.252995748841135	undirected	NA	NA
7467	8369	0.225513728290885	undirected	NA	NA
7467	8457	0.266986354484345	undirected	NA	NA
7467	9083	0.24603409761761	undirected	NA	NA
7467	9395	0.163507071637317	undirected	NA	NA
7467	9489	0.10523058158901	undirected	NA	NA
7467	9717	0.172537146744685	undirected	NA	NA
7467	9764	0.0707235147356006	undirected	NA	NA
7467	10153	0.218066286665382	undirected	NA	NA
7467	11158	0.26867020293346	undirected	NA	NA
7467	11230	0.186315361975089	undirected	NA	NA
7467	12003	0.232742264856924	undirected	NA	NA
7467	12362	0.191035589522125	undirected	NA	NA
7467	12423	0.175433575757784	undirected	NA	NA
7467	12529	0.163157883759907	undirected	NA	NA
7467	12558	0.27014375424498	undirected	NA	NA
7467	12728	0.142825540013168	undirected	NA	NA
7467	13369	0.195909008222373	undirected	NA	NA
7467	13479	0.197373377112845	undirected	NA	NA
7467	13480	0.21456732269459	undirected	NA	NA
7467	13498	0.163115890945857	undirected	NA	NA
7467	13815	0.190824059094582	undirected	NA	NA
7467	14717	0.252192712611371	undirected	NA	NA
7467	14768	0.26031952431945	undirected	NA	NA
7608	8106	0.0925348226667375	undirected	NA	NA
7608	8231	0.136649749991308	undirected	NA	NA
7608	8324	0.152299911830713	undirected	NA	NA
7608	8369	0.104069416811811	undirected	NA	NA
7608	8457	0.109818769833379	undirected	NA	NA
7608	9083	0.115431370087823	undirected	NA	NA
7608	9395	0.12316720044593	undirected	NA	NA
7608	9489	0.291376774756807	undirected	NA	NA
7608	9717	0.286070004243281	undirected	NA	NA
7608	9764	0.281035874347924	undirected	NA	NA
7608	10153	0.248963239138584	undirected	NA	NA
7608	11158	0.154959862961884	undirected	NA	NA
7608	11230	0.285445863958657	undirected	NA	NA
7608	12003	0.0729574284391534	undirected	NA	NA
7608	12362	0.269226438418673	undirected	NA	NA
7608	12423	0.290145758158476	undirected	NA	NA
7608	12529	0.234343414349221	undirected	NA	NA
7608	12558	0.123899759726385	undirected	NA	NA
7608	12728	0.225439464817021	undirected	NA	NA
7608	13369	0.254919945750727	undirected	NA	NA
7608	13479	0.246726021656691	undirected	NA	NA
7608	13480	0.273060687329744	undirected	NA	NA
7608	13498	0.0696042683043346	undirected	NA	NA
7608	13815	0.276737279128478	undirected	NA	NA
7608	14717	0.236045330074771	undirected	NA	NA
7608	14768	0.172656399556175	undirected	NA	NA
8106	8231	0.119818822509352	undirected	NA	NA
8106	8324	0.195382914351955	undirected	NA	NA
8106	8369	0.242650778194138	undirected	NA	NA
8106	8457	0.221497164490822	undirected	NA	NA
8106	9083	0.199161827591282	undirected	NA	NA
8106	9395	0.19490135554942	undirected	NA	NA
8106	9489	0.0887619987071343	undirected	NA	NA
8106	9717	0.155316262388676	undirected	NA	NA
8106	9764	0.0513615172275559	undirected	NA	NA
8106	10153	0.208506767420171	undirected	NA	NA
8106	11158	0.282623724119225	undirected	NA	NA
8106	11230	0.169370777499401	undirected	NA	NA
8106	12003	0.207775509160642	undirected	NA	NA
8106	12362	0.178023372938299	undirected	NA	NA
8106	12423	0.157721963877271	undirected	NA	NA
8106	12529	0.116503777545157	undirected	NA	NA
8106	12558	0.23004649344366	undirected	NA	NA
8106	12728	0.122065943963755	undirected	NA	NA
8106	13369	0.184911013732926	undirected	NA	NA
8106	13479	0.197875664646275	undirected	NA	NA
8106	13480	0.193053711943124	undirected	NA	NA
8106	13498	0.153204584179651	undirected	NA	NA
8106	13815	0.172299121357601	undirected	NA	NA
8106	14717	0.213414460822237	undirected	NA	NA
8106	14768	0.264524513785947	undirected	NA	NA
8231	8324	0.107339610206312	undirected	NA	NA
8231	8369	0.180450061352759	undirected	NA	NA
8231	8457	0.0962361711332038	undirected	NA	NA
8231	9083	0.0960467423984853	undirected	NA	NA
8231	9395	0.0904142066231744	undirected	NA	NA
8231	9489	0.180379740336313	undirected	NA	NA
8231	9717	0.17896983288364	undirected	NA	NA
8231	9764	0.103197191872337	undirected	NA	NA
8231	10153	0.188388432209533	undirected	NA	NA
8231	11158	0.0978771415696122	undirected	NA	NA
8231	11230	0.181270729499325	undirected	NA	NA
8231	12003	0.0595309470673881	undirected	NA	NA
8231	12362	0.179871546342326	undirected	NA	NA
8231	12423	0.172093485663969	undirected	NA	NA
8231	12529	0.200106092887207	undirected	NA	NA
8231	12558	0.105759998411645	undirected	NA	NA
8231	12728	0.136017534743134	undirected	NA	NA
8231	13369	0.184128080113817	undirected	NA	NA
8231	13479	0.153883594064119	undirected	NA	NA
8231	13480	0.139134188541473	undirected	NA	NA
8231	13498	0.029584597567818	undirected	NA	NA
8231	13815	0.164039184468475	undirected	NA	NA
8231	14717	0.218785051230516	undirected	NA	NA
8231	14768	0.12907706472693	undirected	NA	NA
8324	8369	0.201757070134634	undirected	NA	NA
8324	8457	0.258052608588845	undirected	NA	NA
8324	9083	0.277449656764192	undirected	NA	NA
8324	9395	0.11888985627544	undirected	NA	NA
8324	9489	0.1284754639463	undirected	NA	NA
8324	9717	0.185798730479803	undirected	NA	NA
8324	9764	0.0758675827717482	undirected	NA	NA
8324	10153	0.226585867212608	undirected	NA	NA
8324	11158	0.216068613439196	undirected	NA	NA
8324	11230	0.193995819283415	undirected	NA	NA
8324	12003	0.249037404801299	undirected	NA	NA
8324	12362	0.203827357942051	undirected	NA	NA
8324	12423	0.178791154331723	undirected	NA	NA
8324	12529	0.192968141628994	undirected	NA	NA
8324	12558	0.271943800675391	undirected	NA	NA
8324	12728	0.169777840189517	undirected	NA	NA
8324	13369	0.240795445662347	undirected	NA	NA
8324	13479	0.157216821484696	undirected	NA	NA
8324	13480	0.212964834489142	undirected	NA	NA
8324	13498	0.247910699829475	undirected	NA	NA
8324	13815	0.205056931850135	undirected	NA	NA
8324	14717	0.277200262740754	undirected	NA	NA
8324	14768	0.263734807089828	undirected	NA	NA
8369	8457	0.212290095519429	undirected	NA	NA
8369	9083	0.19724255179323	undirected	NA	NA
8369	9395	0.222157773407156	undirected	NA	NA
8369	9489	0.109221169815221	undirected	NA	NA
8369	9717	0.176726104853778	undirected	NA	NA
8369	9764	0.0601032133030644	undirected	NA	NA
8369	10153	0.225366154756542	undirected	NA	NA
8369	11158	0.265579225795657	undirected	NA	NA
8369	11230	0.190192828994103	undirected	NA	NA
8369	12003	0.191344499953396	undirected	NA	NA
8369	12362	0.199482372194781	undirected	NA	NA
8369	12423	0.179394489669651	undirected	NA	NA
8369	12529	0.143160066018807	undirected	NA	NA
8369	12558	0.234758177855683	undirected	NA	NA
8369	12728	0.126758114507962	undirected	NA	NA
8369	13369	0.193834643839507	undirected	NA	NA
8369	13479	0.230503918656528	undirected	NA	NA
8369	13480	0.202752290445098	undirected	NA	NA
8369	13498	0.123102165350979	undirected	NA	NA
8369	13815	0.188823793071488	undirected	NA	NA
8369	14717	0.235238886419615	undirected	NA	NA
8369	14768	0.25532702630512	undirected	NA	NA
8457	9083	0.260875763500629	undirected	NA	NA
8457	9395	0.0908212091361122	undirected	NA	NA
8457	9489	0.0916776528829012	undirected	NA	NA
8457	9717	0.136857458619194	undirected	NA	NA
8457	9764	0.0564102985902452	undirected	NA	NA
8457	10153	0.194420738463224	undirected	NA	NA
8457	11158	0.217501880453182	undirected	NA	NA
8457	11230	0.14839675001242	undirected	NA	NA
8457	12003	0.225564814361325	undirected	NA	NA
8457	12362	0.154270603805179	undirected	NA	NA
8457	12423	0.130654752285684	undirected	NA	NA
8457	12529	0.19807835090102	undirected	NA	NA
8457	12558	0.249844868811406	undirected	NA	NA
8457	12728	0.166294774486236	undirected	NA	NA
8457	13369	0.227419908370738	undirected	NA	NA
8457	13479	0.12740013141196	undirected	NA	NA
8457	13480	0.16456042496468	undirected	NA	NA
8457	13498	0.215711415729789	undirected	NA	NA
8457	13815	0.154227697862977	undirected	NA	NA
8457	14717	0.248164483045901	undirected	NA	NA
8457	14768	0.248806944012455	undirected	NA	NA
9083	9395	0.0726020542783917	undirected	NA	NA
9083	9489	0.0951119491194976	undirected	NA	NA
9083	9717	0.131639851501167	undirected	NA	NA
9083	9764	0.0586288918923685	undirected	NA	NA
9083	10153	0.18528235585386	undirected	NA	NA
9083	11158	0.18617538409804	undirected	NA	NA
9083	11230	0.141526978462469	undirected	NA	NA
9083	12003	0.21752939041201	undirected	NA	NA
9083	12362	0.146698616420835	undirected	NA	NA
9083	12423	0.123346153363266	undirected	NA	NA
9083	12529	0.224130298383121	undirected	NA	NA
9083	12558	0.257906601337123	undirected	NA	NA
9083	12728	0.172552173422416	undirected	NA	NA
9083	13369	0.230888499541509	undirected	NA	NA
9083	13479	0.111287280641694	undirected	NA	NA
9083	13480	0.152437475370607	undirected	NA	NA
9083	13498	0.210969499135076	undirected	NA	NA
9083	13815	0.147184441882439	undirected	NA	NA
9083	14717	0.252820752989774	undirected	NA	NA
9083	14768	0.228691634059134	undirected	NA	NA
9395	9489	0.134231100283104	undirected	NA	NA
9395	9717	0.215677018330172	undirected	NA	NA
9395	9764	0.0655414185708674	undirected	NA	NA
9395	10153	0.224399888457907	undirected	NA	NA
9395	11158	0.184462853881863	undirected	NA	NA
9395	11230	0.219597160620442	undirected	NA	NA
9395	12003	0.0810048578756374	undirected	NA	NA
9395	12362	0.23554870391623	undirected	NA	NA
9395	12423	0.218401930367927	undirected	NA	NA
9395	12529	0.0930942680556735	undirected	NA	NA
9395	12558	0.137021591222937	undirected	NA	NA
9395	12728	0.100882936466083	undirected	NA	NA
9395	13369	0.170610351236723	undirected	NA	NA
9395	13479	0.20945189611522	undirected	NA	NA
9395	13480	0.216398335589107	undirected	NA	NA
9395	13498	0.0742187036686874	undirected	NA	NA
9395	13815	0.220902370753849	undirected	NA	NA
9395	14717	0.225523766944705	undirected	NA	NA
9395	14768	0.208179973765458	undirected	NA	NA
9489	9717	0.299101331942006	undirected	NA	NA
9489	9764	0.290745558111103	undirected	NA	NA
9489	10153	0.258812622300188	undirected	NA	NA
9489	11158	0.150262994529407	undirected	NA	NA
9489	11230	0.297476486595447	undirected	NA	NA
9489	12003	0.0576275028599491	undirected	NA	NA
9489	12362	0.279194473177275	undirected	NA	NA
9489	12423	0.305215968639466	undirected	NA	NA
9489	12529	0.23542854298927	undirected	NA	NA
9489	12558	0.106833061275109	undirected	NA	NA
9489	12728	0.222854070227392	undirected	NA	NA
9489	13369	0.253460991869136	undirected	NA	NA
9489	13479	0.272148268099406	undirected	NA	NA
9489	13480	0.272725613015244	undirected	NA	NA
9489	13498	0.0510842649740132	undirected	NA	NA
9489	13815	0.281797796586428	undirected	NA	NA
9489	14717	0.23713069526202	undirected	NA	NA
9489	14768	0.164793828442928	undirected	NA	NA
9717	9764	0.229595176438502	undirected	NA	NA
9717	10153	0.326870910522291	undirected	NA	NA
9717	11158	0.226537947466519	undirected	NA	NA
9717	11230	0.341765932241338	undirected	NA	NA
9717	12003	0.0980000778963404	undirected	NA	NA
9717	12362	0.337523886179111	undirected	NA	NA
9717	12423	0.349962231134406	undirected	NA	NA
9717	12529	0.232690139526568	undirected	NA	NA
9717	12558	0.169981877504071	undirected	NA	NA
9717	12728	0.229784506230373	undirected	NA	NA
9717	13369	0.303022438196448	undirected	NA	NA
9717	13479	0.339783632897669	undirected	NA	NA
9717	13480	0.341200186094888	undirected	NA	NA
9717	13498	0.0883264242834636	undirected	NA	NA
9717	13815	0.333478561717274	undirected	NA	NA
9717	14717	0.3167971360194	undirected	NA	NA
9717	14768	0.244193735215573	undirected	NA	NA
9764	10153	0.207389983242146	undirected	NA	NA
9764	11158	0.0902844631056326	undirected	NA	NA
9764	11230	0.226025540716642	undirected	NA	NA
9764	12003	0.0285170142652658	undirected	NA	NA
9764	12362	0.209479196926873	undirected	NA	NA
9764	12423	0.216746810305973	undirected	NA	NA
9764	12529	0.212438586549273	undirected	NA	NA
9764	12558	0.0564208501737087	undirected	NA	NA
9764	12728	0.235694431475235	undirected	NA	NA
9764	13369	0.216533248449679	undirected	NA	NA
9764	13479	0.166922741819917	undirected	NA	NA
9764	13480	0.179979241511424	undirected	NA	NA
9764	13498	0.0321142325605665	undirected	NA	NA
9764	13815	0.211694361035619	undirected	NA	NA
9764	14717	0.158061364999173	undirected	NA	NA
9764	14768	0.121446911577659	undirected	NA	NA
10153	11158	0.280863180399187	undirected	NA	NA
10153	11230	0.339322737805493	undirected	NA	NA
10153	12003	0.135930961808192	undirected	NA	NA
10153	12362	0.330454484394185	undirected	NA	NA
10153	12423	0.337589837508194	undirected	NA	NA
10153	12529	0.268021323597433	undirected	NA	NA
10153	12558	0.214506685159041	undirected	NA	NA
10153	12728	0.245098959641798	undirected	NA	NA
10153	13369	0.329420361016438	undirected	NA	NA
10153	13479	0.351945601081532	undirected	NA	NA
10153	13480	0.347456987086946	undirected	NA	NA
10153	13498	0.102932324201345	undirected	NA	NA
10153	13815	0.330627193469982	undirected	NA	NA
10153	14717	0.34939169577319	undirected	NA	NA
10153	14768	0.279700950718808	undirected	NA	NA
11158	11230	0.239732691049194	undirected	NA	NA
11158	12003	0.164153045229404	undirected	NA	NA
11158	12362	0.247133105889267	undirected	NA	NA
11158	12423	0.221175064589281	undirected	NA	NA
11158	12529	0.192267325890478	undirected	NA	NA
11158	12558	0.22834017744341	undirected	NA	NA
11158	12728	0.186487854929404	undirected	NA	NA
11158	13369	0.275853477175716	undirected	NA	NA
11158	13479	0.224633478447069	undirected	NA	NA
11158	13480	0.239575996859251	undirected	NA	NA
11158	13498	0.119078929191994	undirected	NA	NA
11158	13815	0.240168030292535	undirected	NA	NA
11158	14717	0.306939574028672	undirected	NA	NA
11158	14768	0.288925785629559	undirected	NA	NA
11230	12003	0.104565241137581	undirected	NA	NA
11230	12362	0.343507658951433	undirected	NA	NA
11230	12423	0.348577182183156	undirected	NA	NA
11230	12529	0.24420635761691	undirected	NA	NA
11230	12558	0.178879430035968	undirected	NA	NA
11230	12728	0.240819297113733	undirected	NA	NA
11230	13369	0.317641545194208	undirected	NA	NA
11230	13479	0.34631077192568	undirected	NA	NA
11230	13480	0.344127250474028	undirected	NA	NA
11230	13498	0.0918687092207913	undirected	NA	NA
11230	13815	0.336482902222879	undirected	NA	NA
11230	14717	0.329567992184566	undirected	NA	NA
11230	14768	0.258886178857443	undirected	NA	NA
12003	12362	0.114250781371959	undirected	NA	NA
12003	12423	0.0931288987059319	undirected	NA	NA
12003	12529	0.121285355762973	undirected	NA	NA
12003	12558	0.259224281875212	undirected	NA	NA
12003	12728	0.0953161846650604	undirected	NA	NA
12003	13369	0.15314255445777	undirected	NA	NA
12003	13479	0.0860157881136136	undirected	NA	NA
12003	13480	0.1225202072692	undirected	NA	NA
12003	13498	0.233671528802742	undirected	NA	NA
12003	13815	0.113940520968398	undirected	NA	NA
12003	14717	0.202503203421058	undirected	NA	NA
12003	14768	0.195090524139999	undirected	NA	NA
12362	12423	0.350168185083963	undirected	NA	NA
12362	12529	0.231649093694579	undirected	NA	NA
12362	12558	0.191821433974452	undirected	NA	NA
12362	12728	0.223967752580264	undirected	NA	NA
12362	13369	0.306921997857786	undirected	NA	NA
12362	13479	0.349165050555498	undirected	NA	NA
12362	13480	0.349062697612594	undirected	NA	NA
12362	13498	0.0976653756029026	undirected	NA	NA
12362	13815	0.337115002548911	undirected	NA	NA
12362	14717	0.333487346299474	undirected	NA	NA
12362	14768	0.258763160643274	undirected	NA	NA
12423	12529	0.226044738294195	undirected	NA	NA
12423	12558	0.164755616421022	undirected	NA	NA
12423	12728	0.231042008072269	undirected	NA	NA
12423	13369	0.306270360441209	undirected	NA	NA
12423	13479	0.334435953403296	undirected	NA	NA
12423	13480	0.33079767634482	undirected	NA	NA
12423	13498	0.0880619136334926	undirected	NA	NA
12423	13815	0.342901428231474	undirected	NA	NA
12423	14717	0.317921467256686	undirected	NA	NA
12423	14768	0.25213929352779	undirected	NA	NA
12529	12558	0.1659942605034	undirected	NA	NA
12529	12728	0.290341782534248	undirected	NA	NA
12529	13369	0.291826057227991	undirected	NA	NA
12529	13479	0.211432059029179	undirected	NA	NA
12529	13480	0.226763454262536	undirected	NA	NA
12529	13498	0.0928778676311375	undirected	NA	NA
12529	13815	0.231729228501549	undirected	NA	NA
12529	14717	0.237705015373791	undirected	NA	NA
12529	14768	0.223350035838439	undirected	NA	NA
12558	12728	0.14194046034553	undirected	NA	NA
12558	13369	0.21922941521399	undirected	NA	NA
12558	13479	0.155575426430549	undirected	NA	NA
12558	13480	0.200542575198758	undirected	NA	NA
12558	13498	0.245178191502454	undirected	NA	NA
12558	13815	0.189963897951675	undirected	NA	NA
12558	14717	0.275557066728674	undirected	NA	NA
12558	14768	0.266942557430979	undirected	NA	NA
12728	13369	0.270597545809081	undirected	NA	NA
12728	13479	0.221887480262137	undirected	NA	NA
12728	13480	0.234591576713917	undirected	NA	NA
12728	13498	0.0723213291786539	undirected	NA	NA
12728	13815	0.229024425578861	undirected	NA	NA
12728	14717	0.234946482061059	undirected	NA	NA
12728	14768	0.195620937957352	undirected	NA	NA
13369	13479	0.306009279130636	undirected	NA	NA
13369	13480	0.321641777147597	undirected	NA	NA
13369	13498	0.122463478730364	undirected	NA	NA
13369	13815	0.309133365002387	undirected	NA	NA
13369	14717	0.308483186186304	undirected	NA	NA
13369	14768	0.288904400346653	undirected	NA	NA
13479	13480	0.31253195335314	undirected	NA	NA
13479	13498	0.0784476387725207	undirected	NA	NA
13479	13815	0.334984659225867	undirected	NA	NA
13479	14717	0.320877584968551	undirected	NA	NA
13479	14768	0.277631529888342	undirected	NA	NA
13480	13498	0.115074145474196	undirected	NA	NA
13480	13815	0.344044235641334	undirected	NA	NA
13480	14717	0.33897160793097	undirected	NA	NA
13480	14768	0.284936799764161	undirected	NA	NA
13498	13815	0.102076819030942	undirected	NA	NA
13498	14717	0.170433981808983	undirected	NA	NA
13498	14768	0.133035356095651	undirected	NA	NA
13815	14717	0.328626841061859	undirected	NA	NA
13815	14768	0.259131524256124	undirected	NA	NA
14717	14768	0.333891606001885	undirected	NA	NA
