fromNode	toNode	weight	direction	fromAltName	toAltName
321	1170	0.0292658321166617	undirected	NA	NA
321	1352	0.065338102908741	undirected	NA	NA
321	1508	0.00891295711958874	undirected	NA	NA
321	1762	0.0757801070194559	undirected	NA	NA
321	2721	0.10050639315815	undirected	NA	NA
321	3340	0.0554165555435431	undirected	NA	NA
321	3750	0.0390552450261273	undirected	NA	NA
321	3976	0.0361194082508082	undirected	NA	NA
321	4195	0.0572192160106504	undirected	NA	NA
321	4465	0.260139397469006	undirected	NA	NA
321	4653	0.00316385965700685	undirected	NA	NA
321	5236	0.0643558474316267	undirected	NA	NA
321	7554	0.0689068451518829	undirected	NA	NA
321	7589	0.0129597237390693	undirected	NA	NA
321	8082	0.0367098820394658	undirected	NA	NA
321	8087	0.0678421729344817	undirected	NA	NA
321	8543	0.0656403905747302	undirected	NA	NA
321	9190	0.0372421043205651	undirected	NA	NA
321	9351	0.0109631497061614	undirected	NA	NA
321	9547	0.028973098542738	undirected	NA	NA
321	10370	0.0494953804988877	undirected	NA	NA
321	10707	0.0523606086267634	undirected	NA	NA
321	10875	0.0703717709667678	undirected	NA	NA
321	10878	0.0187303390517001	undirected	NA	NA
321	11185	0.0451578095005321	undirected	NA	NA
321	11198	0.0581825247482398	undirected	NA	NA
321	11242	0.0522282809703612	undirected	NA	NA
321	11632	0.149451174096833	undirected	NA	NA
321	11649	0.130320810411689	undirected	NA	NA
321	12597	0.0361546178233011	undirected	NA	NA
321	12823	0.0209073393138793	undirected	NA	NA
321	13694	0.0650013563049108	undirected	NA	NA
321	13721	0.0211988408815749	undirected	NA	NA
321	14181	0.0556695550229879	undirected	NA	NA
321	14410	0.0218341264242511	undirected	NA	NA
321	14649	0.021746280442019	undirected	NA	NA
321	14848	0.143834814664219	undirected	NA	NA
321	15031	0.0777237879067134	undirected	NA	NA
321	15573	0.041491964600905	undirected	NA	NA
321	15742	0.00995597816367843	undirected	NA	NA
1170	1352	0.223172195053051	undirected	NA	NA
1170	1508	0.257878438462888	undirected	NA	NA
1170	1762	0.112294990273607	undirected	NA	NA
1170	2721	0.0447624387199367	undirected	NA	NA
1170	3340	0.302902718951039	undirected	NA	NA
1170	3750	0.265787746938562	undirected	NA	NA
1170	3976	0.242669365522029	undirected	NA	NA
1170	4195	0.00486797666339688	undirected	NA	NA
1170	4465	0.11462556226901	undirected	NA	NA
1170	4653	0.301526959663841	undirected	NA	NA
1170	5236	0.301260533559011	undirected	NA	NA
1170	7554	0.214785910269755	undirected	NA	NA
1170	7589	0.00288313216986008	undirected	NA	NA
1170	8082	0.174221535938829	undirected	NA	NA
1170	8087	0.16536211697885	undirected	NA	NA
1170	8543	0.241023699404871	undirected	NA	NA
1170	9190	0.250225943674567	undirected	NA	NA
1170	9351	0.000164287801436719	undirected	NA	NA
1170	9547	0.0251134637362041	undirected	NA	NA
1170	10370	0.241379923241138	undirected	NA	NA
1170	10707	0.293946456790541	undirected	NA	NA
1170	10875	0.266129895122658	undirected	NA	NA
1170	10878	0.0771669256940171	undirected	NA	NA
1170	11185	0.229759926909501	undirected	NA	NA
1170	11198	0.0958482792128553	undirected	NA	NA
1170	11242	0.184156559039218	undirected	NA	NA
1170	11632	0.0766777840154914	undirected	NA	NA
1170	11649	0.130682373293135	undirected	NA	NA
1170	12597	0.137142895416995	undirected	NA	NA
1170	12823	0.134034469811384	undirected	NA	NA
1170	13694	0.315164877750409	undirected	NA	NA
1170	13721	0.21025891282659	undirected	NA	NA
1170	14181	0.0122448468105016	undirected	NA	NA
1170	14410	0.00124124988764574	undirected	NA	NA
1170	14649	0.00743745721267104	undirected	NA	NA
1170	14848	0.291506948357874	undirected	NA	NA
1170	15031	0.060618162451475	undirected	NA	NA
1170	15573	0.250367807055743	undirected	NA	NA
1170	15742	0.187032727550772	undirected	NA	NA
1352	1508	0.197811176280159	undirected	NA	NA
1352	1762	0.237505505747241	undirected	NA	NA
1352	2721	0.0968968368416015	undirected	NA	NA
1352	3340	0.282059536541118	undirected	NA	NA
1352	3750	0.345710670939519	undirected	NA	NA
1352	3976	0.273516598622072	undirected	NA	NA
1352	4195	0.0268171638209452	undirected	NA	NA
1352	4465	0.145322041774084	undirected	NA	NA
1352	4653	0.0929764436447699	undirected	NA	NA
1352	5236	0.298360805424303	undirected	NA	NA
1352	7554	0.249824831822894	undirected	NA	NA
1352	7589	0.0343089626110416	undirected	NA	NA
1352	8082	0.164041839425554	undirected	NA	NA
1352	8087	0.230221751632374	undirected	NA	NA
1352	8543	0.346600238569657	undirected	NA	NA
1352	9190	0.217481299363856	undirected	NA	NA
1352	9351	0.00537285039731735	undirected	NA	NA
1352	9547	0.10181821869009	undirected	NA	NA
1352	10370	0.36400255035986	undirected	NA	NA
1352	10707	0.311835149067065	undirected	NA	NA
1352	10875	0.316056182552921	undirected	NA	NA
1352	10878	0.0323225964842649	undirected	NA	NA
1352	11185	0.345236771133609	undirected	NA	NA
1352	11198	0.207006870478069	undirected	NA	NA
1352	11242	0.248768234671044	undirected	NA	NA
1352	11632	0.132986980287209	undirected	NA	NA
1352	11649	0.103593994797455	undirected	NA	NA
1352	12597	0.131039384381813	undirected	NA	NA
1352	12823	0.0873210229440892	undirected	NA	NA
1352	13694	0.326839937799905	undirected	NA	NA
1352	13721	0.227731257255439	undirected	NA	NA
1352	14181	0.0547705722519084	undirected	NA	NA
1352	14410	0.0102233738338688	undirected	NA	NA
1352	14649	0.0371034476217045	undirected	NA	NA
1352	14848	0.299001615395157	undirected	NA	NA
1352	15031	0.188289757473462	undirected	NA	NA
1352	15573	0.308317176287299	undirected	NA	NA
1352	15742	0.179864767333372	undirected	NA	NA
1508	1762	0.0672604422005677	undirected	NA	NA
1508	2721	0.0191927524915748	undirected	NA	NA
1508	3340	0.265404908762914	undirected	NA	NA
1508	3750	0.284819345691519	undirected	NA	NA
1508	3976	0.24242179444093	undirected	NA	NA
1508	4195	0.0014319051804262	undirected	NA	NA
1508	4465	0.049757864245501	undirected	NA	NA
1508	4653	0.357363224597809	undirected	NA	NA
1508	5236	0.260509381262982	undirected	NA	NA
1508	7554	0.184594720218434	undirected	NA	NA
1508	7589	0.00151407804113243	undirected	NA	NA
1508	8082	0.185641922196025	undirected	NA	NA
1508	8087	0.144111237932464	undirected	NA	NA
1508	8543	0.250398816125642	undirected	NA	NA
1508	9190	0.243453441458179	undirected	NA	NA
1508	9351	2.09563464457211e-05	undirected	NA	NA
1508	9547	0.0141506383504158	undirected	NA	NA
1508	10370	0.278415549933505	undirected	NA	NA
1508	10707	0.265571137002673	undirected	NA	NA
1508	10875	0.247604294308656	undirected	NA	NA
1508	10878	0.0758758773418826	undirected	NA	NA
1508	11185	0.276135031444338	undirected	NA	NA
1508	11198	0.0607359837649057	undirected	NA	NA
1508	11242	0.198932651647656	undirected	NA	NA
1508	11632	0.0303565238609932	undirected	NA	NA
1508	11649	0.0976721241741333	undirected	NA	NA
1508	12597	0.138915002677688	undirected	NA	NA
1508	12823	0.144381094470541	undirected	NA	NA
1508	13694	0.270732977422913	undirected	NA	NA
1508	13721	0.273201046225884	undirected	NA	NA
1508	14181	0.00394283708002181	undirected	NA	NA
1508	14410	0.00021443328042794	undirected	NA	NA
1508	14649	0.00265886065414612	undirected	NA	NA
1508	14848	0.168004061017507	undirected	NA	NA
1508	15031	0.0309468741763233	undirected	NA	NA
1508	15573	0.268880168489556	undirected	NA	NA
1508	15742	0.181334217258413	undirected	NA	NA
1762	2721	0.0352510273472916	undirected	NA	NA
1762	3340	0.158139464361737	undirected	NA	NA
1762	3750	0.191455958612733	undirected	NA	NA
1762	3976	0.239453172627464	undirected	NA	NA
1762	4195	0.00810392503982958	undirected	NA	NA
1762	4465	0.110975304659524	undirected	NA	NA
1762	4653	0.0221509266380656	undirected	NA	NA
1762	5236	0.168063281129898	undirected	NA	NA
1762	7554	0.354739535005824	undirected	NA	NA
1762	7589	0.13449445504964	undirected	NA	NA
1762	8082	0.153626153104923	undirected	NA	NA
1762	8087	0.355753440176709	undirected	NA	NA
1762	8543	0.264648371427592	undirected	NA	NA
1762	9190	0.103091890529411	undirected	NA	NA
1762	9351	0.012853346857492	undirected	NA	NA
1762	9547	0.31212147691727	undirected	NA	NA
1762	10370	0.233307793673801	undirected	NA	NA
1762	10707	0.161706843446486	undirected	NA	NA
1762	10875	0.186567163515179	undirected	NA	NA
1762	10878	0.0841565300250541	undirected	NA	NA
1762	11185	0.187729249068765	undirected	NA	NA
1762	11198	0.325429952418254	undirected	NA	NA
1762	11242	0.317665048898187	undirected	NA	NA
1762	11632	0.0672264504548688	undirected	NA	NA
1762	11649	0.17215158345274	undirected	NA	NA
1762	12597	0.137738676303876	undirected	NA	NA
1762	12823	0.0977753963462651	undirected	NA	NA
1762	13694	0.21834219221972	undirected	NA	NA
1762	13721	0.188375042250181	undirected	NA	NA
1762	14181	0.0647862702251762	undirected	NA	NA
1762	14410	0.0177077866289597	undirected	NA	NA
1762	14649	0.0188532579942283	undirected	NA	NA
1762	14848	0.197144554902894	undirected	NA	NA
1762	15031	0.344560346856212	undirected	NA	NA
1762	15573	0.137621770938992	undirected	NA	NA
1762	15742	0.0714199526693958	undirected	NA	NA
2721	3340	0.0798957242588854	undirected	NA	NA
2721	3750	0.0782586695676667	undirected	NA	NA
2721	3976	0.0549786149532886	undirected	NA	NA
2721	4195	0.253122201342537	undirected	NA	NA
2721	4465	0.110750175178282	undirected	NA	NA
2721	4653	0.00517388492755839	undirected	NA	NA
2721	5236	0.0925931357134026	undirected	NA	NA
2721	7554	0.0493973997445681	undirected	NA	NA
2721	7589	0.00441099899838258	undirected	NA	NA
2721	8082	0.0233500300816502	undirected	NA	NA
2721	8087	0.0407108256428232	undirected	NA	NA
2721	8543	0.0794166097237384	undirected	NA	NA
2721	9190	0.0567975391111814	undirected	NA	NA
2721	9351	0.0373685408056154	undirected	NA	NA
2721	9547	0.00685883536052877	undirected	NA	NA
2721	10370	0.0713255706282547	undirected	NA	NA
2721	10707	0.0963283817062595	undirected	NA	NA
2721	10875	0.10391931883321	undirected	NA	NA
2721	10878	0.00290863507689531	undirected	NA	NA
2721	11185	0.0692031076819677	undirected	NA	NA
2721	11198	0.0222383155476092	undirected	NA	NA
2721	11242	0.0408506939269223	undirected	NA	NA
2721	11632	0.241900790673703	undirected	NA	NA
2721	11649	0.038833308063592	undirected	NA	NA
2721	12597	0.0155768061638746	undirected	NA	NA
2721	12823	0.00937008427283332	undirected	NA	NA
2721	13694	0.0890585129562932	undirected	NA	NA
2721	13721	0.0301471934422034	undirected	NA	NA
2721	14181	0.146125461333266	undirected	NA	NA
2721	14410	0.0721548498365965	undirected	NA	NA
2721	14649	0.11274123552256	undirected	NA	NA
2721	14848	0.133902843199593	undirected	NA	NA
2721	15031	0.0413292015493809	undirected	NA	NA
2721	15573	0.0841039778721093	undirected	NA	NA
2721	15742	0.0406421407470608	undirected	NA	NA
3340	3750	0.279627188249773	undirected	NA	NA
3340	3976	0.275162266050594	undirected	NA	NA
3340	4195	0.0141911672352402	undirected	NA	NA
3340	4465	0.16266046862675	undirected	NA	NA
3340	4653	0.224487060099801	undirected	NA	NA
3340	5236	0.305890621360356	undirected	NA	NA
3340	7554	0.247445981628725	undirected	NA	NA
3340	7589	0.00602335895403624	undirected	NA	NA
3340	8082	0.201028852309925	undirected	NA	NA
3340	8087	0.199261270654636	undirected	NA	NA
3340	8543	0.259505948058472	undirected	NA	NA
3340	9190	0.290367427254696	undirected	NA	NA
3340	9351	0.000898585133915352	undirected	NA	NA
3340	9547	0.0394379611315082	undirected	NA	NA
3340	10370	0.293874123411223	undirected	NA	NA
3340	10707	0.308044422246334	undirected	NA	NA
3340	10875	0.294139281628559	undirected	NA	NA
3340	10878	0.0513697315331098	undirected	NA	NA
3340	11185	0.325217176262152	undirected	NA	NA
3340	11198	0.130437347697199	undirected	NA	NA
3340	11242	0.197340483902817	undirected	NA	NA
3340	11632	0.127700918212885	undirected	NA	NA
3340	11649	0.132821411080411	undirected	NA	NA
3340	12597	0.149559347597252	undirected	NA	NA
3340	12823	0.133314209329736	undirected	NA	NA
3340	13694	0.330181112920771	undirected	NA	NA
3340	13721	0.205251561012596	undirected	NA	NA
3340	14181	0.0274101340443292	undirected	NA	NA
3340	14410	0.0039461779861848	undirected	NA	NA
3340	14649	0.0174374011853591	undirected	NA	NA
3340	14848	0.369881183230327	undirected	NA	NA
3340	15031	0.100200590715754	undirected	NA	NA
3340	15573	0.301914695663749	undirected	NA	NA
3340	15742	0.214163857173719	undirected	NA	NA
3750	3976	0.343476091045539	undirected	NA	NA
3750	4195	0.0115904629703742	undirected	NA	NA
3750	4465	0.13537620019716	undirected	NA	NA
3750	4653	0.19900963445511	undirected	NA	NA
3750	5236	0.297547101521872	undirected	NA	NA
3750	7554	0.288283490058336	undirected	NA	NA
3750	7589	0.00957516421257721	undirected	NA	NA
3750	8082	0.170683359996794	undirected	NA	NA
3750	8087	0.241390703379197	undirected	NA	NA
3750	8543	0.292317927184982	undirected	NA	NA
3750	9190	0.250016196421355	undirected	NA	NA
3750	9351	0.00106272391259336	undirected	NA	NA
3750	9547	0.0528009681966429	undirected	NA	NA
3750	10370	0.319049791586852	undirected	NA	NA
3750	10707	0.317446918190242	undirected	NA	NA
3750	10875	0.314439108192861	undirected	NA	NA
3750	10878	0.0410644105489949	undirected	NA	NA
3750	11185	0.332494947814292	undirected	NA	NA
3750	11198	0.161252749965947	undirected	NA	NA
3750	11242	0.236033861862763	undirected	NA	NA
3750	11632	0.115525863346826	undirected	NA	NA
3750	11649	0.118978438218013	undirected	NA	NA
3750	12597	0.127739267746824	undirected	NA	NA
3750	12823	0.10268048944537	undirected	NA	NA
3750	13694	0.337761181874174	undirected	NA	NA
3750	13721	0.256821580668288	undirected	NA	NA
3750	14181	0.0287206792235067	undirected	NA	NA
3750	14410	0.0033871917614549	undirected	NA	NA
3750	14649	0.0239769727144582	undirected	NA	NA
3750	14848	0.369211001414985	undirected	NA	NA
3750	15031	0.122451625281936	undirected	NA	NA
3750	15573	0.30580317687483	undirected	NA	NA
3750	15742	0.290001013706163	undirected	NA	NA
3976	4195	0.00716258597279564	undirected	NA	NA
3976	4465	0.110960773752654	undirected	NA	NA
3976	4653	0.130037260683592	undirected	NA	NA
3976	5236	0.281616624329693	undirected	NA	NA
3976	7554	0.266233010140971	undirected	NA	NA
3976	7589	0.0258265824946424	undirected	NA	NA
3976	8082	0.188506894775343	undirected	NA	NA
3976	8087	0.242828910583014	undirected	NA	NA
3976	8543	0.327550756728696	undirected	NA	NA
3976	9190	0.222207250200095	undirected	NA	NA
3976	9351	0.00236566876128235	undirected	NA	NA
3976	9547	0.105710097526956	undirected	NA	NA
3976	10370	0.359621654014036	undirected	NA	NA
3976	10707	0.295080025858714	undirected	NA	NA
3976	10875	0.282874256234454	undirected	NA	NA
3976	10878	0.0426975881787866	undirected	NA	NA
3976	11185	0.342425812961381	undirected	NA	NA
3976	11198	0.215616347486535	undirected	NA	NA
3976	11242	0.25104501765105	undirected	NA	NA
3976	11632	0.0852826895432206	undirected	NA	NA
3976	11649	0.102241726353546	undirected	NA	NA
3976	12597	0.146628094786097	undirected	NA	NA
3976	12823	0.113364219360428	undirected	NA	NA
3976	13694	0.315406977076443	undirected	NA	NA
3976	13721	0.250824376363645	undirected	NA	NA
3976	14181	0.0332874815133524	undirected	NA	NA
3976	14410	0.00428030882067683	undirected	NA	NA
3976	14649	0.0228876680207608	undirected	NA	NA
3976	14848	0.277292075302151	undirected	NA	NA
3976	15031	0.173860475158099	undirected	NA	NA
3976	15573	0.29366354955893	undirected	NA	NA
3976	15742	0.210695843065017	undirected	NA	NA
4195	4465	0.0582132961635685	undirected	NA	NA
4195	4653	0.000353479565330236	undirected	NA	NA
4195	5236	0.0194682231965341	undirected	NA	NA
4195	7554	0.0069148031661348	undirected	NA	NA
4195	7589	0.000728174340309917	undirected	NA	NA
4195	8082	0.00197527120073822	undirected	NA	NA
4195	8087	0.00594432616195534	undirected	NA	NA
4195	8543	0.0129049738188176	undirected	NA	NA
4195	9190	0.00864666439240427	undirected	NA	NA
4195	9351	0.0223781321517585	undirected	NA	NA
4195	9547	0.000884882375557717	undirected	NA	NA
4195	10370	0.00905845838307064	undirected	NA	NA
4195	10707	0.02070373139791	undirected	NA	NA
4195	10875	0.0267363283831624	undirected	NA	NA
4195	10878	0.00021311929316811	undirected	NA	NA
4195	11185	0.00883799274698633	undirected	NA	NA
4195	11198	0.00371927142315503	undirected	NA	NA
4195	11242	0.0044516986597538	undirected	NA	NA
4195	11632	0.204683408027728	undirected	NA	NA
4195	11649	0.00838687570288292	undirected	NA	NA
4195	12597	0.00132634898376493	undirected	NA	NA
4195	12823	0.000672383253389059	undirected	NA	NA
4195	13694	0.0158406093555978	undirected	NA	NA
4195	13721	0.0024900552326996	undirected	NA	NA
4195	14181	0.0861008666606069	undirected	NA	NA
4195	14410	0.0421908168451995	undirected	NA	NA
4195	14649	0.0777752129097491	undirected	NA	NA
4195	14848	0.0564644684038946	undirected	NA	NA
4195	15031	0.0158284755546208	undirected	NA	NA
4195	15573	0.015988004145804	undirected	NA	NA
4195	15742	0.00699367890707686	undirected	NA	NA
4465	4653	0.0228151173214161	undirected	NA	NA
4465	5236	0.173871504908635	undirected	NA	NA
4465	7554	0.152048943794922	undirected	NA	NA
4465	7589	0.0183876203646626	undirected	NA	NA
4465	8082	0.114550401892692	undirected	NA	NA
4465	8087	0.136610956012828	undirected	NA	NA
4465	8543	0.1733453421342	undirected	NA	NA
4465	9190	0.127497314197319	undirected	NA	NA
4465	9351	0.00899578309146189	undirected	NA	NA
4465	9547	0.0506152449450901	undirected	NA	NA
4465	10370	0.158900433045456	undirected	NA	NA
4465	10707	0.154721899505389	undirected	NA	NA
4465	10875	0.170443705665479	undirected	NA	NA
4465	10878	0.0462124777399342	undirected	NA	NA
4465	11185	0.153234724709007	undirected	NA	NA
4465	11198	0.0922495507557148	undirected	NA	NA
4465	11242	0.133887459457211	undirected	NA	NA
4465	11632	0.170051079994176	undirected	NA	NA
4465	11649	0.169873437107494	undirected	NA	NA
4465	12597	0.1023173121469	undirected	NA	NA
4465	12823	0.0713331885039307	undirected	NA	NA
4465	13694	0.179096506654031	undirected	NA	NA
4465	13721	0.0782898674104544	undirected	NA	NA
4465	14181	0.0683775311881353	undirected	NA	NA
4465	14410	0.0214354601195205	undirected	NA	NA
4465	14649	0.0259358867781096	undirected	NA	NA
4465	14848	0.202551323471551	undirected	NA	NA
4465	15031	0.106428373945473	undirected	NA	NA
4465	15573	0.137874813821574	undirected	NA	NA
4465	15742	0.0374111297419519	undirected	NA	NA
4653	5236	0.208052468488712	undirected	NA	NA
4653	7554	0.104419949354806	undirected	NA	NA
4653	7589	0.000312811657287342	undirected	NA	NA
4653	8082	0.256985604911511	undirected	NA	NA
4653	8087	0.0769363713883193	undirected	NA	NA
4653	8543	0.183206738076089	undirected	NA	NA
4653	9190	0.265976370393303	undirected	NA	NA
4653	9351	1.71123241767892e-06	undirected	NA	NA
4653	9547	0.00421372479070698	undirected	NA	NA
4653	10370	0.236217397096186	undirected	NA	NA
4653	10707	0.190765756767509	undirected	NA	NA
4653	10875	0.176331627221045	undirected	NA	NA
4653	10878	0.100134651841079	undirected	NA	NA
4653	11185	0.275999374682612	undirected	NA	NA
4653	11198	0.0217662399817816	undirected	NA	NA
4653	11242	0.138094216653271	undirected	NA	NA
4653	11632	0.00843415982477324	undirected	NA	NA
4653	11649	0.0899535046302937	undirected	NA	NA
4653	12597	0.223727368877442	undirected	NA	NA
4653	12823	0.231183120135278	undirected	NA	NA
4653	13694	0.191861030621343	undirected	NA	NA
4653	13721	0.197870766228432	undirected	NA	NA
4653	14181	0.000724938448394116	undirected	NA	NA
4653	14410	3.24615671970812e-05	undirected	NA	NA
4653	14649	0.000408945445656721	undirected	NA	NA
4653	14848	0.0733398884739384	undirected	NA	NA
4653	15031	0.00773505451898769	undirected	NA	NA
4653	15573	0.235352793956162	undirected	NA	NA
4653	15742	0.0808066087371389	undirected	NA	NA
5236	7554	0.254410795980667	undirected	NA	NA
5236	7589	0.00699210148567948	undirected	NA	NA
5236	8082	0.195993244160621	undirected	NA	NA
5236	8087	0.207688216495485	undirected	NA	NA
5236	8543	0.265641162626478	undirected	NA	NA
5236	9190	0.293016999459741	undirected	NA	NA
5236	9351	0.0012435760155096	undirected	NA	NA
5236	9547	0.0422804714696889	undirected	NA	NA
5236	10370	0.311549854098383	undirected	NA	NA
5236	10707	0.309185689963238	undirected	NA	NA
5236	10875	0.301792222235974	undirected	NA	NA
5236	10878	0.0452910492920968	undirected	NA	NA
5236	11185	0.339722460891736	undirected	NA	NA
5236	11198	0.137351091082091	undirected	NA	NA
5236	11242	0.201640000002085	undirected	NA	NA
5236	11632	0.142931023735673	undirected	NA	NA
5236	11649	0.13309809850583	undirected	NA	NA
5236	12597	0.146861742164166	undirected	NA	NA
5236	12823	0.124076888891741	undirected	NA	NA
5236	13694	0.330651443404547	undirected	NA	NA
5236	13721	0.204317286200176	undirected	NA	NA
5236	14181	0.0328957325686174	undirected	NA	NA
5236	14410	0.00503383803841904	undirected	NA	NA
5236	14649	0.0209490899980728	undirected	NA	NA
5236	14848	0.384232828912654	undirected	NA	NA
5236	15031	0.110467928747085	undirected	NA	NA
5236	15573	0.318053037410571	undirected	NA	NA
5236	15742	0.216067815489962	undirected	NA	NA
7554	7589	0.0645988652676073	undirected	NA	NA
7554	8082	0.235042352015708	undirected	NA	NA
7554	8087	0.29245145500566	undirected	NA	NA
7554	8543	0.332748337583581	undirected	NA	NA
7554	9190	0.192248636416562	undirected	NA	NA
7554	9351	0.00274802125329362	undirected	NA	NA
7554	9547	0.22151227374185	undirected	NA	NA
7554	10370	0.340470727221974	undirected	NA	NA
7554	10707	0.25005072524055	undirected	NA	NA
7554	10875	0.261497195048148	undirected	NA	NA
7554	10878	0.085462773370902	undirected	NA	NA
7554	11185	0.312074752506904	undirected	NA	NA
7554	11198	0.33655187456452	undirected	NA	NA
7554	11242	0.308739074751427	undirected	NA	NA
7554	11632	0.0898719633264245	undirected	NA	NA
7554	11649	0.14532375103945	undirected	NA	NA
7554	12597	0.214070682943741	undirected	NA	NA
7554	12823	0.158921664416877	undirected	NA	NA
7554	13694	0.296731915918843	undirected	NA	NA
7554	13721	0.241685822214115	undirected	NA	NA
7554	14181	0.0402654917847035	undirected	NA	NA
7554	14410	0.00538471337681064	undirected	NA	NA
7554	14649	0.0121346507242959	undirected	NA	NA
7554	14848	0.26662781166748	undirected	NA	NA
7554	15031	0.287445184082823	undirected	NA	NA
7554	15573	0.240191491055103	undirected	NA	NA
7554	15742	0.120324938223673	undirected	NA	NA
7589	8082	0.0085469600706557	undirected	NA	NA
7589	8087	0.092676647706148	undirected	NA	NA
7589	8543	0.0225383125559318	undirected	NA	NA
7589	9190	0.00243745850098562	undirected	NA	NA
7589	9351	0.0069124238205	undirected	NA	NA
7589	9547	0.158496328415302	undirected	NA	NA
7589	10370	0.0136214518790468	undirected	NA	NA
7589	10707	0.00660893192311737	undirected	NA	NA
7589	10875	0.0110143324820796	undirected	NA	NA
7589	10878	0.0104194032085441	undirected	NA	NA
7589	11185	0.00780605398145985	undirected	NA	NA
7589	11198	0.132519284717142	undirected	NA	NA
7589	11242	0.0512273941322137	undirected	NA	NA
7589	11632	0.00840434950030834	undirected	NA	NA
7589	11649	0.0259478342589747	undirected	NA	NA
7589	12597	0.0100367376296984	undirected	NA	NA
7589	12823	0.00504673424869401	undirected	NA	NA
7589	13694	0.0125925519221414	undirected	NA	NA
7589	13721	0.0164267304999443	undirected	NA	NA
7589	14181	0.0192265472201975	undirected	NA	NA
7589	14410	0.00483233842088579	undirected	NA	NA
7589	14649	0.00619390352294131	undirected	NA	NA
7589	14848	0.0259350770355461	undirected	NA	NA
7589	15031	0.169067914174923	undirected	NA	NA
7589	15573	0.00432316669756486	undirected	NA	NA
7589	15742	0.00543454677752162	undirected	NA	NA
8082	8087	0.205959550024398	undirected	NA	NA
8082	8543	0.199989975230932	undirected	NA	NA
8082	9190	0.165767690046199	undirected	NA	NA
8082	9351	0.000144812556619099	undirected	NA	NA
8082	9547	0.0662242920831868	undirected	NA	NA
8082	10370	0.190908780551853	undirected	NA	NA
8082	10707	0.174980681780409	undirected	NA	NA
8082	10875	0.178769296676493	undirected	NA	NA
8082	10878	0.179853889064079	undirected	NA	NA
8082	11185	0.173860605456648	undirected	NA	NA
8082	11198	0.151913716930027	undirected	NA	NA
8082	11242	0.212667867962466	undirected	NA	NA
8082	11632	0.0465241970360829	undirected	NA	NA
8082	11649	0.196682711926483	undirected	NA	NA
8082	12597	0.197059839881731	undirected	NA	NA
8082	12823	0.182048069607086	undirected	NA	NA
8082	13694	0.220832684721554	undirected	NA	NA
8082	13721	0.188438936348985	undirected	NA	NA
8082	14181	0.00922681322281899	undirected	NA	NA
8082	14410	0.000789210252378985	undirected	NA	NA
8082	14649	0.00253184863358525	undirected	NA	NA
8082	14848	0.207921122818688	undirected	NA	NA
8082	15031	0.087910911935332	undirected	NA	NA
8082	15573	0.148652217275886	undirected	NA	NA
8082	15742	0.0915734639124368	undirected	NA	NA
8087	8543	0.300079438885276	undirected	NA	NA
8087	9190	0.146410041390008	undirected	NA	NA
8087	9351	0.00308923788180078	undirected	NA	NA
8087	9547	0.253360481597786	undirected	NA	NA
8087	10370	0.295150931504122	undirected	NA	NA
8087	10707	0.203322781253411	undirected	NA	NA
8087	10875	0.223830695434113	undirected	NA	NA
8087	10878	0.0860327983453802	undirected	NA	NA
8087	11185	0.260509099515045	undirected	NA	NA
8087	11198	0.343516198346162	undirected	NA	NA
8087	11242	0.304550227938103	undirected	NA	NA
8087	11632	0.07598407707441	undirected	NA	NA
8087	11649	0.146899685508026	undirected	NA	NA
8087	12597	0.201535852580906	undirected	NA	NA
8087	12823	0.138783460148376	undirected	NA	NA
8087	13694	0.25135202233457	undirected	NA	NA
8087	13721	0.218944335474556	undirected	NA	NA
8087	14181	0.0409429200320692	undirected	NA	NA
8087	14410	0.00546020140893251	undirected	NA	NA
8087	14649	0.0105572725060983	undirected	NA	NA
8087	14848	0.217965491052537	undirected	NA	NA
8087	15031	0.303367914469646	undirected	NA	NA
8087	15573	0.191974482323446	undirected	NA	NA
8087	15742	0.088297056789386	undirected	NA	NA
8543	9190	0.223215631883207	undirected	NA	NA
8543	9351	0.00129678419400583	undirected	NA	NA
8543	9547	0.100129934300579	undirected	NA	NA
8543	10370	0.327935864612389	undirected	NA	NA
8543	10707	0.272606684076066	undirected	NA	NA
8543	10875	0.296672295261193	undirected	NA	NA
8543	10878	0.0617021772745542	undirected	NA	NA
8543	11185	0.329514938619054	undirected	NA	NA
8543	11198	0.233885711878084	undirected	NA	NA
8543	11242	0.272212071750902	undirected	NA	NA
8543	11632	0.125866865775376	undirected	NA	NA
8543	11649	0.159509900849072	undirected	NA	NA
8543	12597	0.175460522487794	undirected	NA	NA
8543	12823	0.127020627534756	undirected	NA	NA
8543	13694	0.310836128133106	undirected	NA	NA
8543	13721	0.24680531932641	undirected	NA	NA
8543	14181	0.0335551410403533	undirected	NA	NA
8543	14410	0.00396048047569336	undirected	NA	NA
8543	14649	0.0160340656679415	undirected	NA	NA
8543	14848	0.376675390497059	undirected	NA	NA
8543	15031	0.184652536547829	undirected	NA	NA
8543	15573	0.27731466133673	undirected	NA	NA
8543	15742	0.2032671732805	undirected	NA	NA
9190	9351	0.000304274537853014	undirected	NA	NA
9190	9547	0.0203410152166282	undirected	NA	NA
9190	10370	0.218877146487893	undirected	NA	NA
9190	10707	0.288325896985919	undirected	NA	NA
9190	10875	0.260761508541378	undirected	NA	NA
9190	10878	0.0553162489211923	undirected	NA	NA
9190	11185	0.236427985436898	undirected	NA	NA
9190	11198	0.083980839399816	undirected	NA	NA
9190	11242	0.158836338165882	undirected	NA	NA
9190	11632	0.0933319461148878	undirected	NA	NA
9190	11649	0.118124290837028	undirected	NA	NA
9190	12597	0.125345973304398	undirected	NA	NA
9190	12823	0.120189632540515	undirected	NA	NA
9190	13694	0.300976088687851	undirected	NA	NA
9190	13721	0.178604803868316	undirected	NA	NA
9190	14181	0.0157781811671058	undirected	NA	NA
9190	14410	0.00206932856629378	undirected	NA	NA
9190	14649	0.0105935099820534	undirected	NA	NA
9190	14848	0.300209776704798	undirected	NA	NA
9190	15031	0.0585864261153218	undirected	NA	NA
9190	15573	0.241460439845843	undirected	NA	NA
9190	15742	0.181454584643588	undirected	NA	NA
9351	9547	0.00466654573023396	undirected	NA	NA
9351	10370	0.000664548187423767	undirected	NA	NA
9351	10707	0.00144068642091122	undirected	NA	NA
9351	10875	0.00172855953416836	undirected	NA	NA
9351	10878	0.000102358124439062	undirected	NA	NA
9351	11185	0.000398737858511996	undirected	NA	NA
9351	11198	0.00744853826569933	undirected	NA	NA
9351	11242	0.00125316973562071	undirected	NA	NA
9351	11632	0.0503584129209627	undirected	NA	NA
9351	11649	0.00108893124797032	undirected	NA	NA
9351	12597	0.000102780529778045	undirected	NA	NA
9351	12823	5.97330818444509e-05	undirected	NA	NA
9351	13694	0.00159122963838851	undirected	NA	NA
9351	13721	0.000527019882861865	undirected	NA	NA
9351	14181	0.22639241341274	undirected	NA	NA
9351	14410	0.233556487686025	undirected	NA	NA
9351	14649	0.143246911766661	undirected	NA	NA
9351	14848	0.0122514701271761	undirected	NA	NA
9351	15031	0.0291135657675982	undirected	NA	NA
9351	15573	0.000657812714243413	undirected	NA	NA
9351	15742	0.00236163797603029	undirected	NA	NA
9547	10370	0.0752009787876764	undirected	NA	NA
9547	10707	0.0381552988570864	undirected	NA	NA
9547	10875	0.0524835027198285	undirected	NA	NA
9547	10878	0.0753142705037485	undirected	NA	NA
9547	11185	0.0502972998160259	undirected	NA	NA
9547	11198	0.324540329001949	undirected	NA	NA
9547	11242	0.18281805936595	undirected	NA	NA
9547	11632	0.0176162137868754	undirected	NA	NA
9547	11649	0.107662669387996	undirected	NA	NA
9547	12597	0.0689054591545072	undirected	NA	NA
9547	12823	0.0491066025286979	undirected	NA	NA
9547	13694	0.0689366815986519	undirected	NA	NA
9547	13721	0.0802174050040955	undirected	NA	NA
9547	14181	0.0299455078626808	undirected	NA	NA
9547	14410	0.00621885193876171	undirected	NA	NA
9547	14649	0.00462620754172546	undirected	NA	NA
9547	14848	0.0908372861783333	undirected	NA	NA
9547	15031	0.237283240088318	undirected	NA	NA
9547	15573	0.0279694907634353	undirected	NA	NA
9547	15742	0.0193051319395513	undirected	NA	NA
10370	10707	0.320314866070273	undirected	NA	NA
10370	10875	0.333730713415457	undirected	NA	NA
10370	10878	0.0708059043114	undirected	NA	NA
10370	11185	0.303933112900929	undirected	NA	NA
10370	11198	0.20429817486263	undirected	NA	NA
10370	11242	0.287395011555401	undirected	NA	NA
10370	11632	0.11410545562439	undirected	NA	NA
10370	11649	0.162284941708201	undirected	NA	NA
10370	12597	0.162838858939168	undirected	NA	NA
10370	12823	0.126981292397364	undirected	NA	NA
10370	13694	0.357144259680943	undirected	NA	NA
10370	13721	0.285445525375454	undirected	NA	NA
10370	14181	0.0254920393400492	undirected	NA	NA
10370	14410	0.00251936640337966	undirected	NA	NA
10370	14649	0.0136326971444695	undirected	NA	NA
10370	14848	0.390040965763931	undirected	NA	NA
10370	15031	0.149534692607354	undirected	NA	NA
10370	15573	0.257068944997363	undirected	NA	NA
10370	15742	0.24012564037876	undirected	NA	NA
10707	10875	0.305894813218831	undirected	NA	NA
10707	10878	0.0345378051216091	undirected	NA	NA
10707	11185	0.34482218793777	undirected	NA	NA
10707	11198	0.130456629022515	undirected	NA	NA
10707	11242	0.198500598649614	undirected	NA	NA
10707	11632	0.139807341479967	undirected	NA	NA
10707	11649	0.116257935147173	undirected	NA	NA
10707	12597	0.126047658924093	undirected	NA	NA
10707	12823	0.103428096242379	undirected	NA	NA
10707	13694	0.329802839736225	undirected	NA	NA
10707	13721	0.21055770530177	undirected	NA	NA
10707	14181	0.0340014698143795	undirected	NA	NA
10707	14410	0.00528136959572155	undirected	NA	NA
10707	14649	0.0274676543794785	undirected	NA	NA
10707	14848	0.377640715769639	undirected	NA	NA
10707	15031	0.105658501274492	undirected	NA	NA
10707	15573	0.332454557269227	undirected	NA	NA
10707	15742	0.252550384563353	undirected	NA	NA
10875	10878	0.0361040316281828	undirected	NA	NA
10875	11185	0.347696921755693	undirected	NA	NA
10875	11198	0.153597593550586	undirected	NA	NA
10875	11242	0.209651271349142	undirected	NA	NA
10875	11632	0.149373367609663	undirected	NA	NA
10875	11649	0.126353570077486	undirected	NA	NA
10875	12597	0.143100989082494	undirected	NA	NA
10875	12823	0.104011624053393	undirected	NA	NA
10875	13694	0.306074358525548	undirected	NA	NA
10875	13721	0.200065093263814	undirected	NA	NA
10875	14181	0.0389578000110622	undirected	NA	NA
10875	14410	0.00600883636773168	undirected	NA	NA
10875	14649	0.0243082830459703	undirected	NA	NA
10875	14848	0.367229625620526	undirected	NA	NA
10875	15031	0.130527978102882	undirected	NA	NA
10875	15573	0.319909399536337	undirected	NA	NA
10875	15742	0.201663513128672	undirected	NA	NA
10878	11185	0.0728107094070395	undirected	NA	NA
10878	11198	0.097844814436939	undirected	NA	NA
10878	11242	0.0824495449288816	undirected	NA	NA
10878	11632	0.00784622658751308	undirected	NA	NA
10878	11649	0.10535668113288	undirected	NA	NA
10878	12597	0.201122522516212	undirected	NA	NA
10878	12823	0.198678321064266	undirected	NA	NA
10878	13694	0.0531552371185296	undirected	NA	NA
10878	13721	0.0553830641093664	undirected	NA	NA
10878	14181	0.00313112220490946	undirected	NA	NA
10878	14410	0.000356784429088315	undirected	NA	NA
10878	14649	0.00034996272016262	undirected	NA	NA
10878	14848	0.0460329616251613	undirected	NA	NA
10878	15031	0.0505710144024387	undirected	NA	NA
10878	15573	0.0368442321408839	undirected	NA	NA
10878	15742	0.0122371827367651	undirected	NA	NA
11185	11198	0.160695362117817	undirected	NA	NA
11185	11242	0.269200054079179	undirected	NA	NA
11185	11632	0.110209536368599	undirected	NA	NA
11185	11649	0.16108982851547	undirected	NA	NA
11185	12597	0.148135201456842	undirected	NA	NA
11185	12823	0.11955662800331	undirected	NA	NA
11185	13694	0.374357180318397	undirected	NA	NA
11185	13721	0.279841204562582	undirected	NA	NA
11185	14181	0.02093584654361	undirected	NA	NA
11185	14410	0.00201035634427842	undirected	NA	NA
11185	14649	0.0116356629852216	undirected	NA	NA
11185	14848	0.383727252835128	undirected	NA	NA
11185	15031	0.113838825940346	undirected	NA	NA
11185	15573	0.286397814911871	undirected	NA	NA
11185	15742	0.237036272892426	undirected	NA	NA
11198	11242	0.30397838346541	undirected	NA	NA
11198	11632	0.0472985182166396	undirected	NA	NA
11198	11649	0.16590431223865	undirected	NA	NA
11198	12597	0.142646295885946	undirected	NA	NA
11198	12823	0.104742293467329	undirected	NA	NA
11198	13694	0.185742193296444	undirected	NA	NA
11198	13721	0.175085251983973	undirected	NA	NA
11198	14181	0.049410793467257	undirected	NA	NA
11198	14410	0.0107343746431752	undirected	NA	NA
11198	14649	0.0107801882604676	undirected	NA	NA
11198	14848	0.168991357062376	undirected	NA	NA
11198	15031	0.32983526210628	undirected	NA	NA
11198	15573	0.109913595077513	undirected	NA	NA
11198	15742	0.0586803054029759	undirected	NA	NA
11242	11632	0.0738838713865919	undirected	NA	NA
11242	11649	0.153092318085605	undirected	NA	NA
11242	12597	0.208454543037164	undirected	NA	NA
11242	12823	0.149947589483482	undirected	NA	NA
11242	13694	0.233736569229733	undirected	NA	NA
11242	13721	0.205992842444284	undirected	NA	NA
11242	14181	0.0277086856178678	undirected	NA	NA
11242	14410	0.00280931478776968	undirected	NA	NA
11242	14649	0.00820147939769104	undirected	NA	NA
11242	14848	0.259707458297523	undirected	NA	NA
11242	15031	0.237153357121993	undirected	NA	NA
11242	15573	0.199162076496215	undirected	NA	NA
11242	15742	0.127098467353261	undirected	NA	NA
11632	11649	0.0803039782757676	undirected	NA	NA
11632	12597	0.0319167196034396	undirected	NA	NA
11632	12823	0.0204253465925194	undirected	NA	NA
11632	13694	0.141583518222573	undirected	NA	NA
11632	13721	0.0505793993410015	undirected	NA	NA
11632	14181	0.159837075023091	undirected	NA	NA
11632	14410	0.0886328508854637	undirected	NA	NA
11632	14649	0.110012991022171	undirected	NA	NA
11632	14848	0.191395521278135	undirected	NA	NA
11632	15031	0.0685086864041424	undirected	NA	NA
11632	15573	0.120818844908239	undirected	NA	NA
11632	15742	0.0477940720662254	undirected	NA	NA
11649	12597	0.217198698567143	undirected	NA	NA
11649	12823	0.164776275255542	undirected	NA	NA
11649	13694	0.144653830986286	undirected	NA	NA
11649	13721	0.096877697737531	undirected	NA	NA
11649	14181	0.0250490328424369	undirected	NA	NA
11649	14410	0.00368747857200819	undirected	NA	NA
11649	14649	0.00483536302764175	undirected	NA	NA
11649	14848	0.150206094851725	undirected	NA	NA
11649	15031	0.140847548684908	undirected	NA	NA
11649	15573	0.114698291482806	undirected	NA	NA
11649	15742	0.0361886693145975	undirected	NA	NA
12597	12823	0.181932539809163	undirected	NA	NA
12597	13694	0.16720759563844	undirected	NA	NA
12597	13721	0.159543405192882	undirected	NA	NA
12597	14181	0.00643454194396823	undirected	NA	NA
12597	14410	0.000517973049640031	undirected	NA	NA
12597	14649	0.00145597049592283	undirected	NA	NA
12597	14848	0.15341258877202	undirected	NA	NA
12597	15031	0.0783954026103738	undirected	NA	NA
12597	15573	0.112471267507279	undirected	NA	NA
12597	15742	0.0574906608906495	undirected	NA	NA
12823	13694	0.140115451270242	undirected	NA	NA
12823	13721	0.130310788888317	undirected	NA	NA
12823	14181	0.00402167583229152	undirected	NA	NA
12823	14410	0.000340275230225697	undirected	NA	NA
12823	14649	0.000935334645074855	undirected	NA	NA
12823	14848	0.11660791166736	undirected	NA	NA
12823	15031	0.0500021944622923	undirected	NA	NA
12823	15573	0.0911064435176012	undirected	NA	NA
12823	15742	0.0476369014219622	undirected	NA	NA
13694	13721	0.229577522588439	undirected	NA	NA
13694	14181	0.0358297189681497	undirected	NA	NA
13694	14410	0.00523495782523252	undirected	NA	NA
13694	14649	0.0213397309806274	undirected	NA	NA
13694	14848	0.402172867373129	undirected	NA	NA
13694	15031	0.147895203320064	undirected	NA	NA
13694	15573	0.339250350221771	undirected	NA	NA
13694	15742	0.231527143210882	undirected	NA	NA
13721	14181	0.0154281592764644	undirected	NA	NA
13721	14410	0.00128307708569356	undirected	NA	NA
13721	14649	0.00871462225770902	undirected	NA	NA
13721	14848	0.214819503625235	undirected	NA	NA
13721	15031	0.121685953569032	undirected	NA	NA
13721	15573	0.220872768131185	undirected	NA	NA
13721	15742	0.171887294758425	undirected	NA	NA
14181	14410	0.287575417440052	undirected	NA	NA
14181	14649	0.219612129620993	undirected	NA	NA
14181	14848	0.0813317913183227	undirected	NA	NA
14181	15031	0.0837872003117691	undirected	NA	NA
14181	15573	0.0244757140075314	undirected	NA	NA
14181	15742	0.0252402830518895	undirected	NA	NA
14410	14649	0.1968584314427	undirected	NA	NA
14410	14848	0.0259391941835894	undirected	NA	NA
14410	15031	0.0360001328197038	undirected	NA	NA
14410	15573	0.00312080393019483	undirected	NA	NA
14410	15742	0.00453321220165462	undirected	NA	NA
14649	14848	0.0435950719634796	undirected	NA	NA
14649	15031	0.0344498933087016	undirected	NA	NA
14649	15573	0.0199972864251539	undirected	NA	NA
14649	15742	0.0386481613883029	undirected	NA	NA
14848	15031	0.174844721767182	undirected	NA	NA
14848	15573	0.358175786284411	undirected	NA	NA
14848	15742	0.129210255236112	undirected	NA	NA
15031	15573	0.0847452356510359	undirected	NA	NA
15031	15742	0.0492585549035564	undirected	NA	NA
15573	15742	0.250496772174994	undirected	NA	NA
