fromNode	toNode	weight	direction	fromAltName	toAltName
421	533	0.0690004379465074	undirected	NA	NA
421	708	0.307894601206033	undirected	NA	NA
421	875	0.220022245699778	undirected	NA	NA
421	1285	0.27942716760078	undirected	NA	NA
421	1453	0.315766268076271	undirected	NA	NA
421	1474	0.451113489534816	undirected	NA	NA
421	2074	0.291724961165601	undirected	NA	NA
421	2126	0.222198841714765	undirected	NA	NA
421	2283	0.178291082158658	undirected	NA	NA
421	2675	0.100377311926899	undirected	NA	NA
421	2691	0.320906103631019	undirected	NA	NA
421	2994	0.452801350900408	undirected	NA	NA
421	3494	0.326040599772206	undirected	NA	NA
421	3891	0.442123375563396	undirected	NA	NA
421	4034	0.124383380670689	undirected	NA	NA
421	4089	0.45518702154683	undirected	NA	NA
421	4129	0.429646571380705	undirected	NA	NA
421	4229	0.245640342398733	undirected	NA	NA
421	4524	0.331096518829993	undirected	NA	NA
421	4830	0.0518000131889281	undirected	NA	NA
421	5135	0.22999446868276	undirected	NA	NA
421	5211	0.380478807792869	undirected	NA	NA
421	5808	0.278435996259724	undirected	NA	NA
421	6335	0.202297837569527	undirected	NA	NA
421	6370	0.308090091694444	undirected	NA	NA
421	7541	0.444717559429591	undirected	NA	NA
421	7670	0.441061615007547	undirected	NA	NA
421	7930	0.278399359319396	undirected	NA	NA
421	8062	0.0387877358462058	undirected	NA	NA
421	8759	0.276257801990374	undirected	NA	NA
421	9008	0.452013278310064	undirected	NA	NA
421	9027	0.268947824357209	undirected	NA	NA
421	9129	0.203911777164097	undirected	NA	NA
421	9549	0.00355813183518814	undirected	NA	NA
421	10093	0.211310328438859	undirected	NA	NA
421	10240	0.379807376414156	undirected	NA	NA
421	10492	0.355695849951213	undirected	NA	NA
421	10589	0.370686981014885	undirected	NA	NA
421	11257	0.315099906819214	undirected	NA	NA
421	11332	0.294253641405574	undirected	NA	NA
421	11643	0.235648787691047	undirected	NA	NA
421	12839	0.429390409501288	undirected	NA	NA
421	14102	0.184629361188499	undirected	NA	NA
421	14270	0.474457180583181	undirected	NA	NA
421	14497	0.460137722992651	undirected	NA	NA
421	14776	0.248277257298245	undirected	NA	NA
421	15477	0.0164467134753139	undirected	NA	NA
421	15660	0.41811196865794	undirected	NA	NA
533	708	0.0494361785468066	undirected	NA	NA
533	875	0.0395279683673456	undirected	NA	NA
533	1285	0.0753731592661499	undirected	NA	NA
533	1453	0.0496382560914008	undirected	NA	NA
533	1474	0.0563513834107549	undirected	NA	NA
533	2074	0.294749482853181	undirected	NA	NA
533	2126	0.0526935937972416	undirected	NA	NA
533	2283	0.0961994503236107	undirected	NA	NA
533	2675	0.0170213157495742	undirected	NA	NA
533	2691	0.0264403667707832	undirected	NA	NA
533	2994	0.076346885257229	undirected	NA	NA
533	3494	0.0452928707531736	undirected	NA	NA
533	3891	0.0559446887934928	undirected	NA	NA
533	4034	0.00879288699141283	undirected	NA	NA
533	4089	0.0595199651579405	undirected	NA	NA
533	4129	0.0890298199272061	undirected	NA	NA
533	4229	0.0995762636998917	undirected	NA	NA
533	4524	0.0510958684326349	undirected	NA	NA
533	4830	0.014536477701609	undirected	NA	NA
533	5135	0.0260711919788721	undirected	NA	NA
533	5211	0.157676476602063	undirected	NA	NA
533	5808	0.0613115206679263	undirected	NA	NA
533	6335	0.0151527489018139	undirected	NA	NA
533	6370	0.307264334050412	undirected	NA	NA
533	7541	0.061993660162928	undirected	NA	NA
533	7670	0.0496556240665056	undirected	NA	NA
533	7930	0.0365727192599562	undirected	NA	NA
533	8062	0.00159845832769927	undirected	NA	NA
533	8759	0.297144947999217	undirected	NA	NA
533	9008	0.0545318076874419	undirected	NA	NA
533	9027	0.0843322193951112	undirected	NA	NA
533	9129	0.26745636958666	undirected	NA	NA
533	9549	0.0186135087770216	undirected	NA	NA
533	10093	0.0412373850284122	undirected	NA	NA
533	10240	0.0652662672286769	undirected	NA	NA
533	10492	0.0710646090415734	undirected	NA	NA
533	10589	0.0219740414963844	undirected	NA	NA
533	11257	0.0537111491448046	undirected	NA	NA
533	11332	0.157194696065426	undirected	NA	NA
533	11643	0.106955148768674	undirected	NA	NA
533	12839	0.0521624338569047	undirected	NA	NA
533	14102	0.141735232487139	undirected	NA	NA
533	14270	0.109188882781457	undirected	NA	NA
533	14497	0.099482498968439	undirected	NA	NA
533	14776	0.0394646809815694	undirected	NA	NA
533	15477	0.0247069258833678	undirected	NA	NA
533	15660	0.0698435323768772	undirected	NA	NA
708	875	0.430451611063878	undirected	NA	NA
708	1285	0.139084067333323	undirected	NA	NA
708	1453	0.396075468659534	undirected	NA	NA
708	1474	0.263316174161535	undirected	NA	NA
708	2074	0.158127114255915	undirected	NA	NA
708	2126	0.230593015364544	undirected	NA	NA
708	2283	0.0914668336795565	undirected	NA	NA
708	2675	0.145728188485963	undirected	NA	NA
708	2691	0.277135275345104	undirected	NA	NA
708	2994	0.254483722236595	undirected	NA	NA
708	3494	0.204288116502968	undirected	NA	NA
708	3891	0.242696925466529	undirected	NA	NA
708	4034	0.39018243734585	undirected	NA	NA
708	4089	0.247006842051657	undirected	NA	NA
708	4129	0.283377231786342	undirected	NA	NA
708	4229	0.104684370444495	undirected	NA	NA
708	4524	0.381236635332711	undirected	NA	NA
708	4830	0.22080095877605	undirected	NA	NA
708	5135	0.478534736027648	undirected	NA	NA
708	5211	0.172636892344491	undirected	NA	NA
708	5808	0.178086655792867	undirected	NA	NA
708	6335	0.455635347732077	undirected	NA	NA
708	6370	0.154277875476526	undirected	NA	NA
708	7541	0.27710866390441	undirected	NA	NA
708	7670	0.200697778960404	undirected	NA	NA
708	7930	0.334586616444317	undirected	NA	NA
708	8062	0.164819966522362	undirected	NA	NA
708	8759	0.12230195385742	undirected	NA	NA
708	9008	0.265071760039299	undirected	NA	NA
708	9027	0.250578183550378	undirected	NA	NA
708	9129	0.081196465511284	undirected	NA	NA
708	9549	0.00894468277098424	undirected	NA	NA
708	10093	0.463517045498598	undirected	NA	NA
708	10240	0.212162581736475	undirected	NA	NA
708	10492	0.206883880394132	undirected	NA	NA
708	10589	0.175051608978815	undirected	NA	NA
708	11257	0.28713899751531	undirected	NA	NA
708	11332	0.183381772249322	undirected	NA	NA
708	11643	0.123661657937149	undirected	NA	NA
708	12839	0.283635447805946	undirected	NA	NA
708	14102	0.0756418869510826	undirected	NA	NA
708	14270	0.281717778192049	undirected	NA	NA
708	14497	0.243385626347816	undirected	NA	NA
708	14776	0.469189718302068	undirected	NA	NA
708	15477	0.0364961837081475	undirected	NA	NA
708	15660	0.105625089487486	undirected	NA	NA
875	1285	0.0862661493783815	undirected	NA	NA
875	1453	0.410427703965418	undirected	NA	NA
875	1474	0.170945022590724	undirected	NA	NA
875	2074	0.116905365814892	undirected	NA	NA
875	2126	0.22245582205892	undirected	NA	NA
875	2283	0.0607411519605225	undirected	NA	NA
875	2675	0.118897083113993	undirected	NA	NA
875	2691	0.240672443084768	undirected	NA	NA
875	2994	0.163247190302599	undirected	NA	NA
875	3494	0.153062949345382	undirected	NA	NA
875	3891	0.155115133896117	undirected	NA	NA
875	4034	0.395531409830012	undirected	NA	NA
875	4089	0.158275095769355	undirected	NA	NA
875	4129	0.196656045023847	undirected	NA	NA
875	4229	0.063699745890308	undirected	NA	NA
875	4524	0.381254285527703	undirected	NA	NA
875	4830	0.257086119893955	undirected	NA	NA
875	5135	0.434432320392783	undirected	NA	NA
875	5211	0.131116311768691	undirected	NA	NA
875	5808	0.129324723586101	undirected	NA	NA
875	6335	0.421410864118839	undirected	NA	NA
875	6370	0.107842828988017	undirected	NA	NA
875	7541	0.184424945347967	undirected	NA	NA
875	7670	0.118199773720665	undirected	NA	NA
875	7930	0.353645811233055	undirected	NA	NA
875	8062	0.166408079961259	undirected	NA	NA
875	8759	0.0767305262996749	undirected	NA	NA
875	9008	0.17250186218879	undirected	NA	NA
875	9027	0.19287551547582	undirected	NA	NA
875	9129	0.0501652333345156	undirected	NA	NA
875	9549	0.00759353990868097	undirected	NA	NA
875	10093	0.429394747182786	undirected	NA	NA
875	10240	0.177479949242773	undirected	NA	NA
875	10492	0.131946491996561	undirected	NA	NA
875	10589	0.106553138832755	undirected	NA	NA
875	11257	0.283168983746978	undirected	NA	NA
875	11332	0.146011334143939	undirected	NA	NA
875	11643	0.0900179134937258	undirected	NA	NA
875	12839	0.200254403561951	undirected	NA	NA
875	14102	0.0580692294718624	undirected	NA	NA
875	14270	0.205367263159862	undirected	NA	NA
875	14497	0.157685735293841	undirected	NA	NA
875	14776	0.419402522031017	undirected	NA	NA
875	15477	0.0305013066288113	undirected	NA	NA
875	15660	0.0478911731467975	undirected	NA	NA
1285	1453	0.17549650701376	undirected	NA	NA
1285	1474	0.298051026439873	undirected	NA	NA
1285	2074	0.25284573594992	undirected	NA	NA
1285	2126	0.187443317481054	undirected	NA	NA
1285	2283	0.112022552264244	undirected	NA	NA
1285	2675	0.0304224307500993	undirected	NA	NA
1285	2691	0.145718915144433	undirected	NA	NA
1285	2994	0.295737677319431	undirected	NA	NA
1285	3494	0.21993917424653	undirected	NA	NA
1285	3891	0.274406019224922	undirected	NA	NA
1285	4034	0.0350383327187335	undirected	NA	NA
1285	4089	0.28462713586088	undirected	NA	NA
1285	4129	0.285179769202272	undirected	NA	NA
1285	4229	0.153911378151859	undirected	NA	NA
1285	4524	0.189655443537325	undirected	NA	NA
1285	4830	0.0139741240081201	undirected	NA	NA
1285	5135	0.0731385809156126	undirected	NA	NA
1285	5211	0.281505100731132	undirected	NA	NA
1285	5808	0.274101505551551	undirected	NA	NA
1285	6335	0.0633101122168489	undirected	NA	NA
1285	6370	0.254538368722666	undirected	NA	NA
1285	7541	0.280576623827487	undirected	NA	NA
1285	7670	0.278784713622879	undirected	NA	NA
1285	7930	0.149417045935861	undirected	NA	NA
1285	8062	0.00504954588885909	undirected	NA	NA
1285	8759	0.224578771605847	undirected	NA	NA
1285	9008	0.29650668307573	undirected	NA	NA
1285	9027	0.118518648895383	undirected	NA	NA
1285	9129	0.221780117901269	undirected	NA	NA
1285	9549	0.000665967698318252	undirected	NA	NA
1285	10093	0.0756680952705359	undirected	NA	NA
1285	10240	0.192790602623586	undirected	NA	NA
1285	10492	0.247386479407782	undirected	NA	NA
1285	10589	0.307695552652159	undirected	NA	NA
1285	11257	0.168910572800535	undirected	NA	NA
1285	11332	0.293015216055295	undirected	NA	NA
1285	11643	0.282250776978362	undirected	NA	NA
1285	12839	0.29633816821306	undirected	NA	NA
1285	14102	0.270067616570029	undirected	NA	NA
1285	14270	0.297551714357612	undirected	NA	NA
1285	14497	0.307641729084651	undirected	NA	NA
1285	14776	0.0859447562526899	undirected	NA	NA
1285	15477	0.00399125900036828	undirected	NA	NA
1285	15660	0.261208711191478	undirected	NA	NA
1453	1474	0.287960176689972	undirected	NA	NA
1453	2074	0.189394733156487	undirected	NA	NA
1453	2126	0.239919146716714	undirected	NA	NA
1453	2283	0.0877776668234827	undirected	NA	NA
1453	2675	0.10911832811926	undirected	NA	NA
1453	2691	0.297334041920891	undirected	NA	NA
1453	2994	0.266599424480558	undirected	NA	NA
1453	3494	0.204726263303842	undirected	NA	NA
1453	3891	0.251611041649007	undirected	NA	NA
1453	4034	0.3693069924041	undirected	NA	NA
1453	4089	0.255627983941159	undirected	NA	NA
1453	4129	0.295258385288437	undirected	NA	NA
1453	4229	0.109710484472474	undirected	NA	NA
1453	4524	0.338784986713429	undirected	NA	NA
1453	4830	0.197187740625844	undirected	NA	NA
1453	5135	0.437604989764058	undirected	NA	NA
1453	5211	0.184355470319042	undirected	NA	NA
1453	5808	0.220032847245054	undirected	NA	NA
1453	6335	0.428034165418811	undirected	NA	NA
1453	6370	0.182907265598506	undirected	NA	NA
1453	7541	0.290915690569237	undirected	NA	NA
1453	7670	0.211314390735782	undirected	NA	NA
1453	7930	0.355820329782352	undirected	NA	NA
1453	8062	0.124477807140354	undirected	NA	NA
1453	8759	0.140082034936216	undirected	NA	NA
1453	9008	0.289339632537787	undirected	NA	NA
1453	9027	0.232023614518705	undirected	NA	NA
1453	9129	0.102345725531027	undirected	NA	NA
1453	9549	0.00367349197406878	undirected	NA	NA
1453	10093	0.437584595863349	undirected	NA	NA
1453	10240	0.232388646130092	undirected	NA	NA
1453	10492	0.22333729326938	undirected	NA	NA
1453	10589	0.222100212383925	undirected	NA	NA
1453	11257	0.319358807628961	undirected	NA	NA
1453	11332	0.204928366634836	undirected	NA	NA
1453	11643	0.153324635044337	undirected	NA	NA
1453	12839	0.313235777635676	undirected	NA	NA
1453	14102	0.102286143439802	undirected	NA	NA
1453	14270	0.278266388537942	undirected	NA	NA
1453	14497	0.253735372488698	undirected	NA	NA
1453	14776	0.436715462298417	undirected	NA	NA
1453	15477	0.0211148864399562	undirected	NA	NA
1453	15660	0.133094464290853	undirected	NA	NA
1474	2074	0.27891376915813	undirected	NA	NA
1474	2126	0.215466329658017	undirected	NA	NA
1474	2283	0.170993841647377	undirected	NA	NA
1474	2675	0.0730152261146715	undirected	NA	NA
1474	2691	0.275920384268658	undirected	NA	NA
1474	2994	0.474090860990845	undirected	NA	NA
1474	3494	0.353203025196031	undirected	NA	NA
1474	3891	0.458197101995713	undirected	NA	NA
1474	4034	0.0823038937256114	undirected	NA	NA
1474	4089	0.475157961362989	undirected	NA	NA
1474	4129	0.440698003821529	undirected	NA	NA
1474	4229	0.2426922009569	undirected	NA	NA
1474	4524	0.315299878809222	undirected	NA	NA
1474	4830	0.0319632055351801	undirected	NA	NA
1474	5135	0.168177922678274	undirected	NA	NA
1474	5211	0.391077778056689	undirected	NA	NA
1474	5808	0.27646392686549	undirected	NA	NA
1474	6335	0.14912063202332	undirected	NA	NA
1474	6370	0.294161230347273	undirected	NA	NA
1474	7541	0.452044392029842	undirected	NA	NA
1474	7670	0.465885377638624	undirected	NA	NA
1474	7930	0.240113098452352	undirected	NA	NA
1474	8062	0.0237960985516232	undirected	NA	NA
1474	8759	0.260078833402939	undirected	NA	NA
1474	9008	0.418967429525067	undirected	NA	NA
1474	9027	0.219176270487077	undirected	NA	NA
1474	9129	0.196980416952601	undirected	NA	NA
1474	9549	0.0016903497277071	undirected	NA	NA
1474	10093	0.149653174008031	undirected	NA	NA
1474	10240	0.343898737028342	undirected	NA	NA
1474	10492	0.367736173169807	undirected	NA	NA
1474	10589	0.375314478149287	undirected	NA	NA
1474	11257	0.272223002330529	undirected	NA	NA
1474	11332	0.310410373372888	undirected	NA	NA
1474	11643	0.266481482233747	undirected	NA	NA
1474	12839	0.397079844343525	undirected	NA	NA
1474	14102	0.203501384300914	undirected	NA	NA
1474	14270	0.481476786121597	undirected	NA	NA
1474	14497	0.479781185342744	undirected	NA	NA
1474	14776	0.182443458425119	undirected	NA	NA
1474	15477	0.00895505045873112	undirected	NA	NA
1474	15660	0.427237492080774	undirected	NA	NA
2074	2126	0.173677970281325	undirected	NA	NA
2074	2283	0.181691381614793	undirected	NA	NA
2074	2675	0.0590230637062538	undirected	NA	NA
2074	2691	0.111005412002011	undirected	NA	NA
2074	2994	0.292238781818044	undirected	NA	NA
2074	3494	0.199428483672188	undirected	NA	NA
2074	3891	0.24820191410096	undirected	NA	NA
2074	4034	0.0673957598030841	undirected	NA	NA
2074	4089	0.260042842584838	undirected	NA	NA
2074	4129	0.306792110441257	undirected	NA	NA
2074	4229	0.182443036699049	undirected	NA	NA
2074	4524	0.202534804019404	undirected	NA	NA
2074	4830	0.0460104290829882	undirected	NA	NA
2074	5135	0.10751338714128	undirected	NA	NA
2074	5211	0.298017388157965	undirected	NA	NA
2074	5808	0.254422914899787	undirected	NA	NA
2074	6335	0.0887558032610815	undirected	NA	NA
2074	6370	0.326930150077359	undirected	NA	NA
2074	7541	0.280101978369131	undirected	NA	NA
2074	7670	0.225986105302143	undirected	NA	NA
2074	7930	0.14360635444146	undirected	NA	NA
2074	8062	0.0176377396899023	undirected	NA	NA
2074	8759	0.363468199263436	undirected	NA	NA
2074	9008	0.275549153838976	undirected	NA	NA
2074	9027	0.170965727266534	undirected	NA	NA
2074	9129	0.346032492343744	undirected	NA	NA
2074	9549	0.0074713404498306	undirected	NA	NA
2074	10093	0.123835080897388	undirected	NA	NA
2074	10240	0.162510780462697	undirected	NA	NA
2074	10492	0.241314124348994	undirected	NA	NA
2074	10589	0.169722727801888	undirected	NA	NA
2074	11257	0.155744713576867	undirected	NA	NA
2074	11332	0.332756519984223	undirected	NA	NA
2074	11643	0.274011868279935	undirected	NA	NA
2074	12839	0.269217904756463	undirected	NA	NA
2074	14102	0.246514115569366	undirected	NA	NA
2074	14270	0.319955973080248	undirected	NA	NA
2074	14497	0.313898768819164	undirected	NA	NA
2074	14776	0.124453591502837	undirected	NA	NA
2074	15477	0.0256821751352613	undirected	NA	NA
2074	15660	0.154690270864456	undirected	NA	NA
2126	2283	0.0554827189802963	undirected	NA	NA
2126	2675	0.0483127996478912	undirected	NA	NA
2126	2691	0.203319257440095	undirected	NA	NA
2126	2994	0.188945650841356	undirected	NA	NA
2126	3494	0.127695303827988	undirected	NA	NA
2126	3891	0.17531990945155	undirected	NA	NA
2126	4034	0.203616382016558	undirected	NA	NA
2126	4089	0.17452415410906	undirected	NA	NA
2126	4129	0.221085847114609	undirected	NA	NA
2126	4229	0.0712039617634995	undirected	NA	NA
2126	4524	0.20876194321385	undirected	NA	NA
2126	4830	0.101717340508692	undirected	NA	NA
2126	5135	0.226386373211266	undirected	NA	NA
2126	5211	0.144603284509482	undirected	NA	NA
2126	5808	0.216140761276357	undirected	NA	NA
2126	6335	0.224656937734993	undirected	NA	NA
2126	6370	0.164365851087499	undirected	NA	NA
2126	7541	0.20730617047394	undirected	NA	NA
2126	7670	0.145475754744924	undirected	NA	NA
2126	7930	0.264034752270107	undirected	NA	NA
2126	8062	0.0431817078488816	undirected	NA	NA
2126	8759	0.127548867311286	undirected	NA	NA
2126	9008	0.215760005181612	undirected	NA	NA
2126	9027	0.137622193658042	undirected	NA	NA
2126	9129	0.120265553184283	undirected	NA	NA
2126	9549	0.00132122321555637	undirected	NA	NA
2126	10093	0.253132361277943	undirected	NA	NA
2126	10240	0.16632209419523	undirected	NA	NA
2126	10492	0.182837016732274	undirected	NA	NA
2126	10589	0.219363134220992	undirected	NA	NA
2126	11257	0.24504476588145	undirected	NA	NA
2126	11332	0.19468067680073	undirected	NA	NA
2126	11643	0.16629338495859	undirected	NA	NA
2126	12839	0.25051244909401	undirected	NA	NA
2126	14102	0.149778473680042	undirected	NA	NA
2126	14270	0.185937900897256	undirected	NA	NA
2126	14497	0.181474280282259	undirected	NA	NA
2126	14776	0.241511077547679	undirected	NA	NA
2126	15477	0.00874812815575917	undirected	NA	NA
2126	15660	0.100354498380512	undirected	NA	NA
2283	2675	0.0752689025373852	undirected	NA	NA
2283	2691	0.0491750919976479	undirected	NA	NA
2283	2994	0.200306228624259	undirected	NA	NA
2283	3494	0.182020489846047	undirected	NA	NA
2283	3891	0.164086406596493	undirected	NA	NA
2283	4034	0.0129310797462166	undirected	NA	NA
2283	4089	0.184354223649771	undirected	NA	NA
2283	4129	0.176553734938891	undirected	NA	NA
2283	4229	0.27392943624656	undirected	NA	NA
2283	4524	0.113749392137608	undirected	NA	NA
2283	4830	0.0116968244443	undirected	NA	NA
2283	5135	0.0444932558064752	undirected	NA	NA
2283	5211	0.268000443763481	undirected	NA	NA
2283	5808	0.113428888181331	undirected	NA	NA
2283	6335	0.0303550610805846	undirected	NA	NA
2283	6370	0.197659559163838	undirected	NA	NA
2283	7541	0.177157967327272	undirected	NA	NA
2283	7670	0.167965547648782	undirected	NA	NA
2283	7930	0.0516714155447946	undirected	NA	NA
2283	8062	0.0128085059004867	undirected	NA	NA
2283	8759	0.17733313446169	undirected	NA	NA
2283	9008	0.168280212364204	undirected	NA	NA
2283	9027	0.0900655471363134	undirected	NA	NA
2283	9129	0.11715240150569	undirected	NA	NA
2283	9549	0.0185445516874424	undirected	NA	NA
2283	10093	0.0407476553205778	undirected	NA	NA
2283	10240	0.0933174937510817	undirected	NA	NA
2283	10492	0.129108410904938	undirected	NA	NA
2283	10589	0.076493537052473	undirected	NA	NA
2283	11257	0.0622179850188557	undirected	NA	NA
2283	11332	0.152650421634365	undirected	NA	NA
2283	11643	0.118564549028882	undirected	NA	NA
2283	12839	0.139163278823856	undirected	NA	NA
2283	14102	0.0894885019928587	undirected	NA	NA
2283	14270	0.240420307413791	undirected	NA	NA
2283	14497	0.223934875049229	undirected	NA	NA
2283	14776	0.0518582149168218	undirected	NA	NA
2283	15477	0.0376844551158602	undirected	NA	NA
2283	15660	0.153999759976555	undirected	NA	NA
2675	2691	0.121435665456447	undirected	NA	NA
2675	2994	0.088054316701026	undirected	NA	NA
2675	3494	0.0603305380052094	undirected	NA	NA
2675	3891	0.0931483227002222	undirected	NA	NA
2675	4034	0.0484713135309008	undirected	NA	NA
2675	4089	0.0907143159528931	undirected	NA	NA
2675	4129	0.0969003587123107	undirected	NA	NA
2675	4229	0.0793596770528742	undirected	NA	NA
2675	4524	0.104994433465421	undirected	NA	NA
2675	4830	0.0250001939452656	undirected	NA	NA
2675	5135	0.144188473244118	undirected	NA	NA
2675	5211	0.0681133956436039	undirected	NA	NA
2675	5808	0.0317141296239501	undirected	NA	NA
2675	6335	0.101691532027768	undirected	NA	NA
2675	6370	0.0648307299507186	undirected	NA	NA
2675	7541	0.0903083373212568	undirected	NA	NA
2675	7670	0.07756301518915	undirected	NA	NA
2675	7930	0.0940668720665375	undirected	NA	NA
2675	8062	0.036510088879089	undirected	NA	NA
2675	8759	0.0554882016695131	undirected	NA	NA
2675	9008	0.073935517884432	undirected	NA	NA
2675	9027	0.184767923862069	undirected	NA	NA
2675	9129	0.023279960048809	undirected	NA	NA
2675	9549	0.105651445968954	undirected	NA	NA
2675	10093	0.116412903944496	undirected	NA	NA
2675	10240	0.144502280998693	undirected	NA	NA
2675	10492	0.0765264435131228	undirected	NA	NA
2675	10589	0.0387709476293225	undirected	NA	NA
2675	11257	0.110092917744273	undirected	NA	NA
2675	11332	0.043120431996551	undirected	NA	NA
2675	11643	0.0242266023316967	undirected	NA	NA
2675	12839	0.0713476809244095	undirected	NA	NA
2675	14102	0.0154595688660607	undirected	NA	NA
2675	14270	0.10686763690043	undirected	NA	NA
2675	14497	0.085268875110716	undirected	NA	NA
2675	14776	0.156894870022135	undirected	NA	NA
2675	15477	0.128377393175881	undirected	NA	NA
2675	15660	0.0537808965187482	undirected	NA	NA
2691	2994	0.271400294994292	undirected	NA	NA
2691	3494	0.155514860330204	undirected	NA	NA
2691	3891	0.280166555359554	undirected	NA	NA
2691	4034	0.206065590410082	undirected	NA	NA
2691	4089	0.268397469271462	undirected	NA	NA
2691	4129	0.312145965557686	undirected	NA	NA
2691	4229	0.063176214479828	undirected	NA	NA
2691	4524	0.275712897653051	undirected	NA	NA
2691	4830	0.0951392324150332	undirected	NA	NA
2691	5135	0.298578853625089	undirected	NA	NA
2691	5211	0.131019647099711	undirected	NA	NA
2691	5808	0.154177961279699	undirected	NA	NA
2691	6335	0.263216426559887	undirected	NA	NA
2691	6370	0.112375155154962	undirected	NA	NA
2691	7541	0.299317712669604	undirected	NA	NA
2691	7670	0.228732077605945	undirected	NA	NA
2691	7930	0.275088915075103	undirected	NA	NA
2691	8062	0.0760086667715646	undirected	NA	NA
2691	8759	0.092406618294698	undirected	NA	NA
2691	9008	0.279483474198842	undirected	NA	NA
2691	9027	0.225497472118944	undirected	NA	NA
2691	9129	0.0577657412573701	undirected	NA	NA
2691	9549	0.0071728231253056	undirected	NA	NA
2691	10093	0.291350763728338	undirected	NA	NA
2691	10240	0.256104764033913	undirected	NA	NA
2691	10492	0.26132565821504	undirected	NA	NA
2691	10589	0.227644462925106	undirected	NA	NA
2691	11257	0.282141187968347	undirected	NA	NA
2691	11332	0.151976082324927	undirected	NA	NA
2691	11643	0.0995811714612761	undirected	NA	NA
2691	12839	0.298593013952312	undirected	NA	NA
2691	14102	0.0595802623803262	undirected	NA	NA
2691	14270	0.266201026085428	undirected	NA	NA
2691	14497	0.247682193859766	undirected	NA	NA
2691	14776	0.313888424429237	undirected	NA	NA
2691	15477	0.0282254606457782	undirected	NA	NA
2691	15660	0.105780199146343	undirected	NA	NA
2994	3494	0.328128810774782	undirected	NA	NA
2994	3891	0.442628235444331	undirected	NA	NA
2994	4034	0.0721509626919216	undirected	NA	NA
2994	4089	0.458401501383939	undirected	NA	NA
2994	4129	0.438344471041655	undirected	NA	NA
2994	4229	0.269710878413687	undirected	NA	NA
2994	4524	0.293046469773363	undirected	NA	NA
2994	4830	0.0292475504587474	undirected	NA	NA
2994	5135	0.164573706520976	undirected	NA	NA
2994	5211	0.39298062824334	undirected	NA	NA
2994	5808	0.288138694177338	undirected	NA	NA
2994	6335	0.137006541192268	undirected	NA	NA
2994	6370	0.31290817419479	undirected	NA	NA
2994	7541	0.466375800970775	undirected	NA	NA
2994	7670	0.449719282461117	undirected	NA	NA
2994	7930	0.220093312511818	undirected	NA	NA
2994	8062	0.0219113351849756	undirected	NA	NA
2994	8759	0.291809468481641	undirected	NA	NA
2994	9008	0.474342149427081	undirected	NA	NA
2994	9027	0.244473079109189	undirected	NA	NA
2994	9129	0.218256572169677	undirected	NA	NA
2994	9549	0.00312803272220792	undirected	NA	NA
2994	10093	0.145845488628203	undirected	NA	NA
2994	10240	0.354978497848309	undirected	NA	NA
2994	10492	0.366543162690119	undirected	NA	NA
2994	10589	0.377596291490829	undirected	NA	NA
2994	11257	0.263755379986107	undirected	NA	NA
2994	11332	0.289813929357574	undirected	NA	NA
2994	11643	0.237190470616118	undirected	NA	NA
2994	12839	0.438933940062426	undirected	NA	NA
2994	14102	0.186536090491271	undirected	NA	NA
2994	14270	0.475768538369246	undirected	NA	NA
2994	14497	0.467361969637334	undirected	NA	NA
2994	14776	0.182157687751399	undirected	NA	NA
2994	15477	0.0140420195230283	undirected	NA	NA
2994	15660	0.448376993807565	undirected	NA	NA
3494	3891	0.29234377854798	undirected	NA	NA
3494	4034	0.0764336306938478	undirected	NA	NA
3494	4089	0.313714603521772	undirected	NA	NA
3494	4129	0.300984279393427	undirected	NA	NA
3494	4229	0.228462377295475	undirected	NA	NA
3494	4524	0.237822747671801	undirected	NA	NA
3494	4830	0.0379587643853234	undirected	NA	NA
3494	5135	0.134597731891808	undirected	NA	NA
3494	5211	0.307270959236105	undirected	NA	NA
3494	5808	0.25773568552263	undirected	NA	NA
3494	6335	0.12992733826634	undirected	NA	NA
3494	6370	0.208077675687823	undirected	NA	NA
3494	7541	0.332192834245522	undirected	NA	NA
3494	7670	0.283570819572236	undirected	NA	NA
3494	7930	0.153508899416399	undirected	NA	NA
3494	8062	0.0394116413876997	undirected	NA	NA
3494	8759	0.182994969833833	undirected	NA	NA
3494	9008	0.35148319782944	undirected	NA	NA
3494	9027	0.143718060234393	undirected	NA	NA
3494	9129	0.130850833115312	undirected	NA	NA
3494	9549	0.00182642385627906	undirected	NA	NA
3494	10093	0.114824753010742	undirected	NA	NA
3494	10240	0.191321089949944	undirected	NA	NA
3494	10492	0.231563313264143	undirected	NA	NA
3494	10589	0.251182771271582	undirected	NA	NA
3494	11257	0.155724082871631	undirected	NA	NA
3494	11332	0.20732417000487	undirected	NA	NA
3494	11643	0.181304875309118	undirected	NA	NA
3494	12839	0.321013882236039	undirected	NA	NA
3494	14102	0.13099357929518	undirected	NA	NA
3494	14270	0.315391116676225	undirected	NA	NA
3494	14497	0.319859378278343	undirected	NA	NA
3494	14776	0.134207973007225	undirected	NA	NA
3494	15477	0.00906981485806705	undirected	NA	NA
3494	15660	0.264984926954886	undirected	NA	NA
3891	4034	0.0727138957844234	undirected	NA	NA
3891	4089	0.434829312224467	undirected	NA	NA
3891	4129	0.429109604158939	undirected	NA	NA
3891	4229	0.228779321411531	undirected	NA	NA
3891	4524	0.271431263528605	undirected	NA	NA
3891	4830	0.0280366930294442	undirected	NA	NA
3891	5135	0.16710266723714	undirected	NA	NA
3891	5211	0.34066632426236	undirected	NA	NA
3891	5808	0.259320939013085	undirected	NA	NA
3891	6335	0.137595312815666	undirected	NA	NA
3891	6370	0.268406784879779	undirected	NA	NA
3891	7541	0.455849725266378	undirected	NA	NA
3891	7670	0.428453811652953	undirected	NA	NA
3891	7930	0.215276688069731	undirected	NA	NA
3891	8062	0.023360790643209	undirected	NA	NA
3891	8759	0.249612951628749	undirected	NA	NA
3891	9008	0.45950780689307	undirected	NA	NA
3891	9027	0.243761600805738	undirected	NA	NA
3891	9129	0.178664276237011	undirected	NA	NA
3891	9549	0.00358210145833083	undirected	NA	NA
3891	10093	0.146390399890042	undirected	NA	NA
3891	10240	0.357312480338342	undirected	NA	NA
3891	10492	0.366138804381297	undirected	NA	NA
3891	10589	0.377911594305582	undirected	NA	NA
3891	11257	0.263679579001004	undirected	NA	NA
3891	11332	0.25014484964208	undirected	NA	NA
3891	11643	0.198801901360781	undirected	NA	NA
3891	12839	0.427104650409905	undirected	NA	NA
3891	14102	0.150410194731981	undirected	NA	NA
3891	14270	0.440285986509413	undirected	NA	NA
3891	14497	0.433972193707764	undirected	NA	NA
3891	14776	0.185499021238655	undirected	NA	NA
3891	15477	0.0151131617696427	undirected	NA	NA
3891	15660	0.419928223806011	undirected	NA	NA
4034	4089	0.0714040242527214	undirected	NA	NA
4034	4129	0.106343925093568	undirected	NA	NA
4034	4229	0.016362867364949	undirected	NA	NA
4034	4524	0.319651078183065	undirected	NA	NA
4034	4830	0.202472944406185	undirected	NA	NA
4034	5135	0.372538421142396	undirected	NA	NA
4034	5211	0.0568096577154087	undirected	NA	NA
4034	5808	0.0720099568642631	undirected	NA	NA
4034	6335	0.378055135737085	undirected	NA	NA
4034	6370	0.0561020649156677	undirected	NA	NA
4034	7541	0.092772213319735	undirected	NA	NA
4034	7670	0.0443992134468018	undirected	NA	NA
4034	7930	0.340563671206385	undirected	NA	NA
4034	8062	0.108841862896354	undirected	NA	NA
4034	8759	0.0220822899527353	undirected	NA	NA
4034	9008	0.0841187080550197	undirected	NA	NA
4034	9027	0.0927227090793387	undirected	NA	NA
4034	9129	0.0101616357132181	undirected	NA	NA
4034	9549	0.00120478060628577	undirected	NA	NA
4034	10093	0.366667028073916	undirected	NA	NA
4034	10240	0.1226697661932	undirected	NA	NA
4034	10492	0.064967052480368	undirected	NA	NA
4034	10589	0.0587620050414816	undirected	NA	NA
4034	11257	0.25024334493941	undirected	NA	NA
4034	11332	0.0843922679222573	undirected	NA	NA
4034	11643	0.0415777709404444	undirected	NA	NA
4034	12839	0.118873834989935	undirected	NA	NA
4034	14102	0.026284504608454	undirected	NA	NA
4034	14270	0.105922781342263	undirected	NA	NA
4034	14497	0.0662982462143486	undirected	NA	NA
4034	14776	0.366430476809195	undirected	NA	NA
4034	15477	0.00954433902587358	undirected	NA	NA
4034	15660	0.0107235617716476	undirected	NA	NA
4089	4129	0.438804866939802	undirected	NA	NA
4089	4229	0.251672714324153	undirected	NA	NA
4089	4524	0.281090011366523	undirected	NA	NA
4089	4830	0.0283904164752944	undirected	NA	NA
4089	5135	0.163971141485226	undirected	NA	NA
4089	5211	0.364793972247522	undirected	NA	NA
4089	5808	0.275228040931927	undirected	NA	NA
4089	6335	0.137018405698481	undirected	NA	NA
4089	6370	0.280662917807474	undirected	NA	NA
4089	7541	0.469580305069085	undirected	NA	NA
4089	7670	0.436840467484313	undirected	NA	NA
4089	7930	0.211493014492479	undirected	NA	NA
4089	8062	0.0248467766009132	undirected	NA	NA
4089	8759	0.26076939962662	undirected	NA	NA
4089	9008	0.475921114751694	undirected	NA	NA
4089	9027	0.237930560032328	undirected	NA	NA
4089	9129	0.186798953862203	undirected	NA	NA
4089	9549	0.00334813358858096	undirected	NA	NA
4089	10093	0.141946375458081	undirected	NA	NA
4089	10240	0.347504750787522	undirected	NA	NA
4089	10492	0.367938707990106	undirected	NA	NA
4089	10589	0.37887855981249	undirected	NA	NA
4089	11257	0.254746617876118	undirected	NA	NA
4089	11332	0.261647479273563	undirected	NA	NA
4089	11643	0.210849850396017	undirected	NA	NA
4089	12839	0.438477052281464	undirected	NA	NA
4089	14102	0.158667481719402	undirected	NA	NA
4089	14270	0.455618907941986	undirected	NA	NA
4089	14497	0.447552223519007	undirected	NA	NA
4089	14776	0.179783799631484	undirected	NA	NA
4089	15477	0.0144071295417625	undirected	NA	NA
4089	15660	0.431626085509464	undirected	NA	NA
4129	4229	0.239936990441288	undirected	NA	NA
4129	4524	0.306642195320539	undirected	NA	NA
4129	4830	0.0436051290739476	undirected	NA	NA
4129	5135	0.20720933799966	undirected	NA	NA
4129	5211	0.371716616320892	undirected	NA	NA
4129	5808	0.275869862580701	undirected	NA	NA
4129	6335	0.175492600852032	undirected	NA	NA
4129	6370	0.323843138716086	undirected	NA	NA
4129	7541	0.437177058422304	undirected	NA	NA
4129	7670	0.426207597508563	undirected	NA	NA
4129	7930	0.265147747128547	undirected	NA	NA
4129	8062	0.0277208166328981	undirected	NA	NA
4129	8759	0.298259296891908	undirected	NA	NA
4129	9008	0.44146326038595	undirected	NA	NA
4129	9027	0.270618155931709	undirected	NA	NA
4129	9129	0.23190408243611	undirected	NA	NA
4129	9549	0.00377700418335555	undirected	NA	NA
4129	10093	0.195752908639369	undirected	NA	NA
4129	10240	0.378844806578705	undirected	NA	NA
4129	10492	0.356530404269097	undirected	NA	NA
4129	10589	0.366587637993787	undirected	NA	NA
4129	11257	0.310488957944761	undirected	NA	NA
4129	11332	0.297753907703924	undirected	NA	NA
4129	11643	0.238906887513676	undirected	NA	NA
4129	12839	0.421567650051209	undirected	NA	NA
4129	14102	0.199599286414432	undirected	NA	NA
4129	14270	0.458463398818654	undirected	NA	NA
4129	14497	0.447012114903518	undirected	NA	NA
4129	14776	0.230812947804052	undirected	NA	NA
4129	15477	0.0170408974946006	undirected	NA	NA
4129	15660	0.415064796746721	undirected	NA	NA
4229	4524	0.143082643570183	undirected	NA	NA
4229	4830	0.0122709748107206	undirected	NA	NA
4229	5135	0.0465719426829297	undirected	NA	NA
4229	5211	0.289393596893368	undirected	NA	NA
4229	5808	0.156870553062202	undirected	NA	NA
4229	6335	0.0332012540443599	undirected	NA	NA
4229	6370	0.19722604047929	undirected	NA	NA
4229	7541	0.247385549705396	undirected	NA	NA
4229	7670	0.230749711329253	undirected	NA	NA
4229	7930	0.0641067229890505	undirected	NA	NA
4229	8062	0.0131553151643813	undirected	NA	NA
4229	8759	0.17347258378947	undirected	NA	NA
4229	9008	0.239775511362008	undirected	NA	NA
4229	9027	0.103986184062751	undirected	NA	NA
4229	9129	0.126382575131632	undirected	NA	NA
4229	9549	0.0112217451036085	undirected	NA	NA
4229	10093	0.0413194408729722	undirected	NA	NA
4229	10240	0.115248620853181	undirected	NA	NA
4229	10492	0.180428183733773	undirected	NA	NA
4229	10589	0.120769585679339	undirected	NA	NA
4229	11257	0.0762394084632843	undirected	NA	NA
4229	11332	0.183305596563421	undirected	NA	NA
4229	11643	0.148361910785308	undirected	NA	NA
4229	12839	0.201607217971037	undirected	NA	NA
4229	14102	0.102333863981539	undirected	NA	NA
4229	14270	0.298168594092846	undirected	NA	NA
4229	14497	0.288562704562059	undirected	NA	NA
4229	14776	0.0539145590746857	undirected	NA	NA
4229	15477	0.030425136563913	undirected	NA	NA
4229	15660	0.177549883857085	undirected	NA	NA
4524	4830	0.171057773718518	undirected	NA	NA
4524	5135	0.393521569504208	undirected	NA	NA
4524	5211	0.224944950392238	undirected	NA	NA
4524	5808	0.236252013690288	undirected	NA	NA
4524	6335	0.388437120336859	undirected	NA	NA
4524	6370	0.199062719909702	undirected	NA	NA
4524	7541	0.312862726373827	undirected	NA	NA
4524	7670	0.237796311711693	undirected	NA	NA
4524	7930	0.325616058550128	undirected	NA	NA
4524	8062	0.118815735916094	undirected	NA	NA
4524	8759	0.157178736722991	undirected	NA	NA
4524	9008	0.315954692673498	undirected	NA	NA
4524	9027	0.222374525591784	undirected	NA	NA
4524	9129	0.113413420967279	undirected	NA	NA
4524	9549	0.00360724838160717	undirected	NA	NA
4524	10093	0.38129074513258	undirected	NA	NA
4524	10240	0.232001020080779	undirected	NA	NA
4524	10492	0.230550602870007	undirected	NA	NA
4524	10589	0.23150406424744	undirected	NA	NA
4524	11257	0.291437937160594	undirected	NA	NA
4524	11332	0.209072685531148	undirected	NA	NA
4524	11643	0.164783467462885	undirected	NA	NA
4524	12839	0.325548121674838	undirected	NA	NA
4524	14102	0.112601331783656	undirected	NA	NA
4524	14270	0.299926673387329	undirected	NA	NA
4524	14497	0.28123708721792	undirected	NA	NA
4524	14776	0.387735664848149	undirected	NA	NA
4524	15477	0.0197802129865728	undirected	NA	NA
4524	15660	0.1685373806498	undirected	NA	NA
4830	5135	0.21480733891582	undirected	NA	NA
4830	5211	0.0338044664863944	undirected	NA	NA
4830	5808	0.0322305719618556	undirected	NA	NA
4830	6335	0.221950915302384	undirected	NA	NA
4830	6370	0.037434186764009	undirected	NA	NA
4830	7541	0.0368426860322831	undirected	NA	NA
4830	7670	0.0165324634648255	undirected	NA	NA
4830	7930	0.178104678326116	undirected	NA	NA
4830	8062	0.0713580151153542	undirected	NA	NA
4830	8759	0.0163163264802865	undirected	NA	NA
4830	9008	0.0325249307424643	undirected	NA	NA
4830	9027	0.0526911253414505	undirected	NA	NA
4830	9129	0.00919834468771966	undirected	NA	NA
4830	9549	0.00161282568907389	undirected	NA	NA
4830	10093	0.235299183867358	undirected	NA	NA
4830	10240	0.0555822269232039	undirected	NA	NA
4830	10492	0.0240566271465842	undirected	NA	NA
4830	10589	0.0181715981012571	undirected	NA	NA
4830	11257	0.122448349425318	undirected	NA	NA
4830	11332	0.0452116634213044	undirected	NA	NA
4830	11643	0.0222298555385587	undirected	NA	NA
4830	12839	0.0464584683548283	undirected	NA	NA
4830	14102	0.0169464784114416	undirected	NA	NA
4830	14270	0.0495726501287643	undirected	NA	NA
4830	14497	0.0284440789714769	undirected	NA	NA
4830	14776	0.212621298517011	undirected	NA	NA
4830	15477	0.00742088027834566	undirected	NA	NA
4830	15660	0.00467116891337299	undirected	NA	NA
5135	5211	0.111144130518926	undirected	NA	NA
5135	5808	0.105566820880628	undirected	NA	NA
5135	6335	0.414476134851053	undirected	NA	NA
5135	6370	0.0993708740251571	undirected	NA	NA
5135	7541	0.19091254210448	undirected	NA	NA
5135	7670	0.122191408258066	undirected	NA	NA
5135	7930	0.39322339020771	undirected	NA	NA
5135	8062	0.175708353096361	undirected	NA	NA
5135	8759	0.0594560212942994	undirected	NA	NA
5135	9008	0.170958218960624	undirected	NA	NA
5135	9027	0.212928050583431	undirected	NA	NA
5135	9129	0.0326389698346185	undirected	NA	NA
5135	9549	0.0122943648694599	undirected	NA	NA
5135	10093	0.427922455071816	undirected	NA	NA
5135	10240	0.222595695587966	undirected	NA	NA
5135	10492	0.144897826870273	undirected	NA	NA
5135	10589	0.109372940305675	undirected	NA	NA
5135	11257	0.333255680084556	undirected	NA	NA
5135	11332	0.124787373792184	undirected	NA	NA
5135	11643	0.0670710699345457	undirected	NA	NA
5135	12839	0.201590952723761	undirected	NA	NA
5135	14102	0.0408788932890674	undirected	NA	NA
5135	14270	0.204644889474139	undirected	NA	NA
5135	14497	0.153204707874906	undirected	NA	NA
5135	14776	0.44773381472013	undirected	NA	NA
5135	15477	0.0411299634261944	undirected	NA	NA
5135	15660	0.0463764092506773	undirected	NA	NA
5211	5808	0.302668167287366	undirected	NA	NA
5211	6335	0.0941150083158304	undirected	NA	NA
5211	6370	0.312361755572831	undirected	NA	NA
5211	7541	0.381621858895461	undirected	NA	NA
5211	7670	0.32795252355414	undirected	NA	NA
5211	7930	0.130621151447066	undirected	NA	NA
5211	8062	0.0194946625249161	undirected	NA	NA
5211	8759	0.315379859734245	undirected	NA	NA
5211	9008	0.387397025617219	undirected	NA	NA
5211	9027	0.177272391068126	undirected	NA	NA
5211	9129	0.262041049655357	undirected	NA	NA
5211	9549	0.00448497745651482	undirected	NA	NA
5211	10093	0.109376418822955	undirected	NA	NA
5211	10240	0.182517283867884	undirected	NA	NA
5211	10492	0.287201376389151	undirected	NA	NA
5211	10589	0.240507557506371	undirected	NA	NA
5211	11257	0.146098807495351	undirected	NA	NA
5211	11332	0.299514613558674	undirected	NA	NA
5211	11643	0.264181331792183	undirected	NA	NA
5211	12839	0.352614027433839	undirected	NA	NA
5211	14102	0.181760661205036	undirected	NA	NA
5211	14270	0.397735863018755	undirected	NA	NA
5211	14497	0.402271117048415	undirected	NA	NA
5211	14776	0.12219359106416	undirected	NA	NA
5211	15477	0.0188825414385047	undirected	NA	NA
5211	15660	0.267729620040263	undirected	NA	NA
5808	6335	0.104675585158014	undirected	NA	NA
5808	6370	0.249464034952464	undirected	NA	NA
5808	7541	0.275078211977356	undirected	NA	NA
5808	7670	0.262840249023891	undirected	NA	NA
5808	7930	0.186304804106506	undirected	NA	NA
5808	8062	0.0133428563230511	undirected	NA	NA
5808	8759	0.203647711836231	undirected	NA	NA
5808	9008	0.27376223518106	undirected	NA	NA
5808	9027	0.115558022261476	undirected	NA	NA
5808	9129	0.197163242092936	undirected	NA	NA
5808	9549	0.000570050679923816	undirected	NA	NA
5808	10093	0.109976997753013	undirected	NA	NA
5808	10240	0.181737893535537	undirected	NA	NA
5808	10492	0.225478454054565	undirected	NA	NA
5808	10589	0.261800034845581	undirected	NA	NA
5808	11257	0.183017929560995	undirected	NA	NA
5808	11332	0.317114328731973	undirected	NA	NA
5808	11643	0.315065050807578	undirected	NA	NA
5808	12839	0.268813162177906	undirected	NA	NA
5808	14102	0.281344054680741	undirected	NA	NA
5808	14270	0.301151614035077	undirected	NA	NA
5808	14497	0.303311133710826	undirected	NA	NA
5808	14776	0.11515831020056	undirected	NA	NA
5808	15477	0.00387521164354074	undirected	NA	NA
5808	15660	0.232730314020126	undirected	NA	NA
6335	6370	0.0785914551118087	undirected	NA	NA
6335	7541	0.164558327890103	undirected	NA	NA
6335	7670	0.0977955074913633	undirected	NA	NA
6335	7930	0.378974043780954	undirected	NA	NA
6335	8062	0.175003767462705	undirected	NA	NA
6335	8759	0.0393272894401204	undirected	NA	NA
6335	9008	0.151780105814843	undirected	NA	NA
6335	9027	0.161016984022043	undirected	NA	NA
6335	9129	0.0204839574515898	undirected	NA	NA
6335	9549	0.00384118632262057	undirected	NA	NA
6335	10093	0.394035372047183	undirected	NA	NA
6335	10240	0.178667195307119	undirected	NA	NA
6335	10492	0.116222602829855	undirected	NA	NA
6335	10589	0.102939045148053	undirected	NA	NA
6335	11257	0.299737538324232	undirected	NA	NA
6335	11332	0.114324902304533	undirected	NA	NA
6335	11643	0.06156229033318	undirected	NA	NA
6335	12839	0.186579669655923	undirected	NA	NA
6335	14102	0.0355125799384124	undirected	NA	NA
6335	14270	0.175594933495856	undirected	NA	NA
6335	14497	0.126139521123976	undirected	NA	NA
6335	14776	0.412095859861687	undirected	NA	NA
6335	15477	0.0210041056003268	undirected	NA	NA
6335	15660	0.0312303952574038	undirected	NA	NA
6370	7541	0.298433457234599	undirected	NA	NA
6370	7670	0.246748405877174	undirected	NA	NA
6370	7930	0.135784896391658	undirected	NA	NA
6370	8062	0.0151503941622306	undirected	NA	NA
6370	8759	0.379365950018983	undirected	NA	NA
6370	9008	0.290867218993167	undirected	NA	NA
6370	9027	0.179088700005867	undirected	NA	NA
6370	9129	0.357565443115161	undirected	NA	NA
6370	9549	0.00897306078571106	undirected	NA	NA
6370	10093	0.113874869017923	undirected	NA	NA
6370	10240	0.172758149658406	undirected	NA	NA
6370	10492	0.256729622883091	undirected	NA	NA
6370	10589	0.175929710907831	undirected	NA	NA
6370	11257	0.154253530360844	undirected	NA	NA
6370	11332	0.331945220732166	undirected	NA	NA
6370	11643	0.268992010573592	undirected	NA	NA
6370	12839	0.278186099190379	undirected	NA	NA
6370	14102	0.241771050682299	undirected	NA	NA
6370	14270	0.339371687714189	undirected	NA	NA
6370	14497	0.334542936824334	undirected	NA	NA
6370	14776	0.117222392698673	undirected	NA	NA
6370	15477	0.0290356644794496	undirected	NA	NA
6370	15660	0.168232449355381	undirected	NA	NA
7541	7670	0.459396203538992	undirected	NA	NA
7541	7930	0.248726889744462	undirected	NA	NA
7541	8062	0.0287014588484394	undirected	NA	NA
7541	8759	0.270120205820455	undirected	NA	NA
7541	9008	0.45290733653027	undirected	NA	NA
7541	9027	0.250237132707428	undirected	NA	NA
7541	9129	0.198342886386425	undirected	NA	NA
7541	9549	0.00288719268132286	undirected	NA	NA
7541	10093	0.17060932885953	undirected	NA	NA
7541	10240	0.370965531301625	undirected	NA	NA
7541	10492	0.365297126266805	undirected	NA	NA
7541	10589	0.380696956463218	undirected	NA	NA
7541	11257	0.289874753618799	undirected	NA	NA
7541	11332	0.290776985306622	undirected	NA	NA
7541	11643	0.23702609715808	undirected	NA	NA
7541	12839	0.425977841710442	undirected	NA	NA
7541	14102	0.181801642144615	undirected	NA	NA
7541	14270	0.480363082969384	undirected	NA	NA
7541	14497	0.472369404927797	undirected	NA	NA
7541	14776	0.20832562274741	undirected	NA	NA
7541	15477	0.0134553176117001	undirected	NA	NA
7541	15660	0.436565041629301	undirected	NA	NA
7670	7930	0.169733223478472	undirected	NA	NA
7670	8062	0.0152071158147035	undirected	NA	NA
7670	8759	0.233803185622577	undirected	NA	NA
7670	9008	0.466695159106987	undirected	NA	NA
7670	9027	0.205134904412438	undirected	NA	NA
7670	9129	0.166558899180796	undirected	NA	NA
7670	9549	0.00262659541138046	undirected	NA	NA
7670	10093	0.101984358784239	undirected	NA	NA
7670	10240	0.311277195056604	undirected	NA	NA
7670	10492	0.3624874483527	undirected	NA	NA
7670	10589	0.379531491869496	undirected	NA	NA
7670	11257	0.213171110064337	undirected	NA	NA
7670	11332	0.230736327344999	undirected	NA	NA
7670	11643	0.188010646199523	undirected	NA	NA
7670	12839	0.425300626542536	undirected	NA	NA
7670	14102	0.139068900602338	undirected	NA	NA
7670	14270	0.41429177673877	undirected	NA	NA
7670	14497	0.422060130507421	undirected	NA	NA
7670	14776	0.13643809073054	undirected	NA	NA
7670	15477	0.0112173062569724	undirected	NA	NA
7670	15660	0.410703054543018	undirected	NA	NA
7930	8062	0.10351425060047	undirected	NA	NA
7930	8759	0.0991552026046403	undirected	NA	NA
7930	9008	0.242384810191301	undirected	NA	NA
7930	9027	0.204141889168972	undirected	NA	NA
7930	9129	0.0724397387161219	undirected	NA	NA
7930	9549	0.00304866886549897	undirected	NA	NA
7930	10093	0.407108986106067	undirected	NA	NA
7930	10240	0.202384756489192	undirected	NA	NA
7930	10492	0.206004643631796	undirected	NA	NA
7930	10589	0.20776379823598	undirected	NA	NA
7930	11257	0.298204744294745	undirected	NA	NA
7930	11332	0.182841336611082	undirected	NA	NA
7930	11643	0.126911581964502	undirected	NA	NA
7930	12839	0.2820285895195	undirected	NA	NA
7930	14102	0.0854153630609674	undirected	NA	NA
7930	14270	0.232885921446048	undirected	NA	NA
7930	14497	0.205602420102316	undirected	NA	NA
7930	14776	0.401171969237907	undirected	NA	NA
7930	15477	0.0183902749002982	undirected	NA	NA
7930	15660	0.083094425542663	undirected	NA	NA
8062	8759	0.00618027239495068	undirected	NA	NA
8062	9008	0.0246041172518567	undirected	NA	NA
8062	9027	0.0445930837415018	undirected	NA	NA
8062	9129	0.0017906577421078	undirected	NA	NA
8062	9549	0.00372357656274604	undirected	NA	NA
8062	10093	0.134202312031494	undirected	NA	NA
8062	10240	0.0410685935976411	undirected	NA	NA
8062	10492	0.0138595159887479	undirected	NA	NA
8062	10589	0.011763420103126	undirected	NA	NA
8062	11257	0.072125240527879	undirected	NA	NA
8062	11332	0.0165214881208943	undirected	NA	NA
8062	11643	0.00656090926457688	undirected	NA	NA
8062	12839	0.0303579300570719	undirected	NA	NA
8062	14102	0.00322858215958688	undirected	NA	NA
8062	14270	0.0367254042784339	undirected	NA	NA
8062	14497	0.0194050338671075	undirected	NA	NA
8062	14776	0.152494594609623	undirected	NA	NA
8062	15477	0.00968365033404158	undirected	NA	NA
8062	15660	0.00325530671004189	undirected	NA	NA
8759	9008	0.256831908970004	undirected	NA	NA
8759	9027	0.144362019256551	undirected	NA	NA
8759	9129	0.313599945563599	undirected	NA	NA
8759	9549	0.0110592597346171	undirected	NA	NA
8759	10093	0.0688656008395276	undirected	NA	NA
8759	10240	0.166431508041163	undirected	NA	NA
8759	10492	0.240993498262939	undirected	NA	NA
8759	10589	0.145426748121784	undirected	NA	NA
8759	11257	0.129280111641635	undirected	NA	NA
8759	11332	0.307564107588974	undirected	NA	NA
8759	11643	0.238619344043032	undirected	NA	NA
8759	12839	0.236415962601724	undirected	NA	NA
8759	14102	0.231141767606504	undirected	NA	NA
8759	14270	0.321807227317095	undirected	NA	NA
8759	14497	0.318020529188336	undirected	NA	NA
8759	14776	0.079438950214948	undirected	NA	NA
8759	15477	0.0298430252164747	undirected	NA	NA
8759	15660	0.18127494397227	undirected	NA	NA
9008	9027	0.220551558815325	undirected	NA	NA
9008	9129	0.193323882330998	undirected	NA	NA
9008	9549	0.00171750850923724	undirected	NA	NA
9008	10093	0.151963609371318	undirected	NA	NA
9008	10240	0.346431093849623	undirected	NA	NA
9008	10492	0.368948334596361	undirected	NA	NA
9008	10589	0.376543109480352	undirected	NA	NA
9008	11257	0.27481353692873	undirected	NA	NA
9008	11332	0.307290575619453	undirected	NA	NA
9008	11643	0.26278228008791	undirected	NA	NA
9008	12839	0.39703840294809	undirected	NA	NA
9008	14102	0.199619478956358	undirected	NA	NA
9008	14270	0.480878266835846	undirected	NA	NA
9008	14497	0.47916953320458	undirected	NA	NA
9008	14776	0.185246210218461	undirected	NA	NA
9008	15477	0.00906310427228221	undirected	NA	NA
9008	15660	0.426348845359503	undirected	NA	NA
9027	9129	0.0970020747382346	undirected	NA	NA
9027	9549	0.065477367213879	undirected	NA	NA
9027	10093	0.193995655657134	undirected	NA	NA
9027	10240	0.260723674094917	undirected	NA	NA
9027	10492	0.221499548675243	undirected	NA	NA
9027	10589	0.130762596981614	undirected	NA	NA
9027	11257	0.234376349379612	undirected	NA	NA
9027	11332	0.155209034293753	undirected	NA	NA
9027	11643	0.099826240957109	undirected	NA	NA
9027	12839	0.216398357478179	undirected	NA	NA
9027	14102	0.0767461917771327	undirected	NA	NA
9027	14270	0.265453588765377	undirected	NA	NA
9027	14497	0.239454668076878	undirected	NA	NA
9027	14776	0.238564194976866	undirected	NA	NA
9027	15477	0.106568731782986	undirected	NA	NA
9027	15660	0.120666536687886	undirected	NA	NA
9129	9549	0.00438457784378278	undirected	NA	NA
9129	10093	0.0462299791239884	undirected	NA	NA
9129	10240	0.118830302938442	undirected	NA	NA
9129	10492	0.191855159299962	undirected	NA	NA
9129	10589	0.117698842569798	undirected	NA	NA
9129	11257	0.0972792971254904	undirected	NA	NA
9129	11332	0.30353803523825	undirected	NA	NA
9129	11643	0.250750917752091	undirected	NA	NA
9129	12839	0.184944638523765	undirected	NA	NA
9129	14102	0.261915470321609	undirected	NA	NA
9129	14270	0.243691648831509	undirected	NA	NA
9129	14497	0.246343110457939	undirected	NA	NA
9129	14776	0.0486103253792799	undirected	NA	NA
9129	15477	0.0148203842374883	undirected	NA	NA
9129	15660	0.141301618271302	undirected	NA	NA
9549	10093	0.00880154493803896	undirected	NA	NA
9549	10240	0.0142636676719984	undirected	NA	NA
9549	10492	0.0028688272770301	undirected	NA	NA
9549	10589	0.0004828097801599	undirected	NA	NA
9549	11257	0.00588263160020585	undirected	NA	NA
9549	11332	0.00188543545999851	undirected	NA	NA
9549	11643	0.000827202924784005	undirected	NA	NA
9549	12839	0.00153588626873036	undirected	NA	NA
9549	14102	0.000994448267695267	undirected	NA	NA
9549	14270	0.00554160249106396	undirected	NA	NA
9549	14497	0.00336035815352489	undirected	NA	NA
9549	14776	0.0156818255047033	undirected	NA	NA
9549	15477	0.37801132210684	undirected	NA	NA
9549	15660	0.00297786202117105	undirected	NA	NA
10093	10240	0.214159544371119	undirected	NA	NA
10093	10492	0.137028337363669	undirected	NA	NA
10093	10589	0.100751891633134	undirected	NA	NA
10093	11257	0.343427400378648	undirected	NA	NA
10093	11332	0.140521699550397	undirected	NA	NA
10093	11643	0.0778818390152901	undirected	NA	NA
10093	12839	0.190371094774359	undirected	NA	NA
10093	14102	0.0568619734236859	undirected	NA	NA
10093	14270	0.188314198929001	undirected	NA	NA
10093	14497	0.138298292878143	undirected	NA	NA
10093	14776	0.441057396354061	undirected	NA	NA
10093	15477	0.032021567267282	undirected	NA	NA
10093	15660	0.0395862115009529	undirected	NA	NA
10240	10492	0.326757312443401	undirected	NA	NA
10240	10589	0.253710554001906	undirected	NA	NA
10240	11257	0.236929167727165	undirected	NA	NA
10240	11332	0.184712105998144	undirected	NA	NA
10240	11643	0.132559276551593	undirected	NA	NA
10240	12839	0.338635127806206	undirected	NA	NA
10240	14102	0.0843697492298471	undirected	NA	NA
10240	14270	0.334603751868709	undirected	NA	NA
10240	14497	0.332294972796909	undirected	NA	NA
10240	14776	0.246979119505966	undirected	NA	NA
10240	15477	0.0437031075633407	undirected	NA	NA
10240	15660	0.190685069892789	undirected	NA	NA
10492	10589	0.340150035438901	undirected	NA	NA
10492	11257	0.255949387648886	undirected	NA	NA
10492	11332	0.240163768022531	undirected	NA	NA
10492	11643	0.19412639090824	undirected	NA	NA
10492	12839	0.35611990942323	undirected	NA	NA
10492	14102	0.165742400753264	undirected	NA	NA
10492	14270	0.370574203364681	undirected	NA	NA
10492	14497	0.369154373375049	undirected	NA	NA
10492	14776	0.167956760558709	undirected	NA	NA
10492	15477	0.0127045812565963	undirected	NA	NA
10492	15660	0.353788306949224	undirected	NA	NA
10589	11257	0.229093637945311	undirected	NA	NA
10589	11332	0.244196678977565	undirected	NA	NA
10589	11643	0.227579281165861	undirected	NA	NA
10589	12839	0.359818923916554	undirected	NA	NA
10589	14102	0.170509922672667	undirected	NA	NA
10589	14270	0.33868895863247	undirected	NA	NA
10589	14497	0.362743265842683	undirected	NA	NA
10589	14776	0.120880614670228	undirected	NA	NA
10589	15477	0.00324874468266556	undirected	NA	NA
10589	15660	0.288154708716533	undirected	NA	NA
11257	11332	0.189724277141385	undirected	NA	NA
11257	11643	0.131618150275524	undirected	NA	NA
11257	12839	0.304318163440934	undirected	NA	NA
11257	14102	0.0926145102659826	undirected	NA	NA
11257	14270	0.26605361867784	undirected	NA	NA
11257	14497	0.246318989714825	undirected	NA	NA
11257	14776	0.354006817996491	undirected	NA	NA
11257	15477	0.0259255786562595	undirected	NA	NA
11257	15660	0.112244398711157	undirected	NA	NA
11332	11643	0.28628293147326	undirected	NA	NA
11332	12839	0.309754682192527	undirected	NA	NA
11332	14102	0.286665274728979	undirected	NA	NA
11332	14270	0.283462460957132	undirected	NA	NA
11332	14497	0.295192544203087	undirected	NA	NA
11332	14776	0.14121809303134	undirected	NA	NA
11332	15477	0.00992938892614562	undirected	NA	NA
11332	15660	0.220334033109613	undirected	NA	NA
11643	12839	0.265416039532951	undirected	NA	NA
11643	14102	0.292162070310001	undirected	NA	NA
11643	14270	0.227447304575937	undirected	NA	NA
11643	14497	0.243194561907578	undirected	NA	NA
11643	14776	0.0782850124311911	undirected	NA	NA
11643	15477	0.00478248312153309	undirected	NA	NA
11643	15660	0.185513444315817	undirected	NA	NA
12839	14102	0.209798414819247	undirected	NA	NA
12839	14270	0.443704467174033	undirected	NA	NA
12839	14497	0.440816261950908	undirected	NA	NA
12839	14776	0.217402310855656	undirected	NA	NA
12839	15477	0.0088070388193167	undirected	NA	NA
12839	15660	0.369780282850722	undirected	NA	NA
14102	14270	0.186186873017693	undirected	NA	NA
14102	14497	0.200360598341832	undirected	NA	NA
14102	14776	0.0520002291209482	undirected	NA	NA
14102	15477	0.0050974017987664	undirected	NA	NA
14102	15660	0.11606962066992	undirected	NA	NA
14270	14497	0.460126310291513	undirected	NA	NA
14270	14776	0.220925488742105	undirected	NA	NA
14270	15477	0.0227872013635353	undirected	NA	NA
14270	15660	0.408271813827645	undirected	NA	NA
14497	14776	0.170768821609048	undirected	NA	NA
14497	15477	0.0150036716456978	undirected	NA	NA
14497	15660	0.437166259137371	undirected	NA	NA
14776	15477	0.0478717588155674	undirected	NA	NA
14776	15660	0.0555679306192979	undirected	NA	NA
15477	15660	0.0110283551195074	undirected	NA	NA
