fromNode	toNode	weight	direction	fromAltName	toAltName
180	493	0.348708471671061	undirected	NA	NA
180	1288	0.378881689385135	undirected	NA	NA
180	1486	0.0896889503154966	undirected	NA	NA
180	2312	0.278698224884567	undirected	NA	NA
180	2415	0.330471031019969	undirected	NA	NA
180	2525	0.2567652338949	undirected	NA	NA
180	2528	0.363663800859021	undirected	NA	NA
180	4056	0.367021645182392	undirected	NA	NA
180	4293	0.184944190583674	undirected	NA	NA
180	4807	0.322291391470446	undirected	NA	NA
180	4846	0.35957837225993	undirected	NA	NA
180	5180	0.371409824315109	undirected	NA	NA
180	5348	0.347580808307425	undirected	NA	NA
180	5419	0.303409628084543	undirected	NA	NA
180	5541	0.300057961221484	undirected	NA	NA
180	5543	0.370561710506459	undirected	NA	NA
180	6094	0.278129031731134	undirected	NA	NA
180	6497	0.36808340691433	undirected	NA	NA
180	6773	0.40244988201167	undirected	NA	NA
180	6874	0.0962014810314632	undirected	NA	NA
180	7052	0.363046318867123	undirected	NA	NA
180	7068	0.238106320947401	undirected	NA	NA
180	7413	0.344590144129932	undirected	NA	NA
180	7995	0.232289734200638	undirected	NA	NA
180	8128	0.346615849426481	undirected	NA	NA
180	8176	0.336400209516568	undirected	NA	NA
180	8202	0.315637860897128	undirected	NA	NA
180	8436	0.233659893795062	undirected	NA	NA
180	8451	0.306899286289508	undirected	NA	NA
180	8511	0.380094267094612	undirected	NA	NA
180	8764	0.356345788909703	undirected	NA	NA
180	8955	0.369369461560875	undirected	NA	NA
180	9214	0.321987702074655	undirected	NA	NA
180	9225	0.357724190038028	undirected	NA	NA
180	9586	0.366852064115495	undirected	NA	NA
180	9640	0.329226593293887	undirected	NA	NA
180	11439	0.244389037969709	undirected	NA	NA
180	11663	0.311802748159733	undirected	NA	NA
180	11895	0.382709319239382	undirected	NA	NA
180	12032	0.31152696716911	undirected	NA	NA
180	12067	0.143433461251957	undirected	NA	NA
180	12109	0.295778778128765	undirected	NA	NA
180	12156	0.265096747986979	undirected	NA	NA
180	12568	0.319344632364681	undirected	NA	NA
180	12632	0.274229940962405	undirected	NA	NA
180	12885	0.0874752290608539	undirected	NA	NA
180	12971	0.25261366825138	undirected	NA	NA
180	13388	0.320347986678749	undirected	NA	NA
180	13468	0.202994765685057	undirected	NA	NA
180	13532	0.283472868269332	undirected	NA	NA
180	13717	0.276677792120932	undirected	NA	NA
180	14420	0.260560199825318	undirected	NA	NA
180	14478	0.293336786697148	undirected	NA	NA
180	14950	0.350133874025549	undirected	NA	NA
180	14963	0.314021645709451	undirected	NA	NA
180	15344	0.361737442193969	undirected	NA	NA
180	15463	0.321298222930177	undirected	NA	NA
180	15478	0.307480835848056	undirected	NA	NA
493	1288	0.394760873703721	undirected	NA	NA
493	1486	0.0606031054322688	undirected	NA	NA
493	2312	0.250246863651074	undirected	NA	NA
493	2415	0.321865817271916	undirected	NA	NA
493	2525	0.194460882550601	undirected	NA	NA
493	2528	0.37231415481681	undirected	NA	NA
493	4056	0.361876239172437	undirected	NA	NA
493	4293	0.227504271009922	undirected	NA	NA
493	4807	0.377369179254833	undirected	NA	NA
493	4846	0.355882103446583	undirected	NA	NA
493	5180	0.40127196919878	undirected	NA	NA
493	5348	0.331263494440154	undirected	NA	NA
493	5419	0.348837747880869	undirected	NA	NA
493	5541	0.267299583363492	undirected	NA	NA
493	5543	0.3594386257754	undirected	NA	NA
493	6094	0.285147778013116	undirected	NA	NA
493	6497	0.407891243464267	undirected	NA	NA
493	6773	0.407919824494571	undirected	NA	NA
493	6874	0.0789078002588714	undirected	NA	NA
493	7052	0.364685849455212	undirected	NA	NA
493	7068	0.325504365629258	undirected	NA	NA
493	7413	0.358821578565243	undirected	NA	NA
493	7995	0.192930348137926	undirected	NA	NA
493	8128	0.378301706036899	undirected	NA	NA
493	8176	0.283984420598444	undirected	NA	NA
493	8202	0.363797028183065	undirected	NA	NA
493	8436	0.285131085226457	undirected	NA	NA
493	8451	0.287068650610101	undirected	NA	NA
493	8511	0.37249535984294	undirected	NA	NA
493	8764	0.369731105929679	undirected	NA	NA
493	8955	0.400482854772215	undirected	NA	NA
493	9214	0.300831520606298	undirected	NA	NA
493	9225	0.401758228424443	undirected	NA	NA
493	9586	0.365946969983314	undirected	NA	NA
493	9640	0.352426736569787	undirected	NA	NA
493	11439	0.302603482723587	undirected	NA	NA
493	11663	0.243816112954771	undirected	NA	NA
493	11895	0.401862611607643	undirected	NA	NA
493	12032	0.316468013925257	undirected	NA	NA
493	12067	0.136012360205484	undirected	NA	NA
493	12109	0.337482744242689	undirected	NA	NA
493	12156	0.222009102426388	undirected	NA	NA
493	12568	0.273453763708373	undirected	NA	NA
493	12632	0.231915763737004	undirected	NA	NA
493	12885	0.08761120618586	undirected	NA	NA
493	12971	0.167332883230516	undirected	NA	NA
493	13388	0.366933494187054	undirected	NA	NA
493	13468	0.130539345287894	undirected	NA	NA
493	13532	0.205462724499865	undirected	NA	NA
493	13717	0.205695705195541	undirected	NA	NA
493	14420	0.232144541452818	undirected	NA	NA
493	14478	0.337819761452128	undirected	NA	NA
493	14950	0.337086914514021	undirected	NA	NA
493	14963	0.324460077042482	undirected	NA	NA
493	15344	0.323478044333349	undirected	NA	NA
493	15463	0.282635577549291	undirected	NA	NA
493	15478	0.234342771670634	undirected	NA	NA
1288	1486	0.0572248742707706	undirected	NA	NA
1288	2312	0.30896246062653	undirected	NA	NA
1288	2415	0.324144303541598	undirected	NA	NA
1288	2525	0.24873896323939	undirected	NA	NA
1288	2528	0.396145807503861	undirected	NA	NA
1288	4056	0.401739592808485	undirected	NA	NA
1288	4293	0.28167011435597	undirected	NA	NA
1288	4807	0.383091239418322	undirected	NA	NA
1288	4846	0.391023429015802	undirected	NA	NA
1288	5180	0.391853962891878	undirected	NA	NA
1288	5348	0.365574162266332	undirected	NA	NA
1288	5419	0.39703744061265	undirected	NA	NA
1288	5541	0.316255500471025	undirected	NA	NA
1288	5543	0.388278309516953	undirected	NA	NA
1288	6094	0.264237200146727	undirected	NA	NA
1288	6497	0.405295761195405	undirected	NA	NA
1288	6773	0.415266374096211	undirected	NA	NA
1288	6874	0.082394136019901	undirected	NA	NA
1288	7052	0.394277584545362	undirected	NA	NA
1288	7068	0.35962393831519	undirected	NA	NA
1288	7413	0.39428369401438	undirected	NA	NA
1288	7995	0.238940580575533	undirected	NA	NA
1288	8128	0.396471580038712	undirected	NA	NA
1288	8176	0.317460901888596	undirected	NA	NA
1288	8202	0.356467124591868	undirected	NA	NA
1288	8436	0.273483687804619	undirected	NA	NA
1288	8451	0.297270878652395	undirected	NA	NA
1288	8511	0.408881726068463	undirected	NA	NA
1288	8764	0.402060901465232	undirected	NA	NA
1288	8955	0.402839764061332	undirected	NA	NA
1288	9214	0.305492178567839	undirected	NA	NA
1288	9225	0.391114729062928	undirected	NA	NA
1288	9586	0.399921917130286	undirected	NA	NA
1288	9640	0.374725180432636	undirected	NA	NA
1288	11439	0.303273885391937	undirected	NA	NA
1288	11663	0.283518605482077	undirected	NA	NA
1288	11895	0.4078057382906	undirected	NA	NA
1288	12032	0.304444017057237	undirected	NA	NA
1288	12067	0.139129145437876	undirected	NA	NA
1288	12109	0.356775368724937	undirected	NA	NA
1288	12156	0.262875043437085	undirected	NA	NA
1288	12568	0.340976710935702	undirected	NA	NA
1288	12632	0.26708494097837	undirected	NA	NA
1288	12885	0.0696692039937813	undirected	NA	NA
1288	12971	0.185233147343589	undirected	NA	NA
1288	13388	0.36399759467075	undirected	NA	NA
1288	13468	0.171173534859596	undirected	NA	NA
1288	13532	0.24046745401673	undirected	NA	NA
1288	13717	0.225120923812551	undirected	NA	NA
1288	14420	0.259506297329363	undirected	NA	NA
1288	14478	0.350167979184903	undirected	NA	NA
1288	14950	0.358154833191492	undirected	NA	NA
1288	14963	0.353414395500287	undirected	NA	NA
1288	15344	0.360064692952501	undirected	NA	NA
1288	15463	0.342876115199091	undirected	NA	NA
1288	15478	0.284039629992351	undirected	NA	NA
1486	2312	0.150285392975176	undirected	NA	NA
1486	2415	0.152972959847382	undirected	NA	NA
1486	2525	0.0729850753033795	undirected	NA	NA
1486	2528	0.0981232419325878	undirected	NA	NA
1486	4056	0.0880946873449245	undirected	NA	NA
1486	4293	0.0266173168901242	undirected	NA	NA
1486	4807	0.0457724763774105	undirected	NA	NA
1486	4846	0.0915856591156522	undirected	NA	NA
1486	5180	0.0638477315776681	undirected	NA	NA
1486	5348	0.0607839583085737	undirected	NA	NA
1486	5419	0.0609955398890488	undirected	NA	NA
1486	5541	0.0269034164535916	undirected	NA	NA
1486	5543	0.0868656102805634	undirected	NA	NA
1486	6094	0.159903798770394	undirected	NA	NA
1486	6497	0.0536906142608472	undirected	NA	NA
1486	6773	0.0602660899750809	undirected	NA	NA
1486	6874	0.164778478284998	undirected	NA	NA
1486	7052	0.0973412541659588	undirected	NA	NA
1486	7068	0.0322516178802034	undirected	NA	NA
1486	7413	0.0507466802105385	undirected	NA	NA
1486	7995	0.153764553867384	undirected	NA	NA
1486	8128	0.0483276006610762	undirected	NA	NA
1486	8176	0.0659923908898602	undirected	NA	NA
1486	8202	0.0564286384611146	undirected	NA	NA
1486	8436	0.1578186451242	undirected	NA	NA
1486	8451	0.0568963678167493	undirected	NA	NA
1486	8511	0.0885003002602079	undirected	NA	NA
1486	8764	0.100981078946286	undirected	NA	NA
1486	8955	0.0631439767910693	undirected	NA	NA
1486	9214	0.109115742025783	undirected	NA	NA
1486	9225	0.0550792240344014	undirected	NA	NA
1486	9586	0.0997347882815594	undirected	NA	NA
1486	9640	0.10785099661027	undirected	NA	NA
1486	11439	0.149027357624503	undirected	NA	NA
1486	11663	0.0607270853616975	undirected	NA	NA
1486	11895	0.0631402923483356	undirected	NA	NA
1486	12032	0.160133396437356	undirected	NA	NA
1486	12067	0.189688658365719	undirected	NA	NA
1486	12109	0.135456076701667	undirected	NA	NA
1486	12156	0.16062398606161	undirected	NA	NA
1486	12568	0.0717713556859613	undirected	NA	NA
1486	12632	0.169834661721717	undirected	NA	NA
1486	12885	0.192948550575992	undirected	NA	NA
1486	12971	0.0739553923988497	undirected	NA	NA
1486	13388	0.0536217986224822	undirected	NA	NA
1486	13468	0.051941060292338	undirected	NA	NA
1486	13532	0.131844157507389	undirected	NA	NA
1486	13717	0.0490947174884361	undirected	NA	NA
1486	14420	0.109627518328135	undirected	NA	NA
1486	14478	0.0261812665508678	undirected	NA	NA
1486	14950	0.0769767377616248	undirected	NA	NA
1486	14963	0.0884481163664463	undirected	NA	NA
1486	15344	0.0908484956845381	undirected	NA	NA
1486	15463	0.120788952591651	undirected	NA	NA
1486	15478	0.0642833199635142	undirected	NA	NA
2312	2415	0.239332993180742	undirected	NA	NA
2312	2525	0.24568630594519	undirected	NA	NA
2312	2528	0.299688833856304	undirected	NA	NA
2312	4056	0.317353527687487	undirected	NA	NA
2312	4293	0.163862595800013	undirected	NA	NA
2312	4807	0.199258855366858	undirected	NA	NA
2312	4846	0.301174405047118	undirected	NA	NA
2312	5180	0.275096789809245	undirected	NA	NA
2312	5348	0.293985300963068	undirected	NA	NA
2312	5419	0.295927408050282	undirected	NA	NA
2312	5541	0.153101826248865	undirected	NA	NA
2312	5543	0.286159382054016	undirected	NA	NA
2312	6094	0.19357687472273	undirected	NA	NA
2312	6497	0.277448546175066	undirected	NA	NA
2312	6773	0.302378782794128	undirected	NA	NA
2312	6874	0.215915619727296	undirected	NA	NA
2312	7052	0.303922279213417	undirected	NA	NA
2312	7068	0.183298997034888	undirected	NA	NA
2312	7413	0.291532237784327	undirected	NA	NA
2312	7995	0.316110708247219	undirected	NA	NA
2312	8128	0.230867949296327	undirected	NA	NA
2312	8176	0.20736929846304	undirected	NA	NA
2312	8202	0.185042056603916	undirected	NA	NA
2312	8436	0.199482553041583	undirected	NA	NA
2312	8451	0.166253668363526	undirected	NA	NA
2312	8511	0.328436696351721	undirected	NA	NA
2312	8764	0.327907189285837	undirected	NA	NA
2312	8955	0.302826137782996	undirected	NA	NA
2312	9214	0.217569155198108	undirected	NA	NA
2312	9225	0.264460298964856	undirected	NA	NA
2312	9586	0.321612848276693	undirected	NA	NA
2312	9640	0.28314636206643	undirected	NA	NA
2312	11439	0.213564793894913	undirected	NA	NA
2312	11663	0.193460719122214	undirected	NA	NA
2312	11895	0.313585339154439	undirected	NA	NA
2312	12032	0.214661364722353	undirected	NA	NA
2312	12067	0.239978328473241	undirected	NA	NA
2312	12109	0.262698191566993	undirected	NA	NA
2312	12156	0.306042327527003	undirected	NA	NA
2312	12568	0.283483143714036	undirected	NA	NA
2312	12632	0.301970680183912	undirected	NA	NA
2312	12885	0.106727900123618	undirected	NA	NA
2312	12971	0.179142357962547	undirected	NA	NA
2312	13388	0.186474383741873	undirected	NA	NA
2312	13468	0.205584226266461	undirected	NA	NA
2312	13532	0.283808515111974	undirected	NA	NA
2312	13717	0.152812903844618	undirected	NA	NA
2312	14420	0.197916684537101	undirected	NA	NA
2312	14478	0.141540922980226	undirected	NA	NA
2312	14950	0.231844767248964	undirected	NA	NA
2312	14963	0.265618732771625	undirected	NA	NA
2312	15344	0.313262145164604	undirected	NA	NA
2312	15463	0.330066674146335	undirected	NA	NA
2312	15478	0.207756316231489	undirected	NA	NA
2415	2525	0.209995480158632	undirected	NA	NA
2415	2528	0.359372578303106	undirected	NA	NA
2415	4056	0.35501672166943	undirected	NA	NA
2415	4293	0.14559484864929	undirected	NA	NA
2415	4807	0.282838059916148	undirected	NA	NA
2415	4846	0.347106337495385	undirected	NA	NA
2415	5180	0.325753799499249	undirected	NA	NA
2415	5348	0.255216817662538	undirected	NA	NA
2415	5419	0.29459217582969	undirected	NA	NA
2415	5541	0.179911858976681	undirected	NA	NA
2415	5543	0.34161638745525	undirected	NA	NA
2415	6094	0.287009350041262	undirected	NA	NA
2415	6497	0.307745894742741	undirected	NA	NA
2415	6773	0.32726786769014	undirected	NA	NA
2415	6874	0.163420463572897	undirected	NA	NA
2415	7052	0.356018695412075	undirected	NA	NA
2415	7068	0.205930399632662	undirected	NA	NA
2415	7413	0.253488117844357	undirected	NA	NA
2415	7995	0.232835536065464	undirected	NA	NA
2415	8128	0.301821220993844	undirected	NA	NA
2415	8176	0.249344795351108	undirected	NA	NA
2415	8202	0.283341917402019	undirected	NA	NA
2415	8436	0.246263337887654	undirected	NA	NA
2415	8451	0.23816609865932	undirected	NA	NA
2415	8511	0.364718515262121	undirected	NA	NA
2415	8764	0.364813877684694	undirected	NA	NA
2415	8955	0.329865311792698	undirected	NA	NA
2415	9214	0.29254302411087	undirected	NA	NA
2415	9225	0.311230767254867	undirected	NA	NA
2415	9586	0.363526176145738	undirected	NA	NA
2415	9640	0.315178299850447	undirected	NA	NA
2415	11439	0.239375938967426	undirected	NA	NA
2415	11663	0.222847285188316	undirected	NA	NA
2415	11895	0.33394401261013	undirected	NA	NA
2415	12032	0.293854574864325	undirected	NA	NA
2415	12067	0.205231232008908	undirected	NA	NA
2415	12109	0.269454614070607	undirected	NA	NA
2415	12156	0.257842454816098	undirected	NA	NA
2415	12568	0.256307016425689	undirected	NA	NA
2415	12632	0.26940603140547	undirected	NA	NA
2415	12885	0.152720387380957	undirected	NA	NA
2415	12971	0.218778323278722	undirected	NA	NA
2415	13388	0.276592578828142	undirected	NA	NA
2415	13468	0.173015370834324	undirected	NA	NA
2415	13532	0.258619660123953	undirected	NA	NA
2415	13717	0.208721866903595	undirected	NA	NA
2415	14420	0.185757011285668	undirected	NA	NA
2415	14478	0.206052157900853	undirected	NA	NA
2415	14950	0.297106974560005	undirected	NA	NA
2415	14963	0.308649165222437	undirected	NA	NA
2415	15344	0.305765043992922	undirected	NA	NA
2415	15463	0.281910525377014	undirected	NA	NA
2415	15478	0.212812390570122	undirected	NA	NA
2525	2528	0.258886078370685	undirected	NA	NA
2525	4056	0.296019870821371	undirected	NA	NA
2525	4293	0.17033381915647	undirected	NA	NA
2525	4807	0.178396845975242	undirected	NA	NA
2525	4846	0.284831433152255	undirected	NA	NA
2525	5180	0.198892951102861	undirected	NA	NA
2525	5348	0.186169487043068	undirected	NA	NA
2525	5419	0.243023717176114	undirected	NA	NA
2525	5541	0.202901698491616	undirected	NA	NA
2525	5543	0.251261287767592	undirected	NA	NA
2525	6094	0.149371287866705	undirected	NA	NA
2525	6497	0.196912069766946	undirected	NA	NA
2525	6773	0.228977128978196	undirected	NA	NA
2525	6874	0.083884398654555	undirected	NA	NA
2525	7052	0.272984480461058	undirected	NA	NA
2525	7068	0.184520381054297	undirected	NA	NA
2525	7413	0.18036941145102	undirected	NA	NA
2525	7995	0.239818424679025	undirected	NA	NA
2525	8128	0.200809791762171	undirected	NA	NA
2525	8176	0.260671904261249	undirected	NA	NA
2525	8202	0.192237955479931	undirected	NA	NA
2525	8436	0.119702135740624	undirected	NA	NA
2525	8451	0.225268916348532	undirected	NA	NA
2525	8511	0.273430440287083	undirected	NA	NA
2525	8764	0.277406617350011	undirected	NA	NA
2525	8955	0.228230818935277	undirected	NA	NA
2525	9214	0.244936368187124	undirected	NA	NA
2525	9225	0.191679974412291	undirected	NA	NA
2525	9586	0.28420482474821	undirected	NA	NA
2525	9640	0.187844504338221	undirected	NA	NA
2525	11439	0.131768627771552	undirected	NA	NA
2525	11663	0.265274341894788	undirected	NA	NA
2525	11895	0.242968969194025	undirected	NA	NA
2525	12032	0.163203731614728	undirected	NA	NA
2525	12067	0.10324820401757	undirected	NA	NA
2525	12109	0.155551476600167	undirected	NA	NA
2525	12156	0.257663377688152	undirected	NA	NA
2525	12568	0.311199654487576	undirected	NA	NA
2525	12632	0.248843933910044	undirected	NA	NA
2525	12885	0.0435751700165386	undirected	NA	NA
2525	12971	0.239016274995169	undirected	NA	NA
2525	13388	0.163834187977737	undirected	NA	NA
2525	13468	0.290654383182749	undirected	NA	NA
2525	13532	0.255098536865002	undirected	NA	NA
2525	13717	0.212075615456498	undirected	NA	NA
2525	14420	0.0976903685349961	undirected	NA	NA
2525	14478	0.13784747481248	undirected	NA	NA
2525	14950	0.226578578730881	undirected	NA	NA
2525	14963	0.289305411805648	undirected	NA	NA
2525	15344	0.218822285729084	undirected	NA	NA
2525	15463	0.312811926764104	undirected	NA	NA
2525	15478	0.273739543110658	undirected	NA	NA
2528	4056	0.373283422421524	undirected	NA	NA
2528	4293	0.218507962173176	undirected	NA	NA
2528	4807	0.336140644593724	undirected	NA	NA
2528	4846	0.369988450766546	undirected	NA	NA
2528	5180	0.390810075930762	undirected	NA	NA
2528	5348	0.340359924865219	undirected	NA	NA
2528	5419	0.332951002753196	undirected	NA	NA
2528	5541	0.287429644044383	undirected	NA	NA
2528	5543	0.368185543042087	undirected	NA	NA
2528	6094	0.313756628387705	undirected	NA	NA
2528	6497	0.388114521837299	undirected	NA	NA
2528	6773	0.410029999338438	undirected	NA	NA
2528	6874	0.114129754983031	undirected	NA	NA
2528	7052	0.372223540444309	undirected	NA	NA
2528	7068	0.281225611923086	undirected	NA	NA
2528	7413	0.348489816880245	undirected	NA	NA
2528	7995	0.252212308228199	undirected	NA	NA
2528	8128	0.359686064826482	undirected	NA	NA
2528	8176	0.332273443870518	undirected	NA	NA
2528	8202	0.345805505419188	undirected	NA	NA
2528	8436	0.281776760471507	undirected	NA	NA
2528	8451	0.319369635121395	undirected	NA	NA
2528	8511	0.39574973289334	undirected	NA	NA
2528	8764	0.374566995757817	undirected	NA	NA
2528	8955	0.393607896146086	undirected	NA	NA
2528	9214	0.34339770653645	undirected	NA	NA
2528	9225	0.381203021185481	undirected	NA	NA
2528	9586	0.375032199044028	undirected	NA	NA
2528	9640	0.338285985751684	undirected	NA	NA
2528	11439	0.293177913044535	undirected	NA	NA
2528	11663	0.303441791658451	undirected	NA	NA
2528	11895	0.402093779647677	undirected	NA	NA
2528	12032	0.344973508130308	undirected	NA	NA
2528	12067	0.171330631688616	undirected	NA	NA
2528	12109	0.330013189688041	undirected	NA	NA
2528	12156	0.285138409002813	undirected	NA	NA
2528	12568	0.316250874443392	undirected	NA	NA
2528	12632	0.295578722151489	undirected	NA	NA
2528	12885	0.106987265555689	undirected	NA	NA
2528	12971	0.241121710891738	undirected	NA	NA
2528	13388	0.338262344181748	undirected	NA	NA
2528	13468	0.195706491228938	undirected	NA	NA
2528	13532	0.285384443566784	undirected	NA	NA
2528	13717	0.265302808357756	undirected	NA	NA
2528	14420	0.260837036895544	undirected	NA	NA
2528	14478	0.30151785585733	undirected	NA	NA
2528	14950	0.354719382419966	undirected	NA	NA
2528	14963	0.343949093036966	undirected	NA	NA
2528	15344	0.35605932295849	undirected	NA	NA
2528	15463	0.333665146547502	undirected	NA	NA
2528	15478	0.295824774856176	undirected	NA	NA
4056	4293	0.254724141215594	undirected	NA	NA
4056	4807	0.332960506297316	undirected	NA	NA
4056	4846	0.379030736889038	undirected	NA	NA
4056	5180	0.379459602530924	undirected	NA	NA
4056	5348	0.335993483372271	undirected	NA	NA
4056	5419	0.344506245218756	undirected	NA	NA
4056	5541	0.309876484773112	undirected	NA	NA
4056	5543	0.363071351122162	undirected	NA	NA
4056	6094	0.301308012667679	undirected	NA	NA
4056	6497	0.381343270437364	undirected	NA	NA
4056	6773	0.406163972768828	undirected	NA	NA
4056	6874	0.105955901401556	undirected	NA	NA
4056	7052	0.377301148364537	undirected	NA	NA
4056	7068	0.303778943945545	undirected	NA	NA
4056	7413	0.34590311307135	undirected	NA	NA
4056	7995	0.274025275448782	undirected	NA	NA
4056	8128	0.354679159283618	undirected	NA	NA
4056	8176	0.350581833839375	undirected	NA	NA
4056	8202	0.346755854765203	undirected	NA	NA
4056	8436	0.269398423398365	undirected	NA	NA
4056	8451	0.33551195380599	undirected	NA	NA
4056	8511	0.396440717135706	undirected	NA	NA
4056	8764	0.375803258297224	undirected	NA	NA
4056	8955	0.392541589205865	undirected	NA	NA
4056	9214	0.350756439108433	undirected	NA	NA
4056	9225	0.37247231194552	undirected	NA	NA
4056	9586	0.377800648849725	undirected	NA	NA
4056	9640	0.326268683590861	undirected	NA	NA
4056	11439	0.283352906315799	undirected	NA	NA
4056	11663	0.32951199183392	undirected	NA	NA
4056	11895	0.40365956335619	undirected	NA	NA
4056	12032	0.331849577985649	undirected	NA	NA
4056	12067	0.161173193687629	undirected	NA	NA
4056	12109	0.317497491158797	undirected	NA	NA
4056	12156	0.304743421586086	undirected	NA	NA
4056	12568	0.343877097068087	undirected	NA	NA
4056	12632	0.311457694426795	undirected	NA	NA
4056	12885	0.0896869307191788	undirected	NA	NA
4056	12971	0.26032579555331	undirected	NA	NA
4056	13388	0.327998611633291	undirected	NA	NA
4056	13468	0.230250811416339	undirected	NA	NA
4056	13532	0.303264562980016	undirected	NA	NA
4056	13717	0.2858612542654	undirected	NA	NA
4056	14420	0.24746219468528	undirected	NA	NA
4056	14478	0.299770855024376	undirected	NA	NA
4056	14950	0.35526038819788	undirected	NA	NA
4056	14963	0.363641936440308	undirected	NA	NA
4056	15344	0.348523376807549	undirected	NA	NA
4056	15463	0.356903429406332	undirected	NA	NA
4056	15478	0.323511377243814	undirected	NA	NA
4293	4807	0.183381069299319	undirected	NA	NA
4293	4846	0.220846881712067	undirected	NA	NA
4293	5180	0.222480539294932	undirected	NA	NA
4293	5348	0.163919589353945	undirected	NA	NA
4293	5419	0.31977271031322	undirected	NA	NA
4293	5541	0.136479969276732	undirected	NA	NA
4293	5543	0.195816259618047	undirected	NA	NA
4293	6094	0.110343339270724	undirected	NA	NA
4293	6497	0.234802279663215	undirected	NA	NA
4293	6773	0.232657550391543	undirected	NA	NA
4293	6874	0.0430862523846302	undirected	NA	NA
4293	7052	0.219770492581689	undirected	NA	NA
4293	7068	0.294462285789335	undirected	NA	NA
4293	7413	0.189263303282552	undirected	NA	NA
4293	7995	0.149574013016453	undirected	NA	NA
4293	8128	0.218276346883586	undirected	NA	NA
4293	8176	0.154436432422994	undirected	NA	NA
4293	8202	0.188674624382905	undirected	NA	NA
4293	8436	0.121056462842069	undirected	NA	NA
4293	8451	0.166945841035524	undirected	NA	NA
4293	8511	0.265523767234715	undirected	NA	NA
4293	8764	0.265470069081076	undirected	NA	NA
4293	8955	0.271403974288783	undirected	NA	NA
4293	9214	0.169487324935766	undirected	NA	NA
4293	9225	0.233749235268563	undirected	NA	NA
4293	9586	0.241188451395527	undirected	NA	NA
4293	9640	0.162031954898152	undirected	NA	NA
4293	11439	0.138644107134878	undirected	NA	NA
4293	11663	0.146579628740041	undirected	NA	NA
4293	11895	0.274208748860904	undirected	NA	NA
4293	12032	0.117131188985451	undirected	NA	NA
4293	12067	0.0656164479808501	undirected	NA	NA
4293	12109	0.136722414569637	undirected	NA	NA
4293	12156	0.15909654559615	undirected	NA	NA
4293	12568	0.197326911071645	undirected	NA	NA
4293	12632	0.152231062330397	undirected	NA	NA
4293	12885	0.027044002799846	undirected	NA	NA
4293	12971	0.0990177201694119	undirected	NA	NA
4293	13388	0.144747521679453	undirected	NA	NA
4293	13468	0.141005461984591	undirected	NA	NA
4293	13532	0.117204666879837	undirected	NA	NA
4293	13717	0.107655149438604	undirected	NA	NA
4293	14420	0.0527312956296827	undirected	NA	NA
4293	14478	0.127485891394789	undirected	NA	NA
4293	14950	0.152915062020133	undirected	NA	NA
4293	14963	0.259230412343982	undirected	NA	NA
4293	15344	0.171778662723874	undirected	NA	NA
4293	15463	0.204339525468239	undirected	NA	NA
4293	15478	0.144479380412657	undirected	NA	NA
4807	4846	0.323683900732913	undirected	NA	NA
4807	5180	0.390838845890096	undirected	NA	NA
4807	5348	0.320577009736009	undirected	NA	NA
4807	5419	0.305144258128226	undirected	NA	NA
4807	5541	0.274520076966907	undirected	NA	NA
4807	5543	0.338773291325641	undirected	NA	NA
4807	6094	0.247599524320756	undirected	NA	NA
4807	6497	0.391988205160454	undirected	NA	NA
4807	6773	0.40429284148481	undirected	NA	NA
4807	6874	0.0510326926088675	undirected	NA	NA
4807	7052	0.327516412857502	undirected	NA	NA
4807	7068	0.271796905300405	undirected	NA	NA
4807	7413	0.337555075357299	undirected	NA	NA
4807	7995	0.153297171636062	undirected	NA	NA
4807	8128	0.372105116233184	undirected	NA	NA
4807	8176	0.280790794408655	undirected	NA	NA
4807	8202	0.341429657698169	undirected	NA	NA
4807	8436	0.218633176470804	undirected	NA	NA
4807	8451	0.284622920411725	undirected	NA	NA
4807	8511	0.36093529072925	undirected	NA	NA
4807	8764	0.331230883326986	undirected	NA	NA
4807	8955	0.381667690878537	undirected	NA	NA
4807	9214	0.280764269022745	undirected	NA	NA
4807	9225	0.387433735528796	undirected	NA	NA
4807	9586	0.33176881918903	undirected	NA	NA
4807	9640	0.305382606021131	undirected	NA	NA
4807	11439	0.228287737107879	undirected	NA	NA
4807	11663	0.243105084249605	undirected	NA	NA
4807	11895	0.387363340646091	undirected	NA	NA
4807	12032	0.274010057231369	undirected	NA	NA
4807	12067	0.0928504988330588	undirected	NA	NA
4807	12109	0.27006045079712	undirected	NA	NA
4807	12156	0.183589175720257	undirected	NA	NA
4807	12568	0.254131165695407	undirected	NA	NA
4807	12632	0.193007569949137	undirected	NA	NA
4807	12885	0.0635506163918408	undirected	NA	NA
4807	12971	0.171811895950387	undirected	NA	NA
4807	13388	0.346521204095569	undirected	NA	NA
4807	13468	0.126169241421789	undirected	NA	NA
4807	13532	0.184602805135491	undirected	NA	NA
4807	13717	0.21715222844547	undirected	NA	NA
4807	14420	0.19811750391775	undirected	NA	NA
4807	14478	0.331572865619143	undirected	NA	NA
4807	14950	0.322174215493375	undirected	NA	NA
4807	14963	0.288950326592453	undirected	NA	NA
4807	15344	0.319844222651269	undirected	NA	NA
4807	15463	0.245234424914711	undirected	NA	NA
4807	15478	0.229778554623308	undirected	NA	NA
4846	5180	0.374369406490618	undirected	NA	NA
4846	5348	0.337119804006538	undirected	NA	NA
4846	5419	0.326515366094327	undirected	NA	NA
4846	5541	0.306021239049422	undirected	NA	NA
4846	5543	0.370463585716555	undirected	NA	NA
4846	6094	0.29445780252001	undirected	NA	NA
4846	6497	0.372503760793417	undirected	NA	NA
4846	6773	0.402954088886924	undirected	NA	NA
4846	6874	0.103390080578733	undirected	NA	NA
4846	7052	0.369669808148249	undirected	NA	NA
4846	7068	0.269645776147889	undirected	NA	NA
4846	7413	0.340017173325078	undirected	NA	NA
4846	7995	0.259341107536404	undirected	NA	NA
4846	8128	0.351857210864116	undirected	NA	NA
4846	8176	0.348723050933629	undirected	NA	NA
4846	8202	0.332248005172311	undirected	NA	NA
4846	8436	0.252482260614664	undirected	NA	NA
4846	8451	0.327796437197068	undirected	NA	NA
4846	8511	0.392212029983242	undirected	NA	NA
4846	8764	0.371355502740984	undirected	NA	NA
4846	8955	0.38118117402641	undirected	NA	NA
4846	9214	0.343254941749946	undirected	NA	NA
4846	9225	0.363743160372816	undirected	NA	NA
4846	9586	0.376985504398871	undirected	NA	NA
4846	9640	0.325735129684036	undirected	NA	NA
4846	11439	0.263550459628156	undirected	NA	NA
4846	11663	0.327931617231379	undirected	NA	NA
4846	11895	0.393652795295824	undirected	NA	NA
4846	12032	0.325069116128429	undirected	NA	NA
4846	12067	0.154740749429077	undirected	NA	NA
4846	12109	0.303402924723481	undirected	NA	NA
4846	12156	0.291845986861705	undirected	NA	NA
4846	12568	0.334309547131872	undirected	NA	NA
4846	12632	0.299844212728285	undirected	NA	NA
4846	12885	0.0899914876161599	undirected	NA	NA
4846	12971	0.266745792223384	undirected	NA	NA
4846	13388	0.32076717014214	undirected	NA	NA
4846	13468	0.226075556957686	undirected	NA	NA
4846	13532	0.301892810840373	undirected	NA	NA
4846	13717	0.289885329469665	undirected	NA	NA
4846	14420	0.250296375117354	undirected	NA	NA
4846	14478	0.292297683460525	undirected	NA	NA
4846	14950	0.352586043980048	undirected	NA	NA
4846	14963	0.34325318504367	undirected	NA	NA
4846	15344	0.354285748831624	undirected	NA	NA
4846	15463	0.343158458410397	undirected	NA	NA
4846	15478	0.321868107347174	undirected	NA	NA
5180	5348	0.364979640848407	undirected	NA	NA
5180	5419	0.364900365096781	undirected	NA	NA
5180	5541	0.283155922822456	undirected	NA	NA
5180	5543	0.384206738279779	undirected	NA	NA
5180	6094	0.277700327297365	undirected	NA	NA
5180	6497	0.410511158294612	undirected	NA	NA
5180	6773	0.415092449960258	undirected	NA	NA
5180	6874	0.086714975893034	undirected	NA	NA
5180	7052	0.38350881541116	undirected	NA	NA
5180	7068	0.320668381655226	undirected	NA	NA
5180	7413	0.391622940589229	undirected	NA	NA
5180	7995	0.204035705542047	undirected	NA	NA
5180	8128	0.395678538920929	undirected	NA	NA
5180	8176	0.291146167428175	undirected	NA	NA
5180	8202	0.356501356199157	undirected	NA	NA
5180	8436	0.286740577780203	undirected	NA	NA
5180	8451	0.275622787413217	undirected	NA	NA
5180	8511	0.394213359374838	undirected	NA	NA
5180	8764	0.38585276548475	undirected	NA	NA
5180	8955	0.39484583042539	undirected	NA	NA
5180	9214	0.293579096248808	undirected	NA	NA
5180	9225	0.396697828365942	undirected	NA	NA
5180	9586	0.384767821921408	undirected	NA	NA
5180	9640	0.388634674791648	undirected	NA	NA
5180	11439	0.312277955568847	undirected	NA	NA
5180	11663	0.248108949583057	undirected	NA	NA
5180	11895	0.398983359091128	undirected	NA	NA
5180	12032	0.318613084164686	undirected	NA	NA
5180	12067	0.145514162962729	undirected	NA	NA
5180	12109	0.370803293896763	undirected	NA	NA
5180	12156	0.231211256813075	undirected	NA	NA
5180	12568	0.29691788117808	undirected	NA	NA
5180	12632	0.240273319632429	undirected	NA	NA
5180	12885	0.0875593310772673	undirected	NA	NA
5180	12971	0.163122576099654	undirected	NA	NA
5180	13388	0.383058551585036	undirected	NA	NA
5180	13468	0.130828130332675	undirected	NA	NA
5180	13532	0.214264470525354	undirected	NA	NA
5180	13717	0.200263015007773	undirected	NA	NA
5180	14420	0.272984411295077	undirected	NA	NA
5180	14478	0.357114423224127	undirected	NA	NA
5180	14950	0.356293029577167	undirected	NA	NA
5180	14963	0.321931987734901	undirected	NA	NA
5180	15344	0.357980888105165	undirected	NA	NA
5180	15463	0.303611833221671	undirected	NA	NA
5180	15478	0.245254311981176	undirected	NA	NA
5348	5419	0.307399356618965	undirected	NA	NA
5348	5541	0.280257129085491	undirected	NA	NA
5348	5543	0.358576209434529	undirected	NA	NA
5348	6094	0.187858271491961	undirected	NA	NA
5348	6497	0.371005707983205	undirected	NA	NA
5348	6773	0.391422258291033	undirected	NA	NA
5348	6874	0.0889342427621057	undirected	NA	NA
5348	7052	0.340304660817343	undirected	NA	NA
5348	7068	0.227048672033519	undirected	NA	NA
5348	7413	0.421667199037225	undirected	NA	NA
5348	7995	0.200173441754312	undirected	NA	NA
5348	8128	0.334774975637299	undirected	NA	NA
5348	8176	0.25782675161838	undirected	NA	NA
5348	8202	0.249696589713147	undirected	NA	NA
5348	8436	0.202944232826971	undirected	NA	NA
5348	8451	0.195826243881676	undirected	NA	NA
5348	8511	0.349788160244021	undirected	NA	NA
5348	8764	0.327869104002014	undirected	NA	NA
5348	8955	0.356362669147633	undirected	NA	NA
5348	9214	0.212788071455255	undirected	NA	NA
5348	9225	0.35459015517799	undirected	NA	NA
5348	9586	0.340145843502782	undirected	NA	NA
5348	9640	0.382774499632923	undirected	NA	NA
5348	11439	0.239565535315664	undirected	NA	NA
5348	11663	0.221888363381562	undirected	NA	NA
5348	11895	0.366842959856235	undirected	NA	NA
5348	12032	0.239335373457699	undirected	NA	NA
5348	12067	0.132867409700755	undirected	NA	NA
5348	12109	0.355635771887245	undirected	NA	NA
5348	12156	0.214144270413	undirected	NA	NA
5348	12568	0.3170308113653	undirected	NA	NA
5348	12632	0.216860422613939	undirected	NA	NA
5348	12885	0.060038021644961	undirected	NA	NA
5348	12971	0.132783244700858	undirected	NA	NA
5348	13388	0.321974290460265	undirected	NA	NA
5348	13468	0.122459907265784	undirected	NA	NA
5348	13532	0.207653947716084	undirected	NA	NA
5348	13717	0.158607741247597	undirected	NA	NA
5348	14420	0.348145221333545	undirected	NA	NA
5348	14478	0.320189226106371	undirected	NA	NA
5348	14950	0.32756335878989	undirected	NA	NA
5348	14963	0.244201337043237	undirected	NA	NA
5348	15344	0.411356695650016	undirected	NA	NA
5348	15463	0.30649907505778	undirected	NA	NA
5348	15478	0.241551179146709	undirected	NA	NA
5419	5541	0.23990853249102	undirected	NA	NA
5419	5543	0.310139400099137	undirected	NA	NA
5419	6094	0.25201743235523	undirected	NA	NA
5419	6497	0.381826704396887	undirected	NA	NA
5419	6773	0.37795840873795	undirected	NA	NA
5419	6874	0.0960884418029782	undirected	NA	NA
5419	7052	0.330555806981694	undirected	NA	NA
5419	7068	0.361794846926797	undirected	NA	NA
5419	7413	0.343806052535204	undirected	NA	NA
5419	7995	0.250961591942799	undirected	NA	NA
5419	8128	0.324811968455398	undirected	NA	NA
5419	8176	0.262874295827499	undirected	NA	NA
5419	8202	0.308617323300391	undirected	NA	NA
5419	8436	0.279110739921492	undirected	NA	NA
5419	8451	0.265722105280683	undirected	NA	NA
5419	8511	0.365522435212561	undirected	NA	NA
5419	8764	0.358119347225028	undirected	NA	NA
5419	8955	0.396708998699815	undirected	NA	NA
5419	9214	0.280600639398572	undirected	NA	NA
5419	9225	0.372644288664773	undirected	NA	NA
5419	9586	0.34249771529046	undirected	NA	NA
5419	9640	0.300697409073075	undirected	NA	NA
5419	11439	0.304617186957669	undirected	NA	NA
5419	11663	0.242805112992366	undirected	NA	NA
5419	11895	0.398802930992476	undirected	NA	NA
5419	12032	0.277667136261911	undirected	NA	NA
5419	12067	0.154754439161611	undirected	NA	NA
5419	12109	0.308037226986237	undirected	NA	NA
5419	12156	0.266051591470679	undirected	NA	NA
5419	12568	0.283101473532166	undirected	NA	NA
5419	12632	0.267508957095989	undirected	NA	NA
5419	12885	0.0749346510132052	undirected	NA	NA
5419	12971	0.168791955021021	undirected	NA	NA
5419	13388	0.279158577275442	undirected	NA	NA
5419	13468	0.171290168914228	undirected	NA	NA
5419	13532	0.225550072650676	undirected	NA	NA
5419	13717	0.194333548907649	undirected	NA	NA
5419	14420	0.195906695148015	undirected	NA	NA
5419	14478	0.255428383360612	undirected	NA	NA
5419	14950	0.279221791779139	undirected	NA	NA
5419	14963	0.335716326085117	undirected	NA	NA
5419	15344	0.298182008837945	undirected	NA	NA
5419	15463	0.309235753408632	undirected	NA	NA
5419	15478	0.240101183169312	undirected	NA	NA
5541	5543	0.3081300431687	undirected	NA	NA
5541	6094	0.13638217590185	undirected	NA	NA
5541	6497	0.287466510952789	undirected	NA	NA
5541	6773	0.331711783255743	undirected	NA	NA
5541	6874	0.0247168041471319	undirected	NA	NA
5541	7052	0.295987089540899	undirected	NA	NA
5541	7068	0.180381709524825	undirected	NA	NA
5541	7413	0.273793243466856	undirected	NA	NA
5541	7995	0.127531771885471	undirected	NA	NA
5541	8128	0.293610026663325	undirected	NA	NA
5541	8176	0.268810811411386	undirected	NA	NA
5541	8202	0.236125803624995	undirected	NA	NA
5541	8436	0.0972231454254984	undirected	NA	NA
5541	8451	0.237110873874179	undirected	NA	NA
5541	8511	0.301061126985374	undirected	NA	NA
5541	8764	0.274558709821414	undirected	NA	NA
5541	8955	0.288386936812509	undirected	NA	NA
5541	9214	0.206550193614407	undirected	NA	NA
5541	9225	0.274906777368573	undirected	NA	NA
5541	9586	0.295325292073658	undirected	NA	NA
5541	9640	0.229424044260106	undirected	NA	NA
5541	11439	0.103909445240513	undirected	NA	NA
5541	11663	0.265522205324103	undirected	NA	NA
5541	11895	0.308270153334933	undirected	NA	NA
5541	12032	0.155990238263296	undirected	NA	NA
5541	12067	0.0435847540127913	undirected	NA	NA
5541	12109	0.150793610845414	undirected	NA	NA
5541	12156	0.150083577627379	undirected	NA	NA
5541	12568	0.287579856495887	undirected	NA	NA
5541	12632	0.151809304279018	undirected	NA	NA
5541	12885	0.0222745130278686	undirected	NA	NA
5541	12971	0.210848818858285	undirected	NA	NA
5541	13388	0.25902684283804	undirected	NA	NA
5541	13468	0.181113375519522	undirected	NA	NA
5541	13532	0.181931995246031	undirected	NA	NA
5541	13717	0.25117026649252	undirected	NA	NA
5541	14420	0.133414597626736	undirected	NA	NA
5541	14478	0.260119945206762	undirected	NA	NA
5541	14950	0.285292845845845	undirected	NA	NA
5541	14963	0.233817593575585	undirected	NA	NA
5541	15344	0.282635489665922	undirected	NA	NA
5541	15463	0.220527596340719	undirected	NA	NA
5541	15478	0.261000047898791	undirected	NA	NA
5543	6094	0.288032586882883	undirected	NA	NA
5543	6497	0.383400777773527	undirected	NA	NA
5543	6773	0.413450590452387	undirected	NA	NA
5543	6874	0.0966707952348938	undirected	NA	NA
5543	7052	0.370549386638687	undirected	NA	NA
5543	7068	0.259578447478017	undirected	NA	NA
5543	7413	0.36038932143005	undirected	NA	NA
5543	7995	0.232300484014518	undirected	NA	NA
5543	8128	0.354190068450804	undirected	NA	NA
5543	8176	0.339207279888924	undirected	NA	NA
5543	8202	0.335624227249033	undirected	NA	NA
5543	8436	0.250361654324628	undirected	NA	NA
5543	8451	0.311399308070805	undirected	NA	NA
5543	8511	0.382350768114409	undirected	NA	NA
5543	8764	0.356163452879048	undirected	NA	NA
5543	8955	0.380855865040341	undirected	NA	NA
5543	9214	0.327619276607588	undirected	NA	NA
5543	9225	0.372154242303133	undirected	NA	NA
5543	9586	0.365459404304619	undirected	NA	NA
5543	9640	0.338742379942353	undirected	NA	NA
5543	11439	0.263829175989197	undirected	NA	NA
5543	11663	0.308539605498853	undirected	NA	NA
5543	11895	0.392880226812423	undirected	NA	NA
5543	12032	0.32453258787493	undirected	NA	NA
5543	12067	0.147538745938419	undirected	NA	NA
5543	12109	0.320311786732731	undirected	NA	NA
5543	12156	0.265521195683302	undirected	NA	NA
5543	12568	0.325925694637814	undirected	NA	NA
5543	12632	0.275225956060987	undirected	NA	NA
5543	12885	0.0904258044612962	undirected	NA	NA
5543	12971	0.239649739742086	undirected	NA	NA
5543	13388	0.345945934422241	undirected	NA	NA
5543	13468	0.191328320841065	undirected	NA	NA
5543	13532	0.277113429739384	undirected	NA	NA
5543	13717	0.268805362417724	undirected	NA	NA
5543	14420	0.273707351814384	undirected	NA	NA
5543	14478	0.31799248056048	undirected	NA	NA
5543	14950	0.365794772982121	undirected	NA	NA
5543	14963	0.32587871286532	undirected	NA	NA
5543	15344	0.365278102635372	undirected	NA	NA
5543	15463	0.328223435099467	undirected	NA	NA
5543	15478	0.304239862062511	undirected	NA	NA
6094	6497	0.254793493636434	undirected	NA	NA
6094	6773	0.262742552914425	undirected	NA	NA
6094	6874	0.161533965104137	undirected	NA	NA
6094	7052	0.306647241539511	undirected	NA	NA
6094	7068	0.18439352757869	undirected	NA	NA
6094	7413	0.188991206232444	undirected	NA	NA
6094	7995	0.178136803924051	undirected	NA	NA
6094	8128	0.259367416027347	undirected	NA	NA
6094	8176	0.208234254008531	undirected	NA	NA
6094	8202	0.266180333735243	undirected	NA	NA
6094	8436	0.233507438997688	undirected	NA	NA
6094	8451	0.218851809631465	undirected	NA	NA
6094	8511	0.311961335887281	undirected	NA	NA
6094	8764	0.320269973717245	undirected	NA	NA
6094	8955	0.277803230199091	undirected	NA	NA
6094	9214	0.280916672176047	undirected	NA	NA
6094	9225	0.265451579918001	undirected	NA	NA
6094	9586	0.313023302090795	undirected	NA	NA
6094	9640	0.271825461279611	undirected	NA	NA
6094	11439	0.234375970500227	undirected	NA	NA
6094	11663	0.174577121089478	undirected	NA	NA
6094	11895	0.275832805984836	undirected	NA	NA
6094	12032	0.269544877011997	undirected	NA	NA
6094	12067	0.195509694617723	undirected	NA	NA
6094	12109	0.242608634693533	undirected	NA	NA
6094	12156	0.202302632545296	undirected	NA	NA
6094	12568	0.196150316469362	undirected	NA	NA
6094	12632	0.214320181231349	undirected	NA	NA
6094	12885	0.179101994148297	undirected	NA	NA
6094	12971	0.16896876602701	undirected	NA	NA
6094	13388	0.244257920423104	undirected	NA	NA
6094	13468	0.122294306803405	undirected	NA	NA
6094	13532	0.194980368053277	undirected	NA	NA
6094	13717	0.15688171962405	undirected	NA	NA
6094	14420	0.132887750504745	undirected	NA	NA
6094	14478	0.170582936723308	undirected	NA	NA
6094	14950	0.251482113016451	undirected	NA	NA
6094	14963	0.280794463904646	undirected	NA	NA
6094	15344	0.241126753253215	undirected	NA	NA
6094	15463	0.231058911156591	undirected	NA	NA
6094	15478	0.163597798178125	undirected	NA	NA
6497	6773	0.408737277214436	undirected	NA	NA
6497	6874	0.0786700498108588	undirected	NA	NA
6497	7052	0.381054752787549	undirected	NA	NA
6497	7068	0.33317837815685	undirected	NA	NA
6497	7413	0.402934254893023	undirected	NA	NA
6497	7995	0.201383825813284	undirected	NA	NA
6497	8128	0.402586766588897	undirected	NA	NA
6497	8176	0.282840784073002	undirected	NA	NA
6497	8202	0.345863666777995	undirected	NA	NA
6497	8436	0.274875151775717	undirected	NA	NA
6497	8451	0.262403642042649	undirected	NA	NA
6497	8511	0.400260588469891	undirected	NA	NA
6497	8764	0.387933617954405	undirected	NA	NA
6497	8955	0.409042572544002	undirected	NA	NA
6497	9214	0.276090327414073	undirected	NA	NA
6497	9225	0.409567879481571	undirected	NA	NA
6497	9586	0.384682946174295	undirected	NA	NA
6497	9640	0.391633141562025	undirected	NA	NA
6497	11439	0.306222165624047	undirected	NA	NA
6497	11663	0.240889470240617	undirected	NA	NA
6497	11895	0.408098441083095	undirected	NA	NA
6497	12032	0.297521091164743	undirected	NA	NA
6497	12067	0.135459551843176	undirected	NA	NA
6497	12109	0.370849619781859	undirected	NA	NA
6497	12156	0.224984986407391	undirected	NA	NA
6497	12568	0.302319452664855	undirected	NA	NA
6497	12632	0.231726814338458	undirected	NA	NA
6497	12885	0.0741382845143246	undirected	NA	NA
6497	12971	0.149690437114465	undirected	NA	NA
6497	13388	0.37779336520324	undirected	NA	NA
6497	13468	0.126921137628803	undirected	NA	NA
6497	13532	0.203358554952227	undirected	NA	NA
6497	13717	0.188033690371048	undirected	NA	NA
6497	14420	0.270655282909331	undirected	NA	NA
6497	14478	0.361566138729518	undirected	NA	NA
6497	14950	0.34922001997634	undirected	NA	NA
6497	14963	0.316753893367753	undirected	NA	NA
6497	15344	0.370472319294886	undirected	NA	NA
6497	15463	0.304399813450111	undirected	NA	NA
6497	15478	0.241444476908245	undirected	NA	NA
6773	6874	0.0818805513663252	undirected	NA	NA
6773	7052	0.407392075698621	undirected	NA	NA
6773	7068	0.32294275566748	undirected	NA	NA
6773	7413	0.412241453164482	undirected	NA	NA
6773	7995	0.221404005451646	undirected	NA	NA
6773	8128	0.412795419687917	undirected	NA	NA
6773	8176	0.323881762331704	undirected	NA	NA
6773	8202	0.356672460724297	undirected	NA	NA
6773	8436	0.264448464089729	undirected	NA	NA
6773	8451	0.287966075803973	undirected	NA	NA
6773	8511	0.41531634297893	undirected	NA	NA
6773	8764	0.401082556545828	undirected	NA	NA
6773	8955	0.411350986335788	undirected	NA	NA
6773	9214	0.299065450759429	undirected	NA	NA
6773	9225	0.408898666391347	undirected	NA	NA
6773	9586	0.407719231073807	undirected	NA	NA
6773	9640	0.408164998553887	undirected	NA	NA
6773	11439	0.294942277913506	undirected	NA	NA
6773	11663	0.281522895603027	undirected	NA	NA
6773	11895	0.416094685121769	undirected	NA	NA
6773	12032	0.310493279901691	undirected	NA	NA
6773	12067	0.136649623885788	undirected	NA	NA
6773	12109	0.378140257702549	undirected	NA	NA
6773	12156	0.24807492572409	undirected	NA	NA
6773	12568	0.347000131769564	undirected	NA	NA
6773	12632	0.254599215636662	undirected	NA	NA
6773	12885	0.0725940752372476	undirected	NA	NA
6773	12971	0.180589649969686	undirected	NA	NA
6773	13388	0.396791657999487	undirected	NA	NA
6773	13468	0.154714839387114	undirected	NA	NA
6773	13532	0.237110889731255	undirected	NA	NA
6773	13717	0.222030128673616	undirected	NA	NA
6773	14420	0.303260849068638	undirected	NA	NA
6773	14478	0.385129106350305	undirected	NA	NA
6773	14950	0.386042145000013	undirected	NA	NA
6773	14963	0.333951348225969	undirected	NA	NA
6773	15344	0.40045605746585	undirected	NA	NA
6773	15463	0.339460807231642	undirected	NA	NA
6773	15478	0.285170272879163	undirected	NA	NA
6874	7052	0.111794186901375	undirected	NA	NA
6874	7068	0.0484258013675751	undirected	NA	NA
6874	7413	0.0825464711430184	undirected	NA	NA
6874	7995	0.217032298759415	undirected	NA	NA
6874	8128	0.0586088535287114	undirected	NA	NA
6874	8176	0.0609420144048372	undirected	NA	NA
6874	8202	0.0575087105602439	undirected	NA	NA
6874	8436	0.208137679707945	undirected	NA	NA
6874	8451	0.0511281610746022	undirected	NA	NA
6874	8511	0.114934427195325	undirected	NA	NA
6874	8764	0.13045708851543	undirected	NA	NA
6874	8955	0.0922548849294617	undirected	NA	NA
6874	9214	0.106717013610285	undirected	NA	NA
6874	9225	0.0782958064121013	undirected	NA	NA
6874	9586	0.120211918893057	undirected	NA	NA
6874	9640	0.134857793915176	undirected	NA	NA
6874	11439	0.210868243250428	undirected	NA	NA
6874	11663	0.0559900720897298	undirected	NA	NA
6874	11895	0.0907716870905216	undirected	NA	NA
6874	12032	0.167190270653288	undirected	NA	NA
6874	12067	0.238353309780873	undirected	NA	NA
6874	12109	0.180416344559132	undirected	NA	NA
6874	12156	0.209227603058557	undirected	NA	NA
6874	12568	0.0820840350901712	undirected	NA	NA
6874	12632	0.214558334881608	undirected	NA	NA
6874	12885	0.175048962922919	undirected	NA	NA
6874	12971	0.0593228353708631	undirected	NA	NA
6874	13388	0.054334852566764	undirected	NA	NA
6874	13468	0.0532215339380915	undirected	NA	NA
6874	13532	0.141959753272268	undirected	NA	NA
6874	13717	0.0381321919585615	undirected	NA	NA
6874	14420	0.116702007863615	undirected	NA	NA
6874	14478	0.0263756355561953	undirected	NA	NA
6874	14950	0.0750224057969977	undirected	NA	NA
6874	14963	0.103603050014786	undirected	NA	NA
6874	15344	0.116365886821572	undirected	NA	NA
6874	15463	0.152706526269675	undirected	NA	NA
6874	15478	0.0627033994974566	undirected	NA	NA
7052	7068	0.275257257190316	undirected	NA	NA
7052	7413	0.345553655120998	undirected	NA	NA
7052	7995	0.258993111789483	undirected	NA	NA
7052	8128	0.35587806739084	undirected	NA	NA
7052	8176	0.341117706048025	undirected	NA	NA
7052	8202	0.339217244728296	undirected	NA	NA
7052	8436	0.269686545920472	undirected	NA	NA
7052	8451	0.323776511012799	undirected	NA	NA
7052	8511	0.395344804395939	undirected	NA	NA
7052	8764	0.374515234497881	undirected	NA	NA
7052	8955	0.388314499739476	undirected	NA	NA
7052	9214	0.344953277083482	undirected	NA	NA
7052	9225	0.373127046904591	undirected	NA	NA
7052	9586	0.377485383867334	undirected	NA	NA
7052	9640	0.334049968142885	undirected	NA	NA
7052	11439	0.281017690262209	undirected	NA	NA
7052	11663	0.316115807023559	undirected	NA	NA
7052	11895	0.398788730953946	undirected	NA	NA
7052	12032	0.337865456764734	undirected	NA	NA
7052	12067	0.166571214775438	undirected	NA	NA
7052	12109	0.319549153097191	undirected	NA	NA
7052	12156	0.291699963907151	undirected	NA	NA
7052	12568	0.326300450653731	undirected	NA	NA
7052	12632	0.301052605110266	undirected	NA	NA
7052	12885	0.100438869383013	undirected	NA	NA
7052	12971	0.254716745592616	undirected	NA	NA
7052	13388	0.329892533860663	undirected	NA	NA
7052	13468	0.211390755678793	undirected	NA	NA
7052	13532	0.296474438478173	undirected	NA	NA
7052	13717	0.277527571657299	undirected	NA	NA
7052	14420	0.258673545955284	undirected	NA	NA
7052	14478	0.296407234753355	undirected	NA	NA
7052	14950	0.354758128144462	undirected	NA	NA
7052	14963	0.344778412117828	undirected	NA	NA
7052	15344	0.357115041873629	undirected	NA	NA
7052	15463	0.340854546896139	undirected	NA	NA
7052	15478	0.309502481674992	undirected	NA	NA
7068	7413	0.262209481706218	undirected	NA	NA
7068	7995	0.166012463189629	undirected	NA	NA
7068	8128	0.309943506731866	undirected	NA	NA
7068	8176	0.194700871950243	undirected	NA	NA
7068	8202	0.254735159534676	undirected	NA	NA
7068	8436	0.194014289536485	undirected	NA	NA
7068	8451	0.225796580424174	undirected	NA	NA
7068	8511	0.331462828627614	undirected	NA	NA
7068	8764	0.319128734849089	undirected	NA	NA
7068	8955	0.357949975827573	undirected	NA	NA
7068	9214	0.218005454487879	undirected	NA	NA
7068	9225	0.334362957926941	undirected	NA	NA
7068	9586	0.294405892128135	undirected	NA	NA
7068	9640	0.227746154372711	undirected	NA	NA
7068	11439	0.204800857508494	undirected	NA	NA
7068	11663	0.183736153557163	undirected	NA	NA
7068	11895	0.356949898250777	undirected	NA	NA
7068	12032	0.192163468414985	undirected	NA	NA
7068	12067	0.0867454081743926	undirected	NA	NA
7068	12109	0.187102058915851	undirected	NA	NA
7068	12156	0.179931397434855	undirected	NA	NA
7068	12568	0.199709231343552	undirected	NA	NA
7068	12632	0.180601657529571	undirected	NA	NA
7068	12885	0.0445014542874906	undirected	NA	NA
7068	12971	0.130254909146515	undirected	NA	NA
7068	13388	0.223943215209814	undirected	NA	NA
7068	13468	0.13522243567034	undirected	NA	NA
7068	13532	0.14943993628119	undirected	NA	NA
7068	13717	0.158317938011759	undirected	NA	NA
7068	14420	0.103134329193573	undirected	NA	NA
7068	14478	0.199167334223366	undirected	NA	NA
7068	14950	0.204388499850576	undirected	NA	NA
7068	14963	0.270085701342664	undirected	NA	NA
7068	15344	0.231052298639102	undirected	NA	NA
7068	15463	0.206020279276345	undirected	NA	NA
7068	15478	0.172457746376668	undirected	NA	NA
7413	7995	0.197201758928004	undirected	NA	NA
7413	8128	0.356764394437071	undirected	NA	NA
7413	8176	0.24792273983231	undirected	NA	NA
7413	8202	0.262123956650097	undirected	NA	NA
7413	8436	0.218768090280496	undirected	NA	NA
7413	8451	0.196066678037654	undirected	NA	NA
7413	8511	0.367978494599794	undirected	NA	NA
7413	8764	0.345173875253176	undirected	NA	NA
7413	8955	0.388228035901778	undirected	NA	NA
7413	9214	0.211558030014269	undirected	NA	NA
7413	9225	0.386836990853252	undirected	NA	NA
7413	9586	0.349344811977323	undirected	NA	NA
7413	9640	0.391129885740946	undirected	NA	NA
7413	11439	0.259998667372465	undirected	NA	NA
7413	11663	0.211121878285751	undirected	NA	NA
7413	11895	0.395527557809506	undirected	NA	NA
7413	12032	0.238800482271767	undirected	NA	NA
7413	12067	0.130507057144438	undirected	NA	NA
7413	12109	0.366825343018322	undirected	NA	NA
7413	12156	0.209807070220144	undirected	NA	NA
7413	12568	0.308361399678202	undirected	NA	NA
7413	12632	0.21189841785561	undirected	NA	NA
7413	12885	0.0572047599244822	undirected	NA	NA
7413	12971	0.119930511082871	undirected	NA	NA
7413	13388	0.32918074226048	undirected	NA	NA
7413	13468	0.11377631881137	undirected	NA	NA
7413	13532	0.191101012997821	undirected	NA	NA
7413	13717	0.148468726146364	undirected	NA	NA
7413	14420	0.320621449581666	undirected	NA	NA
7413	14478	0.329225954636147	undirected	NA	NA
7413	14950	0.320161406635012	undirected	NA	NA
7413	14963	0.254920026141437	undirected	NA	NA
7413	15344	0.41200206468159	undirected	NA	NA
7413	15463	0.301674809729553	undirected	NA	NA
7413	15478	0.227593766444645	undirected	NA	NA
7995	8128	0.177772500346182	undirected	NA	NA
7995	8176	0.194970535906044	undirected	NA	NA
7995	8202	0.161804472856538	undirected	NA	NA
7995	8436	0.18053056366379	undirected	NA	NA
7995	8451	0.166845030268188	undirected	NA	NA
7995	8511	0.272157133280959	undirected	NA	NA
7995	8764	0.284187437602359	undirected	NA	NA
7995	8955	0.233525036058908	undirected	NA	NA
7995	9214	0.223222378098183	undirected	NA	NA
7995	9225	0.195664204624421	undirected	NA	NA
7995	9586	0.276244974477678	undirected	NA	NA
7995	9640	0.217184890433727	undirected	NA	NA
7995	11439	0.199789693063908	undirected	NA	NA
7995	11663	0.191385841601832	undirected	NA	NA
7995	11895	0.241668093802937	undirected	NA	NA
7995	12032	0.194250506293352	undirected	NA	NA
7995	12067	0.227691752362076	undirected	NA	NA
7995	12109	0.212696963762687	undirected	NA	NA
7995	12156	0.309982155436252	undirected	NA	NA
7995	12568	0.256706343271491	undirected	NA	NA
7995	12632	0.301867458059169	undirected	NA	NA
7995	12885	0.101447416105027	undirected	NA	NA
7995	12971	0.176081777123354	undirected	NA	NA
7995	13388	0.14237630280341	undirected	NA	NA
7995	13468	0.218420883569115	undirected	NA	NA
7995	13532	0.263930979469808	undirected	NA	NA
7995	13717	0.138466787458263	undirected	NA	NA
7995	14420	0.129663884495911	undirected	NA	NA
7995	14478	0.102927320814727	undirected	NA	NA
7995	14950	0.192167412562071	undirected	NA	NA
7995	14963	0.263938187380559	undirected	NA	NA
7995	15344	0.233097193299016	undirected	NA	NA
7995	15463	0.319338180225433	undirected	NA	NA
7995	15478	0.204921673014747	undirected	NA	NA
8128	8176	0.297833893810689	undirected	NA	NA
8128	8202	0.359100972012689	undirected	NA	NA
8128	8436	0.240989248855557	undirected	NA	NA
8128	8451	0.297576117510988	undirected	NA	NA
8128	8511	0.367187467114679	undirected	NA	NA
8128	8764	0.350610227587291	undirected	NA	NA
8128	8955	0.39382268940271	undirected	NA	NA
8128	9214	0.29606592120588	undirected	NA	NA
8128	9225	0.394780790076279	undirected	NA	NA
8128	9586	0.354272265200802	undirected	NA	NA
8128	9640	0.328271835001003	undirected	NA	NA
8128	11439	0.256046116856007	undirected	NA	NA
8128	11663	0.259767352474931	undirected	NA	NA
8128	11895	0.399835689695951	undirected	NA	NA
8128	12032	0.28977103286289	undirected	NA	NA
8128	12067	0.105621391306468	undirected	NA	NA
8128	12109	0.300253245133092	undirected	NA	NA
8128	12156	0.207901506489067	undirected	NA	NA
8128	12568	0.283137639312047	undirected	NA	NA
8128	12632	0.216402973683453	undirected	NA	NA
8128	12885	0.0658368032166807	undirected	NA	NA
8128	12971	0.178122967519116	undirected	NA	NA
8128	13388	0.362676823536819	undirected	NA	NA
8128	13468	0.140055076552971	undirected	NA	NA
8128	13532	0.201934506787907	undirected	NA	NA
8128	13717	0.224001301055739	undirected	NA	NA
8128	14420	0.216069530885468	undirected	NA	NA
8128	14478	0.348312018118874	undirected	NA	NA
8128	14950	0.340426940467386	undirected	NA	NA
8128	14963	0.317221789173358	undirected	NA	NA
8128	15344	0.32601187981051	undirected	NA	NA
8128	15463	0.276419037454195	undirected	NA	NA
8128	15478	0.249090747095211	undirected	NA	NA
8176	8202	0.27164383439811	undirected	NA	NA
8176	8436	0.149316655401935	undirected	NA	NA
8176	8451	0.282537997045792	undirected	NA	NA
8176	8511	0.33633293676417	undirected	NA	NA
8176	8764	0.323362240737991	undirected	NA	NA
8176	8955	0.299088251569638	undirected	NA	NA
8176	9214	0.275564403672387	undirected	NA	NA
8176	9225	0.278296861541508	undirected	NA	NA
8176	9586	0.341952891760229	undirected	NA	NA
8176	9640	0.260018924684318	undirected	NA	NA
8176	11439	0.150899071593716	undirected	NA	NA
8176	11663	0.306975898172563	undirected	NA	NA
8176	11895	0.31511277478578	undirected	NA	NA
8176	12032	0.224005227601764	undirected	NA	NA
8176	12067	0.0907866230069053	undirected	NA	NA
8176	12109	0.190371458933943	undirected	NA	NA
8176	12156	0.223948885581014	undirected	NA	NA
8176	12568	0.313429080138548	undirected	NA	NA
8176	12632	0.228667142677343	undirected	NA	NA
8176	12885	0.0526596511314104	undirected	NA	NA
8176	12971	0.287918446459695	undirected	NA	NA
8176	13388	0.271656533491241	undirected	NA	NA
8176	13468	0.242155767432023	undirected	NA	NA
8176	13532	0.263031020913693	undirected	NA	NA
8176	13717	0.300725910538316	undirected	NA	NA
8176	14420	0.158808158868918	undirected	NA	NA
8176	14478	0.239793944105858	undirected	NA	NA
8176	14950	0.316324660234595	undirected	NA	NA
8176	14963	0.293486869255959	undirected	NA	NA
8176	15344	0.292707113695211	undirected	NA	NA
8176	15463	0.27707166651803	undirected	NA	NA
8176	15478	0.29704395634761	undirected	NA	NA
8202	8436	0.217740727423288	undirected	NA	NA
8202	8451	0.303806611776849	undirected	NA	NA
8202	8511	0.361939180907741	undirected	NA	NA
8202	8764	0.346401955315288	undirected	NA	NA
8202	8955	0.357282669159764	undirected	NA	NA
8202	9214	0.299826581611158	undirected	NA	NA
8202	9225	0.352838799946617	undirected	NA	NA
8202	9586	0.344299290365441	undirected	NA	NA
8202	9640	0.283435739136184	undirected	NA	NA
8202	11439	0.215137242918645	undirected	NA	NA
8202	11663	0.246661493571303	undirected	NA	NA
8202	11895	0.360262399840527	undirected	NA	NA
8202	12032	0.274584963679308	undirected	NA	NA
8202	12067	0.0993333054446012	undirected	NA	NA
8202	12109	0.221669172360625	undirected	NA	NA
8202	12156	0.194261552072196	undirected	NA	NA
8202	12568	0.228145621727598	undirected	NA	NA
8202	12632	0.204740347357489	undirected	NA	NA
8202	12885	0.0740778801560517	undirected	NA	NA
8202	12971	0.203279134455831	undirected	NA	NA
8202	13388	0.316600188994003	undirected	NA	NA
8202	13468	0.148708330216062	undirected	NA	NA
8202	13532	0.197432349950735	undirected	NA	NA
8202	13717	0.240065589513011	undirected	NA	NA
8202	14420	0.151413667370316	undirected	NA	NA
8202	14478	0.27134641309796	undirected	NA	NA
8202	14950	0.292867342942182	undirected	NA	NA
8202	14963	0.291975821238105	undirected	NA	NA
8202	15344	0.279635878823804	undirected	NA	NA
8202	15463	0.228483965222177	undirected	NA	NA
8202	15478	0.224171702811548	undirected	NA	NA
8436	8451	0.154304573654947	undirected	NA	NA
8436	8511	0.301429788229583	undirected	NA	NA
8436	8764	0.30778649177869	undirected	NA	NA
8436	8955	0.296440408957711	undirected	NA	NA
8436	9214	0.214851857756257	undirected	NA	NA
8436	9225	0.281942502997859	undirected	NA	NA
8436	9586	0.284030446117367	undirected	NA	NA
8436	9640	0.273402463711679	undirected	NA	NA
8436	11439	0.266438073101175	undirected	NA	NA
8436	11663	0.121184526955374	undirected	NA	NA
8436	11895	0.288125720905575	undirected	NA	NA
8436	12032	0.237049722925313	undirected	NA	NA
8436	12067	0.24254755357399	undirected	NA	NA
8436	12109	0.263754398763233	undirected	NA	NA
8436	12156	0.190574707585551	undirected	NA	NA
8436	12568	0.160653229497841	undirected	NA	NA
8436	12632	0.20038536147752	undirected	NA	NA
8436	12885	0.195705199697172	undirected	NA	NA
8436	12971	0.109571424755876	undirected	NA	NA
8436	13388	0.205825037066241	undirected	NA	NA
8436	13468	0.0874975314273404	undirected	NA	NA
8436	13532	0.161433670837779	undirected	NA	NA
8436	13717	0.100064078114331	undirected	NA	NA
8436	14420	0.134214049970414	undirected	NA	NA
8436	14478	0.138733494170436	undirected	NA	NA
8436	14950	0.199126468900183	undirected	NA	NA
8436	14963	0.239993232530358	undirected	NA	NA
8436	15344	0.237952018729177	undirected	NA	NA
8436	15463	0.207528833002121	undirected	NA	NA
8436	15478	0.117812398821003	undirected	NA	NA
8451	8511	0.322893175133456	undirected	NA	NA
8451	8764	0.318364844191006	undirected	NA	NA
8451	8955	0.286623945768813	undirected	NA	NA
8451	9214	0.28892610769716	undirected	NA	NA
8451	9225	0.268277843964112	undirected	NA	NA
8451	9586	0.326608610073335	undirected	NA	NA
8451	9640	0.231270486951772	undirected	NA	NA
8451	11439	0.148047795141057	undirected	NA	NA
8451	11663	0.264780145935501	undirected	NA	NA
8451	11895	0.295675505681658	undirected	NA	NA
8451	12032	0.218831068962692	undirected	NA	NA
8451	12067	0.0814076371754985	undirected	NA	NA
8451	12109	0.171943200857751	undirected	NA	NA
8451	12156	0.196576292848919	undirected	NA	NA
8451	12568	0.264083340839297	undirected	NA	NA
8451	12632	0.203292969978194	undirected	NA	NA
8451	12885	0.0554899553448849	undirected	NA	NA
8451	12971	0.256912706227378	undirected	NA	NA
8451	13388	0.266831852393456	undirected	NA	NA
8451	13468	0.207080269563382	undirected	NA	NA
8451	13532	0.218300579044956	undirected	NA	NA
8451	13717	0.27617080530726	undirected	NA	NA
8451	14420	0.110594308986455	undirected	NA	NA
8451	14478	0.230322395815395	undirected	NA	NA
8451	14950	0.28979449718381	undirected	NA	NA
8451	14963	0.312630707431738	undirected	NA	NA
8451	15344	0.238279531351516	undirected	NA	NA
8451	15463	0.243311563263605	undirected	NA	NA
8451	15478	0.241303260457968	undirected	NA	NA
8511	8764	0.397311204860639	undirected	NA	NA
8511	8955	0.405787336004293	undirected	NA	NA
8511	9214	0.345246357849851	undirected	NA	NA
8511	9225	0.390061080133854	undirected	NA	NA
8511	9586	0.398312562875061	undirected	NA	NA
8511	9640	0.362954928342783	undirected	NA	NA
8511	11439	0.321344756281466	undirected	NA	NA
8511	11663	0.30649104833487	undirected	NA	NA
8511	11895	0.413353314585227	undirected	NA	NA
8511	12032	0.347184532101264	undirected	NA	NA
8511	12067	0.177227024642166	undirected	NA	NA
8511	12109	0.358156511898346	undirected	NA	NA
8511	12156	0.301062116146569	undirected	NA	NA
8511	12568	0.338569235825919	undirected	NA	NA
8511	12632	0.308770034690555	undirected	NA	NA
8511	12885	0.0995266080508839	undirected	NA	NA
8511	12971	0.228247405976509	undirected	NA	NA
8511	13388	0.35247212704788	undirected	NA	NA
8511	13468	0.199551922241517	undirected	NA	NA
8511	13532	0.285922131988117	undirected	NA	NA
8511	13717	0.256748576570037	undirected	NA	NA
8511	14420	0.267730360808019	undirected	NA	NA
8511	14478	0.319541891571082	undirected	NA	NA
8511	14950	0.36324097576218	undirected	NA	NA
8511	14963	0.368758719814943	undirected	NA	NA
8511	15344	0.350964246109996	undirected	NA	NA
8511	15463	0.358161805020316	undirected	NA	NA
8511	15478	0.302244178356445	undirected	NA	NA
8764	8955	0.40131741087734	undirected	NA	NA
8764	9214	0.346849010142106	undirected	NA	NA
8764	9225	0.381483304530543	undirected	NA	NA
8764	9586	0.378447833712335	undirected	NA	NA
8764	9640	0.336622540171673	undirected	NA	NA
8764	11439	0.322824667286172	undirected	NA	NA
8764	11663	0.299074908005212	undirected	NA	NA
8764	11895	0.407289564744082	undirected	NA	NA
8764	12032	0.348779104816282	undirected	NA	NA
8764	12067	0.193570603263867	undirected	NA	NA
8764	12109	0.341507277498384	undirected	NA	NA
8764	12156	0.311793542417025	undirected	NA	NA
8764	12568	0.319825145883319	undirected	NA	NA
8764	12632	0.319742035212912	undirected	NA	NA
8764	12885	0.111226010665783	undirected	NA	NA
8764	12971	0.235019403799761	undirected	NA	NA
8764	13388	0.323177785825772	undirected	NA	NA
8764	13468	0.207331513561344	undirected	NA	NA
8764	13532	0.2937730605564	undirected	NA	NA
8764	13717	0.254882001614514	undirected	NA	NA
8764	14420	0.24976654560612	undirected	NA	NA
8764	14478	0.284759031209179	undirected	NA	NA
8764	14950	0.339417006032145	undirected	NA	NA
8764	14963	0.364441313404575	undirected	NA	NA
8764	15344	0.340978584586879	undirected	NA	NA
8764	15463	0.350419755170839	undirected	NA	NA
8764	15478	0.2927593982758	undirected	NA	NA
8955	9214	0.303032224318837	undirected	NA	NA
8955	9225	0.394968026023206	undirected	NA	NA
8955	9586	0.39451989107406	undirected	NA	NA
8955	9640	0.379520845727206	undirected	NA	NA
8955	11439	0.3257098918553	undirected	NA	NA
8955	11663	0.262460133652527	undirected	NA	NA
8955	11895	0.407546748498362	undirected	NA	NA
8955	12032	0.316606466936046	undirected	NA	NA
8955	12067	0.153895590351328	undirected	NA	NA
8955	12109	0.369773093202873	undirected	NA	NA
8955	12156	0.25757656013444	undirected	NA	NA
8955	12568	0.315532296912301	undirected	NA	NA
8955	12632	0.263833878108912	undirected	NA	NA
8955	12885	0.0825233310341882	undirected	NA	NA
8955	12971	0.173051604728091	undirected	NA	NA
8955	13388	0.363783958610145	undirected	NA	NA
8955	13468	0.153057360470156	undirected	NA	NA
8955	13532	0.230615365930892	undirected	NA	NA
8955	13717	0.209038145143144	undirected	NA	NA
8955	14420	0.25955453776036	undirected	NA	NA
8955	14478	0.339988692176212	undirected	NA	NA
8955	14950	0.348202277349317	undirected	NA	NA
8955	14963	0.346698255720098	undirected	NA	NA
8955	15344	0.352175523953438	undirected	NA	NA
8955	15463	0.327932209202709	undirected	NA	NA
8955	15478	0.260811273903262	undirected	NA	NA
9214	9225	0.282437537708569	undirected	NA	NA
9214	9586	0.350324598708464	undirected	NA	NA
9214	9640	0.267445044293869	undirected	NA	NA
9214	11439	0.204489674236769	undirected	NA	NA
9214	11663	0.266671534547146	undirected	NA	NA
9214	11895	0.309461659733153	undirected	NA	NA
9214	12032	0.279216601636333	undirected	NA	NA
9214	12067	0.147964235300732	undirected	NA	NA
9214	12109	0.215955968437931	undirected	NA	NA
9214	12156	0.254187797641316	undirected	NA	NA
9214	12568	0.265713738945055	undirected	NA	NA
9214	12632	0.264186423585404	undirected	NA	NA
9214	12885	0.105773663877871	undirected	NA	NA
9214	12971	0.27069577308578	undirected	NA	NA
9214	13388	0.269299584459387	undirected	NA	NA
9214	13468	0.217906589034689	undirected	NA	NA
9214	13532	0.267672375389148	undirected	NA	NA
9214	13717	0.26728140281616	undirected	NA	NA
9214	14420	0.147903606094615	undirected	NA	NA
9214	14478	0.212055415649762	undirected	NA	NA
9214	14950	0.296636315151717	undirected	NA	NA
9214	14963	0.326071876573002	undirected	NA	NA
9214	15344	0.264129163756651	undirected	NA	NA
9214	15463	0.272419836558262	undirected	NA	NA
9214	15478	0.247247707478626	undirected	NA	NA
9225	9586	0.376397718461186	undirected	NA	NA
9225	9640	0.376793310122422	undirected	NA	NA
9225	11439	0.30862648541936	undirected	NA	NA
9225	11663	0.236734186511621	undirected	NA	NA
9225	11895	0.397456783381974	undirected	NA	NA
9225	12032	0.303787387716709	undirected	NA	NA
9225	12067	0.13580507822212	undirected	NA	NA
9225	12109	0.359451637575686	undirected	NA	NA
9225	12156	0.22093914279887	undirected	NA	NA
9225	12568	0.286225503400425	undirected	NA	NA
9225	12632	0.228903419141814	undirected	NA	NA
9225	12885	0.079338763117164	undirected	NA	NA
9225	12971	0.151524917872763	undirected	NA	NA
9225	13388	0.373448972440514	undirected	NA	NA
9225	13468	0.12425369841451	undirected	NA	NA
9225	13532	0.199523140395065	undirected	NA	NA
9225	13717	0.189710940333465	undirected	NA	NA
9225	14420	0.252547811186586	undirected	NA	NA
9225	14478	0.35157071102798	undirected	NA	NA
9225	14950	0.341112217667944	undirected	NA	NA
9225	14963	0.318401726418865	undirected	NA	NA
9225	15344	0.345899193472227	undirected	NA	NA
9225	15463	0.292225299253643	undirected	NA	NA
9225	15478	0.233253989089063	undirected	NA	NA
9586	9640	0.335286953578556	undirected	NA	NA
9586	11439	0.297560457983085	undirected	NA	NA
9586	11663	0.317986861364255	undirected	NA	NA
9586	11895	0.404193758913866	undirected	NA	NA
9586	12032	0.344438343033622	undirected	NA	NA
9586	12067	0.178201461131046	undirected	NA	NA
9586	12109	0.331361093460115	undirected	NA	NA
9586	12156	0.307065870797409	undirected	NA	NA
9586	12568	0.33385138286667	undirected	NA	NA
9586	12632	0.315445376705761	undirected	NA	NA
9586	12885	0.103394077273487	undirected	NA	NA
9586	12971	0.253537848441018	undirected	NA	NA
9586	13388	0.329983318187355	undirected	NA	NA
9586	13468	0.218122005734053	undirected	NA	NA
9586	13532	0.303956437129599	undirected	NA	NA
9586	13717	0.275024608785542	undirected	NA	NA
9586	14420	0.260366773784453	undirected	NA	NA
9586	14478	0.295355578365956	undirected	NA	NA
9586	14950	0.354649316490259	undirected	NA	NA
9586	14963	0.357887394463383	undirected	NA	NA
9586	15344	0.354676769707999	undirected	NA	NA
9586	15463	0.354056533323434	undirected	NA	NA
9586	15478	0.312396803159372	undirected	NA	NA
9640	11439	0.293725409235207	undirected	NA	NA
9640	11663	0.224934544108115	undirected	NA	NA
9640	11895	0.385882361504807	undirected	NA	NA
9640	12032	0.313240122547052	undirected	NA	NA
9640	12067	0.190056592361301	undirected	NA	NA
9640	12109	0.35409770922747	undirected	NA	NA
9640	12156	0.240788861033719	undirected	NA	NA
9640	12568	0.266712673333266	undirected	NA	NA
9640	12632	0.251283485178175	undirected	NA	NA
9640	12885	0.123062990765545	undirected	NA	NA
9640	12971	0.164832744457747	undirected	NA	NA
9640	13388	0.314352558240899	undirected	NA	NA
9640	13468	0.129061957830377	undirected	NA	NA
9640	13532	0.233180076903991	undirected	NA	NA
9640	13717	0.181731273896609	undirected	NA	NA
9640	14420	0.302647666678541	undirected	NA	NA
9640	14478	0.274339162790558	undirected	NA	NA
9640	14950	0.315984957602221	undirected	NA	NA
9640	14963	0.271360415722952	undirected	NA	NA
9640	15344	0.372871965911865	undirected	NA	NA
9640	15463	0.290299066668929	undirected	NA	NA
9640	15478	0.227602732411656	undirected	NA	NA
11439	11663	0.123849187888188	undirected	NA	NA
11439	11895	0.31818329265414	undirected	NA	NA
11439	12032	0.241718216277358	undirected	NA	NA
11439	12067	0.251129568653435	undirected	NA	NA
11439	12109	0.280528694289148	undirected	NA	NA
11439	12156	0.207695981291955	undirected	NA	NA
11439	12568	0.173675371865528	undirected	NA	NA
11439	12632	0.216357909848738	undirected	NA	NA
11439	12885	0.180993537706533	undirected	NA	NA
11439	12971	0.111266189493282	undirected	NA	NA
11439	13388	0.212296513683128	undirected	NA	NA
11439	13468	0.0935412877033306	undirected	NA	NA
11439	13532	0.173966020537839	undirected	NA	NA
11439	13717	0.103863917267918	undirected	NA	NA
11439	14420	0.158139842851399	undirected	NA	NA
11439	14478	0.147224790155597	undirected	NA	NA
11439	14950	0.205617461980324	undirected	NA	NA
11439	14963	0.240016313707218	undirected	NA	NA
11439	15344	0.266064498811045	undirected	NA	NA
11439	15463	0.219489182182991	undirected	NA	NA
11439	15478	0.121545178072905	undirected	NA	NA
11663	11895	0.278955234535665	undirected	NA	NA
11663	12032	0.185622268090107	undirected	NA	NA
11663	12067	0.0800470707415314	undirected	NA	NA
11663	12109	0.166771927443874	undirected	NA	NA
11663	12156	0.214724001348802	undirected	NA	NA
11663	12568	0.320281894610099	undirected	NA	NA
11663	12632	0.216076562842741	undirected	NA	NA
11663	12885	0.0425622375874835	undirected	NA	NA
11663	12971	0.28839346933515	undirected	NA	NA
11663	13388	0.233507243401137	undirected	NA	NA
11663	13468	0.262833022514678	undirected	NA	NA
11663	13532	0.255760932184905	undirected	NA	NA
11663	13717	0.288888503712575	undirected	NA	NA
11663	14420	0.126701838922796	undirected	NA	NA
11663	14478	0.206885688847291	undirected	NA	NA
11663	14950	0.292675462989129	undirected	NA	NA
11663	14963	0.290467891679795	undirected	NA	NA
11663	15344	0.258801934644221	undirected	NA	NA
11663	15463	0.283926386018276	undirected	NA	NA
11663	15478	0.289131076505564	undirected	NA	NA
11895	12032	0.317046111639408	undirected	NA	NA
11895	12067	0.15077795114037	undirected	NA	NA
11895	12109	0.37143209948502	undirected	NA	NA
11895	12156	0.266236241747747	undirected	NA	NA
11895	12568	0.335924112036332	undirected	NA	NA
11895	12632	0.271734727102045	undirected	NA	NA
11895	12885	0.0782606304458051	undirected	NA	NA
11895	12971	0.183902278665245	undirected	NA	NA
11895	13388	0.370526158564133	undirected	NA	NA
11895	13468	0.165507155479282	undirected	NA	NA
11895	13532	0.242745009138371	undirected	NA	NA
11895	13717	0.221635876637674	undirected	NA	NA
11895	14420	0.270149680187883	undirected	NA	NA
11895	14478	0.350825465225105	undirected	NA	NA
11895	14950	0.361709305546983	undirected	NA	NA
11895	14963	0.35367183958372	undirected	NA	NA
11895	15344	0.365799492263577	undirected	NA	NA
11895	15463	0.34321572271624	undirected	NA	NA
11895	15478	0.279105738032822	undirected	NA	NA
12032	12067	0.204033488648813	undirected	NA	NA
12032	12109	0.273915904946653	undirected	NA	NA
12032	12156	0.217033980724006	undirected	NA	NA
12032	12568	0.224179581404767	undirected	NA	NA
12032	12632	0.229633387394358	undirected	NA	NA
12032	12885	0.173022215799296	undirected	NA	NA
12032	12971	0.175927391305415	undirected	NA	NA
12032	13388	0.271459429422534	undirected	NA	NA
12032	13468	0.130092126543586	undirected	NA	NA
12032	13532	0.214045823141262	undirected	NA	NA
12032	13717	0.1670490371468	undirected	NA	NA
12032	14420	0.168551857776455	undirected	NA	NA
12032	14478	0.195117388760399	undirected	NA	NA
12032	14950	0.280319435017546	undirected	NA	NA
12032	14963	0.287373458148507	undirected	NA	NA
12032	15344	0.290981006259931	undirected	NA	NA
12032	15463	0.255346913928034	undirected	NA	NA
12032	15478	0.179073120155578	undirected	NA	NA
12067	12109	0.227778782577236	undirected	NA	NA
12067	12156	0.228334191255427	undirected	NA	NA
12067	12568	0.114598633946309	undirected	NA	NA
12067	12632	0.234547575922033	undirected	NA	NA
12067	12885	0.167837589620472	undirected	NA	NA
12067	12971	0.0744144264420755	undirected	NA	NA
12067	13388	0.0940708612851364	undirected	NA	NA
12067	13468	0.0630145462931027	undirected	NA	NA
12067	13532	0.154644696902433	undirected	NA	NA
12067	13717	0.0563557343029059	undirected	NA	NA
12067	14420	0.13093629960178	undirected	NA	NA
12067	14478	0.0515878669621063	undirected	NA	NA
12067	14950	0.114832744938733	undirected	NA	NA
12067	14963	0.151854749752995	undirected	NA	NA
12067	15344	0.165751245294689	undirected	NA	NA
12067	15463	0.189992539545855	undirected	NA	NA
12067	15478	0.0857786982219591	undirected	NA	NA
12109	12156	0.226238131698048	undirected	NA	NA
12109	12568	0.214835549281264	undirected	NA	NA
12109	12632	0.235406695601149	undirected	NA	NA
12109	12885	0.150836847823801	undirected	NA	NA
12109	12971	0.130557482170581	undirected	NA	NA
12109	13388	0.260479762731902	undirected	NA	NA
12109	13468	0.106596999562939	undirected	NA	NA
12109	13532	0.207149734349611	undirected	NA	NA
12109	13717	0.132284259307115	undirected	NA	NA
12109	14420	0.255156919119641	undirected	NA	NA
12109	14478	0.198012815716413	undirected	NA	NA
12109	14950	0.254354211331072	undirected	NA	NA
12109	14963	0.229433901058889	undirected	NA	NA
12109	15344	0.3586945239917	undirected	NA	NA
12109	15463	0.242650004600561	undirected	NA	NA
12109	15478	0.170305287004158	undirected	NA	NA
12156	12568	0.274493062693306	undirected	NA	NA
12156	12632	0.302058108345657	undirected	NA	NA
12156	12885	0.112510655546241	undirected	NA	NA
12156	12971	0.210330088556584	undirected	NA	NA
12156	13388	0.173033905930509	undirected	NA	NA
12156	13468	0.236246605176253	undirected	NA	NA
12156	13532	0.288715281384238	undirected	NA	NA
12156	13717	0.171374240931342	undirected	NA	NA
12156	14420	0.146366869934515	undirected	NA	NA
12156	14478	0.12683542801963	undirected	NA	NA
12156	14950	0.225159522929764	undirected	NA	NA
12156	14963	0.289790609786898	undirected	NA	NA
12156	15344	0.254157256910519	undirected	NA	NA
12156	15463	0.327822149957281	undirected	NA	NA
12156	15478	0.224143567581286	undirected	NA	NA
12568	12632	0.272098198820134	undirected	NA	NA
12568	12885	0.0502659390441406	undirected	NA	NA
12568	12971	0.269600710392585	undirected	NA	NA
12568	13388	0.238544566896409	undirected	NA	NA
12568	13468	0.275550295106823	undirected	NA	NA
12568	13532	0.300235723016932	undirected	NA	NA
12568	13717	0.276647642892829	undirected	NA	NA
12568	14420	0.206117269480659	undirected	NA	NA
12568	14478	0.215912021803438	undirected	NA	NA
12568	14950	0.286392316391925	undirected	NA	NA
12568	14963	0.275017337967051	undirected	NA	NA
12568	15344	0.324230547256592	undirected	NA	NA
12568	15463	0.3230404486185	undirected	NA	NA
12568	15478	0.330425917700808	undirected	NA	NA
12632	12885	0.123984124940472	undirected	NA	NA
12632	12971	0.212056572260422	undirected	NA	NA
12632	13388	0.183766307742831	undirected	NA	NA
12632	13468	0.225981043723007	undirected	NA	NA
12632	13532	0.287018105524581	undirected	NA	NA
12632	13717	0.174207846273469	undirected	NA	NA
12632	14420	0.151110550492624	undirected	NA	NA
12632	14478	0.13331054346386	undirected	NA	NA
12632	14950	0.234707774098759	undirected	NA	NA
12632	14963	0.294645685600363	undirected	NA	NA
12632	15344	0.260467959329068	undirected	NA	NA
12632	15463	0.325681625342992	undirected	NA	NA
12632	15478	0.223370929006728	undirected	NA	NA
12885	12971	0.0457774878643925	undirected	NA	NA
12885	13388	0.071073983047602	undirected	NA	NA
12885	13468	0.0260775790702392	undirected	NA	NA
12885	13532	0.0815499859066534	undirected	NA	NA
12885	13717	0.0353637246440166	undirected	NA	NA
12885	14420	0.0874964026782357	undirected	NA	NA
12885	14478	0.0345254828598048	undirected	NA	NA
12885	14950	0.0752512528686805	undirected	NA	NA
12885	14963	0.0878846372185566	undirected	NA	NA
12885	15344	0.0878316807741829	undirected	NA	NA
12885	15463	0.087417027418169	undirected	NA	NA
12885	15478	0.0412080031518165	undirected	NA	NA
12971	13388	0.17289477972371	undirected	NA	NA
12971	13468	0.231284160955031	undirected	NA	NA
12971	13532	0.216724746450003	undirected	NA	NA
12971	13717	0.273049223689964	undirected	NA	NA
12971	14420	0.0862287578684556	undirected	NA	NA
12971	14478	0.140481852303257	undirected	NA	NA
12971	14950	0.243108753726373	undirected	NA	NA
12971	14963	0.261123025600914	undirected	NA	NA
12971	15344	0.179849075714795	undirected	NA	NA
12971	15463	0.256081842245394	undirected	NA	NA
12971	15478	0.28043208469797	undirected	NA	NA
13388	13468	0.118181472875748	undirected	NA	NA
13388	13532	0.182934931708002	undirected	NA	NA
13388	13717	0.212921211938924	undirected	NA	NA
13388	14420	0.208097544865355	undirected	NA	NA
13388	14478	0.314336689430636	undirected	NA	NA
13388	14950	0.316621264054383	undirected	NA	NA
13388	14963	0.261323420006934	undirected	NA	NA
13388	15344	0.32810737902355	undirected	NA	NA
13388	15463	0.23008053336415	undirected	NA	NA
13388	15478	0.221171865308801	undirected	NA	NA
13468	13532	0.219553706299892	undirected	NA	NA
13468	13717	0.224545040866958	undirected	NA	NA
13468	14420	0.0690374313515182	undirected	NA	NA
13468	14478	0.0999685256121134	undirected	NA	NA
13468	14950	0.183638281665446	undirected	NA	NA
13468	14963	0.244240296716239	undirected	NA	NA
13468	15344	0.154495817603093	undirected	NA	NA
13468	15463	0.271233729584605	undirected	NA	NA
13468	15478	0.269760536451703	undirected	NA	NA
13532	13717	0.206167576323066	undirected	NA	NA
13532	14420	0.140289439116697	undirected	NA	NA
13532	14478	0.138041251573036	undirected	NA	NA
13532	14950	0.252327695335934	undirected	NA	NA
13532	14963	0.281592424491289	undirected	NA	NA
13532	15344	0.255512228226201	undirected	NA	NA
13532	15463	0.329552273565196	undirected	NA	NA
13532	15478	0.265985750077524	undirected	NA	NA
13717	14420	0.0860707335720521	undirected	NA	NA
13717	14478	0.187860782343033	undirected	NA	NA
13717	14950	0.269859740124452	undirected	NA	NA
13717	14963	0.269442151697754	undirected	NA	NA
13717	15344	0.201214648035962	undirected	NA	NA
13717	15463	0.240021577542518	undirected	NA	NA
13717	15478	0.275673316088305	undirected	NA	NA
14420	14478	0.162283396713223	undirected	NA	NA
14420	14950	0.231396459665172	undirected	NA	NA
14420	14963	0.160735373253363	undirected	NA	NA
14420	15344	0.343984366257909	undirected	NA	NA
14420	15463	0.215354104783767	undirected	NA	NA
14420	15478	0.141463214786508	undirected	NA	NA
14478	14950	0.277696818574611	undirected	NA	NA
14478	14963	0.215908604030541	undirected	NA	NA
14478	15344	0.306143770400921	undirected	NA	NA
14478	15463	0.188500880051027	undirected	NA	NA
14478	15478	0.197018798892051	undirected	NA	NA
14950	14963	0.279348506451588	undirected	NA	NA
14950	15344	0.346894260539103	undirected	NA	NA
14950	15463	0.279160779147838	undirected	NA	NA
14950	15478	0.285107531226465	undirected	NA	NA
14963	15344	0.278564574018129	undirected	NA	NA
14963	15463	0.296764821866845	undirected	NA	NA
14963	15478	0.275362763571024	undirected	NA	NA
15344	15463	0.329126028372157	undirected	NA	NA
15344	15478	0.271653358951928	undirected	NA	NA
15463	15478	0.293138739418995	undirected	NA	NA
