fromNode	toNode	weight	direction	fromAltName	toAltName
597	680	0.151719631085241	undirected	NA	NA
597	859	0.258499426753139	undirected	NA	NA
597	1099	0.263234659238726	undirected	NA	NA
597	1222	0.0839617612964899	undirected	NA	NA
597	1600	0.177253266298632	undirected	NA	NA
597	1832	0.165389599734327	undirected	NA	NA
597	1880	0.240598492625539	undirected	NA	NA
597	2113	0.0377931570526776	undirected	NA	NA
597	2583	0.055237688215818	undirected	NA	NA
597	2949	0.054891976231628	undirected	NA	NA
597	2990	0.239258794774123	undirected	NA	NA
597	3014	0.22791263603901	undirected	NA	NA
597	3034	0.138594510311625	undirected	NA	NA
597	3254	0.212014603040939	undirected	NA	NA
597	3702	0.214019613101034	undirected	NA	NA
597	4073	0.120616624435347	undirected	NA	NA
597	4258	0.175435482452007	undirected	NA	NA
597	4620	0.0887111321426754	undirected	NA	NA
597	4766	0.234456291585253	undirected	NA	NA
597	4817	0.172041553310838	undirected	NA	NA
597	4886	0.224592211621161	undirected	NA	NA
597	5879	0.136420605270564	undirected	NA	NA
597	5887	0.25040982287988	undirected	NA	NA
597	5910	0.248080394303528	undirected	NA	NA
597	6066	0.22424074115449	undirected	NA	NA
597	6086	0.170787749583065	undirected	NA	NA
597	6343	0.176605421960731	undirected	NA	NA
597	6932	0.158877044533365	undirected	NA	NA
597	7005	0.235125133144941	undirected	NA	NA
597	7172	0.21761313476497	undirected	NA	NA
597	8503	0.183341232965472	undirected	NA	NA
597	8732	0.255935240204838	undirected	NA	NA
597	9092	0.139837795241073	undirected	NA	NA
597	9139	0.111190123386972	undirected	NA	NA
597	9148	0.0471500991972814	undirected	NA	NA
597	9257	0.0878257978795797	undirected	NA	NA
597	9288	0.282171277090869	undirected	NA	NA
597	9314	0.0860379781404447	undirected	NA	NA
597	10047	0.242643216057835	undirected	NA	NA
597	10282	0.260911467003304	undirected	NA	NA
597	10803	0.255303392370639	undirected	NA	NA
597	11440	0.164479344501805	undirected	NA	NA
597	11674	0.180354580699137	undirected	NA	NA
597	11705	0.139794701949577	undirected	NA	NA
597	11742	0.0462201872242256	undirected	NA	NA
597	11817	0.207385911431196	undirected	NA	NA
597	12063	0.0351345231312106	undirected	NA	NA
597	12081	0.28327411395012	undirected	NA	NA
597	13066	0.116126245525757	undirected	NA	NA
597	13109	0.263427904818887	undirected	NA	NA
597	13720	0.184426584247599	undirected	NA	NA
597	13828	0.0979391977141655	undirected	NA	NA
597	14684	0.248510262991524	undirected	NA	NA
597	15074	0.0637010204661858	undirected	NA	NA
597	15413	0.188503191326059	undirected	NA	NA
597	15639	0.120834122872292	undirected	NA	NA
680	859	0.266672465475699	undirected	NA	NA
680	1099	0.270699369833719	undirected	NA	NA
680	1222	0.142408824697793	undirected	NA	NA
680	1600	0.20586985988669	undirected	NA	NA
680	1832	0.291066022429183	undirected	NA	NA
680	1880	0.263289167703574	undirected	NA	NA
680	2113	0.243374858607754	undirected	NA	NA
680	2583	0.283975612211975	undirected	NA	NA
680	2949	0.163086564636358	undirected	NA	NA
680	2990	0.265945184002397	undirected	NA	NA
680	3014	0.305940311188157	undirected	NA	NA
680	3034	0.0946441805677905	undirected	NA	NA
680	3254	0.243576247989596	undirected	NA	NA
680	3702	0.187896513546954	undirected	NA	NA
680	4073	0.207619987297962	undirected	NA	NA
680	4258	0.187799622059555	undirected	NA	NA
680	4620	0.248514467363507	undirected	NA	NA
680	4766	0.215868176512274	undirected	NA	NA
680	4817	0.134889753773678	undirected	NA	NA
680	4886	0.325848648084051	undirected	NA	NA
680	5879	0.256532003364535	undirected	NA	NA
680	5887	0.205858658381621	undirected	NA	NA
680	5910	0.2784369815622	undirected	NA	NA
680	6066	0.179052489597479	undirected	NA	NA
680	6086	0.259336862621058	undirected	NA	NA
680	6343	0.151493323982723	undirected	NA	NA
680	6932	0.280870017920122	undirected	NA	NA
680	7005	0.279370694679295	undirected	NA	NA
680	7172	0.222811749642647	undirected	NA	NA
680	8503	0.117389656987454	undirected	NA	NA
680	8732	0.274736527797945	undirected	NA	NA
680	9092	0.214631198360567	undirected	NA	NA
680	9139	0.170964862719793	undirected	NA	NA
680	9148	0.196740290644109	undirected	NA	NA
680	9257	0.284282817278363	undirected	NA	NA
680	9288	0.196480922627658	undirected	NA	NA
680	9314	0.237187953447018	undirected	NA	NA
680	10047	0.26229992131496	undirected	NA	NA
680	10282	0.199481219843864	undirected	NA	NA
680	10803	0.251635312622392	undirected	NA	NA
680	11440	0.271436386934266	undirected	NA	NA
680	11674	0.252856433845644	undirected	NA	NA
680	11705	0.152752410764718	undirected	NA	NA
680	11742	0.309855110732825	undirected	NA	NA
680	11817	0.166016190252483	undirected	NA	NA
680	12063	0.274010643521343	undirected	NA	NA
680	12081	0.230456046835801	undirected	NA	NA
680	13066	0.119843989417672	undirected	NA	NA
680	13109	0.231266332022812	undirected	NA	NA
680	13720	0.211444899495199	undirected	NA	NA
680	13828	0.254689830667243	undirected	NA	NA
680	14684	0.242368514204845	undirected	NA	NA
680	15074	0.137707822303782	undirected	NA	NA
680	15413	0.263362374519058	undirected	NA	NA
680	15639	0.181474996417864	undirected	NA	NA
859	1099	0.274964819235623	undirected	NA	NA
859	1222	0.232014750626471	undirected	NA	NA
859	1600	0.157679952627043	undirected	NA	NA
859	1832	0.212454549705665	undirected	NA	NA
859	1880	0.220924247897118	undirected	NA	NA
859	2113	0.114030626783051	undirected	NA	NA
859	2583	0.148338013540013	undirected	NA	NA
859	2949	0.203023726330763	undirected	NA	NA
859	2990	0.291320028360012	undirected	NA	NA
859	3014	0.282490095117119	undirected	NA	NA
859	3034	0.253518607063114	undirected	NA	NA
859	3254	0.199854001362692	undirected	NA	NA
859	3702	0.270932026509215	undirected	NA	NA
859	4073	0.240619814177562	undirected	NA	NA
859	4258	0.208557913393913	undirected	NA	NA
859	4620	0.145299517850129	undirected	NA	NA
859	4766	0.266296470884953	undirected	NA	NA
859	4817	0.214734943349902	undirected	NA	NA
859	4886	0.295905981326228	undirected	NA	NA
859	5879	0.248766746336234	undirected	NA	NA
859	5887	0.290236344467654	undirected	NA	NA
859	5910	0.297229788850947	undirected	NA	NA
859	6066	0.292692623238117	undirected	NA	NA
859	6086	0.311581937318085	undirected	NA	NA
859	6343	0.25352865686165	undirected	NA	NA
859	6932	0.272741224319666	undirected	NA	NA
859	7005	0.281056350112363	undirected	NA	NA
859	7172	0.263482274569654	undirected	NA	NA
859	8503	0.202329997474944	undirected	NA	NA
859	8732	0.2323612250184	undirected	NA	NA
859	9092	0.304184584909273	undirected	NA	NA
859	9139	0.265176920943546	undirected	NA	NA
859	9148	0.185976673647795	undirected	NA	NA
859	9257	0.192109457722916	undirected	NA	NA
859	9288	0.239610232484184	undirected	NA	NA
859	9314	0.156387503067023	undirected	NA	NA
859	10047	0.264234673509829	undirected	NA	NA
859	10282	0.240501069887939	undirected	NA	NA
859	10803	0.264770109378661	undirected	NA	NA
859	11440	0.268238655890807	undirected	NA	NA
859	11674	0.291352046210415	undirected	NA	NA
859	11705	0.242206488996995	undirected	NA	NA
859	11742	0.143463128556035	undirected	NA	NA
859	11817	0.237670888308998	undirected	NA	NA
859	12063	0.123057564876423	undirected	NA	NA
859	12081	0.269073437807043	undirected	NA	NA
859	13066	0.242462775786964	undirected	NA	NA
859	13109	0.241160583063258	undirected	NA	NA
859	13720	0.136060382497291	undirected	NA	NA
859	13828	0.213787733098111	undirected	NA	NA
859	14684	0.259804335559976	undirected	NA	NA
859	15074	0.181072388938141	undirected	NA	NA
859	15413	0.257672149038788	undirected	NA	NA
859	15639	0.267904861638644	undirected	NA	NA
1099	1222	0.242180082976282	undirected	NA	NA
1099	1600	0.15471813800453	undirected	NA	NA
1099	1832	0.197993147674956	undirected	NA	NA
1099	1880	0.214788072598819	undirected	NA	NA
1099	2113	0.118266180755101	undirected	NA	NA
1099	2583	0.148744400529154	undirected	NA	NA
1099	2949	0.207008730546509	undirected	NA	NA
1099	2990	0.29354716286133	undirected	NA	NA
1099	3014	0.27351815428056	undirected	NA	NA
1099	3034	0.245826884442401	undirected	NA	NA
1099	3254	0.195038814167316	undirected	NA	NA
1099	3702	0.267266612778602	undirected	NA	NA
1099	4073	0.240672015268223	undirected	NA	NA
1099	4258	0.20885798302457	undirected	NA	NA
1099	4620	0.151389917985244	undirected	NA	NA
1099	4766	0.258944660785243	undirected	NA	NA
1099	4817	0.225664531626787	undirected	NA	NA
1099	4886	0.29224312820986	undirected	NA	NA
1099	5879	0.236993693919092	undirected	NA	NA
1099	5887	0.305002397275206	undirected	NA	NA
1099	5910	0.298061325679411	undirected	NA	NA
1099	6066	0.299599948660085	undirected	NA	NA
1099	6086	0.315817931058992	undirected	NA	NA
1099	6343	0.264547435251894	undirected	NA	NA
1099	6932	0.276532557643427	undirected	NA	NA
1099	7005	0.272693141118005	undirected	NA	NA
1099	7172	0.259814356439479	undirected	NA	NA
1099	8503	0.189151730884902	undirected	NA	NA
1099	8732	0.225510861184395	undirected	NA	NA
1099	9092	0.310682033794386	undirected	NA	NA
1099	9139	0.268598265302712	undirected	NA	NA
1099	9148	0.192746840204609	undirected	NA	NA
1099	9257	0.192607821330584	undirected	NA	NA
1099	9288	0.255637208305288	undirected	NA	NA
1099	9314	0.156605127881495	undirected	NA	NA
1099	10047	0.261011135895564	undirected	NA	NA
1099	10282	0.241057435853454	undirected	NA	NA
1099	10803	0.276364324593236	undirected	NA	NA
1099	11440	0.273331002523942	undirected	NA	NA
1099	11674	0.299518807138087	undirected	NA	NA
1099	11705	0.23513431902486	undirected	NA	NA
1099	11742	0.150388367971237	undirected	NA	NA
1099	11817	0.24488673304097	undirected	NA	NA
1099	12063	0.132089602682006	undirected	NA	NA
1099	12081	0.285385555534706	undirected	NA	NA
1099	13066	0.241760207341467	undirected	NA	NA
1099	13109	0.2333756711353	undirected	NA	NA
1099	13720	0.129729536403223	undirected	NA	NA
1099	13828	0.21579788126062	undirected	NA	NA
1099	14684	0.272675125904622	undirected	NA	NA
1099	15074	0.170513658843328	undirected	NA	NA
1099	15413	0.24379541328767	undirected	NA	NA
1099	15639	0.272503575314375	undirected	NA	NA
1222	1600	0.0487706541133427	undirected	NA	NA
1222	1832	0.150383673729375	undirected	NA	NA
1222	1880	0.0906823006929108	undirected	NA	NA
1222	2113	0.0453099502992891	undirected	NA	NA
1222	2583	0.0524816683969053	undirected	NA	NA
1222	2949	0.219849423489236	undirected	NA	NA
1222	2990	0.256578429705911	undirected	NA	NA
1222	3014	0.231366188162054	undirected	NA	NA
1222	3034	0.215284305839793	undirected	NA	NA
1222	3254	0.0656912852304001	undirected	NA	NA
1222	3702	0.203706415688572	undirected	NA	NA
1222	4073	0.17007770589946	undirected	NA	NA
1222	4258	0.0516723241265117	undirected	NA	NA
1222	4620	0.0502168020664556	undirected	NA	NA
1222	4766	0.262033519117047	undirected	NA	NA
1222	4817	0.239793442315408	undirected	NA	NA
1222	4886	0.205984582486459	undirected	NA	NA
1222	5879	0.218322014211849	undirected	NA	NA
1222	5887	0.182171631705096	undirected	NA	NA
1222	5910	0.256945873035505	undirected	NA	NA
1222	6066	0.166807965201762	undirected	NA	NA
1222	6086	0.25994493578967	undirected	NA	NA
1222	6343	0.263955415464647	undirected	NA	NA
1222	6932	0.142972136068301	undirected	NA	NA
1222	7005	0.23887076779009	undirected	NA	NA
1222	7172	0.2483133238885	undirected	NA	NA
1222	8503	0.185287702802251	undirected	NA	NA
1222	8732	0.115229924507618	undirected	NA	NA
1222	9092	0.307064077358405	undirected	NA	NA
1222	9139	0.233020704018829	undirected	NA	NA
1222	9148	0.17558838871519	undirected	NA	NA
1222	9257	0.103640050933726	undirected	NA	NA
1222	9288	0.122474459839332	undirected	NA	NA
1222	9314	0.0759765381096929	undirected	NA	NA
1222	10047	0.1456153719558	undirected	NA	NA
1222	10282	0.191245095104367	undirected	NA	NA
1222	10803	0.227328092911973	undirected	NA	NA
1222	11440	0.154873056904043	undirected	NA	NA
1222	11674	0.192541599523397	undirected	NA	NA
1222	11705	0.171261484970467	undirected	NA	NA
1222	11742	0.0767622855252471	undirected	NA	NA
1222	11817	0.252463870589475	undirected	NA	NA
1222	12063	0.0937091599464731	undirected	NA	NA
1222	12081	0.170736766623381	undirected	NA	NA
1222	13066	0.230252993345713	undirected	NA	NA
1222	13109	0.195492086296267	undirected	NA	NA
1222	13720	0.0740431995725715	undirected	NA	NA
1222	13828	0.0776286826241506	undirected	NA	NA
1222	14684	0.228171096299962	undirected	NA	NA
1222	15074	0.204844324006256	undirected	NA	NA
1222	15413	0.20848883466367	undirected	NA	NA
1222	15639	0.218638534682821	undirected	NA	NA
1600	1832	0.219461709341038	undirected	NA	NA
1600	1880	0.253628332453272	undirected	NA	NA
1600	2113	0.09520371642751	undirected	NA	NA
1600	2583	0.151918506614939	undirected	NA	NA
1600	2949	0.0499996043841296	undirected	NA	NA
1600	2990	0.134145896959523	undirected	NA	NA
1600	3014	0.194018766376441	undirected	NA	NA
1600	3034	0.0745333320971577	undirected	NA	NA
1600	3254	0.275342550735994	undirected	NA	NA
1600	3702	0.144922029291939	undirected	NA	NA
1600	4073	0.12422797265728	undirected	NA	NA
1600	4258	0.236747987872045	undirected	NA	NA
1600	4620	0.142859595674463	undirected	NA	NA
1600	4766	0.118028387065825	undirected	NA	NA
1600	4817	0.0597685617625953	undirected	NA	NA
1600	4886	0.213374796033387	undirected	NA	NA
1600	5879	0.160641554200124	undirected	NA	NA
1600	5887	0.116960696218551	undirected	NA	NA
1600	5910	0.146250915975062	undirected	NA	NA
1600	6066	0.114895998790977	undirected	NA	NA
1600	6086	0.14899483817102	undirected	NA	NA
1600	6343	0.0733747999927124	undirected	NA	NA
1600	6932	0.208654186698522	undirected	NA	NA
1600	7005	0.16079500633612	undirected	NA	NA
1600	7172	0.112082290262473	undirected	NA	NA
1600	8503	0.0870062747198183	undirected	NA	NA
1600	8732	0.231221101771886	undirected	NA	NA
1600	9092	0.104789579134065	undirected	NA	NA
1600	9139	0.0905272104454758	undirected	NA	NA
1600	9148	0.0549029300944207	undirected	NA	NA
1600	9257	0.17476991244795	undirected	NA	NA
1600	9288	0.136847678555047	undirected	NA	NA
1600	9314	0.162089193691095	undirected	NA	NA
1600	10047	0.193074263147443	undirected	NA	NA
1600	10282	0.131128096831882	undirected	NA	NA
1600	10803	0.151378995736755	undirected	NA	NA
1600	11440	0.195517667229718	undirected	NA	NA
1600	11674	0.165906786696367	undirected	NA	NA
1600	11705	0.104256538375668	undirected	NA	NA
1600	11742	0.100624023535126	undirected	NA	NA
1600	11817	0.076823473772665	undirected	NA	NA
1600	12063	0.0613631367944286	undirected	NA	NA
1600	12081	0.144212155825018	undirected	NA	NA
1600	13066	0.0650677614852273	undirected	NA	NA
1600	13109	0.161590675518441	undirected	NA	NA
1600	13720	0.207439781348147	undirected	NA	NA
1600	13828	0.169388439519988	undirected	NA	NA
1600	14684	0.125324605504608	undirected	NA	NA
1600	15074	0.0768795543545034	undirected	NA	NA
1600	15413	0.171305998611801	undirected	NA	NA
1600	15639	0.0984183157887146	undirected	NA	NA
1832	1880	0.199477472620754	undirected	NA	NA
1832	2113	0.188218795690696	undirected	NA	NA
1832	2583	0.273913896615637	undirected	NA	NA
1832	2949	0.187082243058736	undirected	NA	NA
1832	2990	0.162845533507396	undirected	NA	NA
1832	3014	0.225608674919063	undirected	NA	NA
1832	3034	0.157638441829456	undirected	NA	NA
1832	3254	0.215377484283564	undirected	NA	NA
1832	3702	0.19383043678134	undirected	NA	NA
1832	4073	0.248850645874789	undirected	NA	NA
1832	4258	0.216096080222279	undirected	NA	NA
1832	4620	0.199673889896515	undirected	NA	NA
1832	4766	0.168636318787377	undirected	NA	NA
1832	4817	0.0856942120716535	undirected	NA	NA
1832	4886	0.24977582274873	undirected	NA	NA
1832	5879	0.259774576577726	undirected	NA	NA
1832	5887	0.179801667073028	undirected	NA	NA
1832	5910	0.173210717485288	undirected	NA	NA
1832	6066	0.186027408435864	undirected	NA	NA
1832	6086	0.258274170213671	undirected	NA	NA
1832	6343	0.118303002249401	undirected	NA	NA
1832	6932	0.286806343515384	undirected	NA	NA
1832	7005	0.208777178488591	undirected	NA	NA
1832	7172	0.161021659405697	undirected	NA	NA
1832	8503	0.131889017051675	undirected	NA	NA
1832	8732	0.193536268235943	undirected	NA	NA
1832	9092	0.221705626273484	undirected	NA	NA
1832	9139	0.196875328578478	undirected	NA	NA
1832	9148	0.191902463319007	undirected	NA	NA
1832	9257	0.292628987992114	undirected	NA	NA
1832	9288	0.154339714157608	undirected	NA	NA
1832	9314	0.242803885568852	undirected	NA	NA
1832	10047	0.184383179332091	undirected	NA	NA
1832	10282	0.12828753809586	undirected	NA	NA
1832	10803	0.211602598061101	undirected	NA	NA
1832	11440	0.274469122503885	undirected	NA	NA
1832	11674	0.24973426722515	undirected	NA	NA
1832	11705	0.164928150824931	undirected	NA	NA
1832	11742	0.228376320177016	undirected	NA	NA
1832	11817	0.0979490473567255	undirected	NA	NA
1832	12063	0.174721093930885	undirected	NA	NA
1832	12081	0.183387195422318	undirected	NA	NA
1832	13066	0.140389704480339	undirected	NA	NA
1832	13109	0.176537629545326	undirected	NA	NA
1832	13720	0.155169023533397	undirected	NA	NA
1832	13828	0.263630216149935	undirected	NA	NA
1832	14684	0.168070980687878	undirected	NA	NA
1832	15074	0.213974071998324	undirected	NA	NA
1832	15413	0.217297785478515	undirected	NA	NA
1832	15639	0.1939789435107	undirected	NA	NA
1880	2113	0.170532413567273	undirected	NA	NA
1880	2583	0.208348292499103	undirected	NA	NA
1880	2949	0.0911524047521555	undirected	NA	NA
1880	2990	0.19225985852657	undirected	NA	NA
1880	3014	0.202766395208593	undirected	NA	NA
1880	3034	0.0917520779320552	undirected	NA	NA
1880	3254	0.247640176664385	undirected	NA	NA
1880	3702	0.148569671887564	undirected	NA	NA
1880	4073	0.149650411051772	undirected	NA	NA
1880	4258	0.273418826768531	undirected	NA	NA
1880	4620	0.180827670990691	undirected	NA	NA
1880	4766	0.168513294637447	undirected	NA	NA
1880	4817	0.0937256973345625	undirected	NA	NA
1880	4886	0.22715767719238	undirected	NA	NA
1880	5879	0.164795787935006	undirected	NA	NA
1880	5887	0.224544840099698	undirected	NA	NA
1880	5910	0.19909400697015	undirected	NA	NA
1880	6066	0.209279765085638	undirected	NA	NA
1880	6086	0.198735402409928	undirected	NA	NA
1880	6343	0.11423809002526	undirected	NA	NA
1880	6932	0.267411163537124	undirected	NA	NA
1880	7005	0.212783679172951	undirected	NA	NA
1880	7172	0.177486850813084	undirected	NA	NA
1880	8503	0.103862615015298	undirected	NA	NA
1880	8732	0.244965174216897	undirected	NA	NA
1880	9092	0.163277975708499	undirected	NA	NA
1880	9139	0.146151002678997	undirected	NA	NA
1880	9148	0.108675042947072	undirected	NA	NA
1880	9257	0.212725430167098	undirected	NA	NA
1880	9288	0.233183776524632	undirected	NA	NA
1880	9314	0.174972549397869	undirected	NA	NA
1880	10047	0.216182495560067	undirected	NA	NA
1880	10282	0.149200803534558	undirected	NA	NA
1880	10803	0.214729454926002	undirected	NA	NA
1880	11440	0.243424781921148	undirected	NA	NA
1880	11674	0.219544702221534	undirected	NA	NA
1880	11705	0.130367347046951	undirected	NA	NA
1880	11742	0.174203206910519	undirected	NA	NA
1880	11817	0.116051432819995	undirected	NA	NA
1880	12063	0.12400762683035	undirected	NA	NA
1880	12081	0.238900821427872	undirected	NA	NA
1880	13066	0.100762907636903	undirected	NA	NA
1880	13109	0.183686423632584	undirected	NA	NA
1880	13720	0.173572976574649	undirected	NA	NA
1880	13828	0.239753218651149	undirected	NA	NA
1880	14684	0.207913244446342	undirected	NA	NA
1880	15074	0.0893496316605237	undirected	NA	NA
1880	15413	0.185544248414338	undirected	NA	NA
1880	15639	0.157847387030096	undirected	NA	NA
2113	2583	0.237295087545865	undirected	NA	NA
2113	2949	0.0897564598517407	undirected	NA	NA
2113	2990	0.146008449684879	undirected	NA	NA
2113	3014	0.156547770525464	undirected	NA	NA
2113	3034	0.0487531444843424	undirected	NA	NA
2113	3254	0.173659972474478	undirected	NA	NA
2113	3702	0.0717686741735345	undirected	NA	NA
2113	4073	0.0810719049426109	undirected	NA	NA
2113	4258	0.203552538600119	undirected	NA	NA
2113	4620	0.0918335684990752	undirected	NA	NA
2113	4766	0.0941887698087858	undirected	NA	NA
2113	4817	0.0547556722489926	undirected	NA	NA
2113	4886	0.199330348220805	undirected	NA	NA
2113	5879	0.191570954758093	undirected	NA	NA
2113	5887	0.0845310219580397	undirected	NA	NA
2113	5910	0.145900647091768	undirected	NA	NA
2113	6066	0.0731841238401229	undirected	NA	NA
2113	6086	0.15620786694127	undirected	NA	NA
2113	6343	0.0668585691410139	undirected	NA	NA
2113	6932	0.254118292458155	undirected	NA	NA
2113	7005	0.153501294130645	undirected	NA	NA
2113	7172	0.124148380635413	undirected	NA	NA
2113	8503	0.0473270826390917	undirected	NA	NA
2113	8732	0.161979464005623	undirected	NA	NA
2113	9092	0.155154573649989	undirected	NA	NA
2113	9139	0.17949417870113	undirected	NA	NA
2113	9148	0.14694033953574	undirected	NA	NA
2113	9257	0.204770798737776	undirected	NA	NA
2113	9288	0.0651168162100885	undirected	NA	NA
2113	9314	0.115436188114403	undirected	NA	NA
2113	10047	0.179941164124513	undirected	NA	NA
2113	10282	0.0658934994451434	undirected	NA	NA
2113	10803	0.101916220914902	undirected	NA	NA
2113	11440	0.187360403653113	undirected	NA	NA
2113	11674	0.148443274582807	undirected	NA	NA
2113	11705	0.142246558821024	undirected	NA	NA
2113	11742	0.176543485365656	undirected	NA	NA
2113	11817	0.0661125242705441	undirected	NA	NA
2113	12063	0.102970851595875	undirected	NA	NA
2113	12081	0.0812884297102616	undirected	NA	NA
2113	13066	0.101862168436508	undirected	NA	NA
2113	13109	0.0803976153082895	undirected	NA	NA
2113	13720	0.085143458992677	undirected	NA	NA
2113	13828	0.267087981427155	undirected	NA	NA
2113	14684	0.120515833784936	undirected	NA	NA
2113	15074	0.117137427402088	undirected	NA	NA
2113	15413	0.169522585440867	undirected	NA	NA
2113	15639	0.19640171077814	undirected	NA	NA
2583	2949	0.102858114209496	undirected	NA	NA
2583	2990	0.15472231786994	undirected	NA	NA
2583	3014	0.216351168298266	undirected	NA	NA
2583	3034	0.0612942513405232	undirected	NA	NA
2583	3254	0.214779183645557	undirected	NA	NA
2583	3702	0.111162024946668	undirected	NA	NA
2583	4073	0.131604098681939	undirected	NA	NA
2583	4258	0.191264339331693	undirected	NA	NA
2583	4620	0.131276500776478	undirected	NA	NA
2583	4766	0.112199924414138	undirected	NA	NA
2583	4817	0.0565550484891813	undirected	NA	NA
2583	4886	0.253336251307642	undirected	NA	NA
2583	5879	0.254654678002772	undirected	NA	NA
2583	5887	0.0950210890817137	undirected	NA	NA
2583	5910	0.163592458695901	undirected	NA	NA
2583	6066	0.084188614091216	undirected	NA	NA
2583	6086	0.202624569403434	undirected	NA	NA
2583	6343	0.0730665570266433	undirected	NA	NA
2583	6932	0.285077179641336	undirected	NA	NA
2583	7005	0.18133198783593	undirected	NA	NA
2583	7172	0.126148701890602	undirected	NA	NA
2583	8503	0.0600368048044796	undirected	NA	NA
2583	8732	0.198147285761402	undirected	NA	NA
2583	9092	0.170800327188696	undirected	NA	NA
2583	9139	0.162529584248001	undirected	NA	NA
2583	9148	0.142327087599464	undirected	NA	NA
2583	9257	0.270434894486026	undirected	NA	NA
2583	9288	0.0825390812779933	undirected	NA	NA
2583	9314	0.180775355557078	undirected	NA	NA
2583	10047	0.190545819023804	undirected	NA	NA
2583	10282	0.0915413818619516	undirected	NA	NA
2583	10803	0.1356235303778	undirected	NA	NA
2583	11440	0.242793379983036	undirected	NA	NA
2583	11674	0.19522201171885	undirected	NA	NA
2583	11705	0.130724403807991	undirected	NA	NA
2583	11742	0.221312345227353	undirected	NA	NA
2583	11817	0.070606257885872	undirected	NA	NA
2583	12063	0.17535737172924	undirected	NA	NA
2583	12081	0.104467482872715	undirected	NA	NA
2583	13066	0.0899365271561962	undirected	NA	NA
2583	13109	0.119500051095025	undirected	NA	NA
2583	13720	0.146519479505015	undirected	NA	NA
2583	13828	0.239188737271838	undirected	NA	NA
2583	14684	0.127314175464026	undirected	NA	NA
2583	15074	0.164195213725936	undirected	NA	NA
2583	15413	0.212742019250349	undirected	NA	NA
2583	15639	0.170940265746088	undirected	NA	NA
2949	2990	0.222879302415003	undirected	NA	NA
2949	3014	0.229618445236106	undirected	NA	NA
2949	3034	0.208825460604386	undirected	NA	NA
2949	3254	0.0700425131457493	undirected	NA	NA
2949	3702	0.176732137724495	undirected	NA	NA
2949	4073	0.177785529090728	undirected	NA	NA
2949	4258	0.060157411014822	undirected	NA	NA
2949	4620	0.0594890723505241	undirected	NA	NA
2949	4766	0.225180383472862	undirected	NA	NA
2949	4817	0.165823665227219	undirected	NA	NA
2949	4886	0.208917163343582	undirected	NA	NA
2949	5879	0.281916636992451	undirected	NA	NA
2949	5887	0.1452014718248	undirected	NA	NA
2949	5910	0.223722618411783	undirected	NA	NA
2949	6066	0.140182879928034	undirected	NA	NA
2949	6086	0.260300332098358	undirected	NA	NA
2949	6343	0.199095191218499	undirected	NA	NA
2949	6932	0.163755015154365	undirected	NA	NA
2949	7005	0.231177224387138	undirected	NA	NA
2949	7172	0.224485711809297	undirected	NA	NA
2949	8503	0.170209418228582	undirected	NA	NA
2949	8732	0.110652680906592	undirected	NA	NA
2949	9092	0.314764123262441	undirected	NA	NA
2949	9139	0.271968541291015	undirected	NA	NA
2949	9148	0.240502976510719	undirected	NA	NA
2949	9257	0.138888221889913	undirected	NA	NA
2949	9288	0.085192322751021	undirected	NA	NA
2949	9314	0.0913717089856786	undirected	NA	NA
2949	10047	0.142160915666995	undirected	NA	NA
2949	10282	0.138147420987298	undirected	NA	NA
2949	10803	0.197153696469247	undirected	NA	NA
2949	11440	0.161859945175566	undirected	NA	NA
2949	11674	0.183232543386383	undirected	NA	NA
2949	11705	0.203760422656679	undirected	NA	NA
2949	11742	0.125012479973749	undirected	NA	NA
2949	11817	0.179811174631871	undirected	NA	NA
2949	12063	0.134796554721115	undirected	NA	NA
2949	12081	0.127453681681555	undirected	NA	NA
2949	13066	0.244780359843584	undirected	NA	NA
2949	13109	0.157402092829317	undirected	NA	NA
2949	13720	0.0680198978215308	undirected	NA	NA
2949	13828	0.111249299677625	undirected	NA	NA
2949	14684	0.190834512467206	undirected	NA	NA
2949	15074	0.299254993932044	undirected	NA	NA
2949	15413	0.238681781896594	undirected	NA	NA
2949	15639	0.252098456936615	undirected	NA	NA
2990	3014	0.238678900927479	undirected	NA	NA
2990	3034	0.229227980227575	undirected	NA	NA
2990	3254	0.173541001452829	undirected	NA	NA
2990	3702	0.226146723680112	undirected	NA	NA
2990	4073	0.207462411110251	undirected	NA	NA
2990	4258	0.215370137592276	undirected	NA	NA
2990	4620	0.137660130656922	undirected	NA	NA
2990	4766	0.282835076204429	undirected	NA	NA
2990	4817	0.236402991817472	undirected	NA	NA
2990	4886	0.269173110146106	undirected	NA	NA
2990	5879	0.212703726979036	undirected	NA	NA
2990	5887	0.337444351876853	undirected	NA	NA
2990	5910	0.291967914868921	undirected	NA	NA
2990	6066	0.318427938260935	undirected	NA	NA
2990	6086	0.302206286796862	undirected	NA	NA
2990	6343	0.272945308584521	undirected	NA	NA
2990	6932	0.275512582908199	undirected	NA	NA
2990	7005	0.284581438288263	undirected	NA	NA
2990	7172	0.30569357448256	undirected	NA	NA
2990	8503	0.193214314195468	undirected	NA	NA
2990	8732	0.20699103199049	undirected	NA	NA
2990	9092	0.324846623605323	undirected	NA	NA
2990	9139	0.303386574690108	undirected	NA	NA
2990	9148	0.223475578508681	undirected	NA	NA
2990	9257	0.178102106084946	undirected	NA	NA
2990	9288	0.266471380020669	undirected	NA	NA
2990	9314	0.133054694736451	undirected	NA	NA
2990	10047	0.255858628449372	undirected	NA	NA
2990	10282	0.210712922669667	undirected	NA	NA
2990	10803	0.286936704176465	undirected	NA	NA
2990	11440	0.258015856079124	undirected	NA	NA
2990	11674	0.284795807966228	undirected	NA	NA
2990	11705	0.248616729248577	undirected	NA	NA
2990	11742	0.159862355828903	undirected	NA	NA
2990	11817	0.24807191524575	undirected	NA	NA
2990	12063	0.139587702603881	undirected	NA	NA
2990	12081	0.298805564423454	undirected	NA	NA
2990	13066	0.269300566879516	undirected	NA	NA
2990	13109	0.220310399195116	undirected	NA	NA
2990	13720	0.103005571170994	undirected	NA	NA
2990	13828	0.237503128741355	undirected	NA	NA
2990	14684	0.32478253619167	undirected	NA	NA
2990	15074	0.154628647887073	undirected	NA	NA
2990	15413	0.218290200535642	undirected	NA	NA
2990	15639	0.311251817716334	undirected	NA	NA
3014	3034	0.212828742762925	undirected	NA	NA
3014	3254	0.202457432888143	undirected	NA	NA
3014	3702	0.254415127413687	undirected	NA	NA
3014	4073	0.290620324104782	undirected	NA	NA
3014	4258	0.207230094667132	undirected	NA	NA
3014	4620	0.208633930381845	undirected	NA	NA
3014	4766	0.244389077688295	undirected	NA	NA
3014	4817	0.157605144307579	undirected	NA	NA
3014	4886	0.283635570376929	undirected	NA	NA
3014	5879	0.257634725952727	undirected	NA	NA
3014	5887	0.261444174477116	undirected	NA	NA
3014	5910	0.248100980054061	undirected	NA	NA
3014	6066	0.256159415129929	undirected	NA	NA
3014	6086	0.323283440430394	undirected	NA	NA
3014	6343	0.20227429927879	undirected	NA	NA
3014	6932	0.302738895785255	undirected	NA	NA
3014	7005	0.266896566893814	undirected	NA	NA
3014	7172	0.233546553970659	undirected	NA	NA
3014	8503	0.177415173596719	undirected	NA	NA
3014	8732	0.216849970061232	undirected	NA	NA
3014	9092	0.294450569514558	undirected	NA	NA
3014	9139	0.244949492490118	undirected	NA	NA
3014	9148	0.221319442519433	undirected	NA	NA
3014	9257	0.268730062723268	undirected	NA	NA
3014	9288	0.226941749780574	undirected	NA	NA
3014	9314	0.228863679415306	undirected	NA	NA
3014	10047	0.216698595947966	undirected	NA	NA
3014	10282	0.195338251222863	undirected	NA	NA
3014	10803	0.2813085340056	undirected	NA	NA
3014	11440	0.307155186121215	undirected	NA	NA
3014	11674	0.313198303301197	undirected	NA	NA
3014	11705	0.193479656199809	undirected	NA	NA
3014	11742	0.218662864221472	undirected	NA	NA
3014	11817	0.17004947592165	undirected	NA	NA
3014	12063	0.192570964795853	undirected	NA	NA
3014	12081	0.264256141532652	undirected	NA	NA
3014	13066	0.191821713798504	undirected	NA	NA
3014	13109	0.239014037970445	undirected	NA	NA
3014	13720	0.159045950470573	undirected	NA	NA
3014	13828	0.245153332514825	undirected	NA	NA
3014	14684	0.249254871250427	undirected	NA	NA
3014	15074	0.205132290456521	undirected	NA	NA
3014	15413	0.239231609483255	undirected	NA	NA
3014	15639	0.24247668517886	undirected	NA	NA
3034	3254	0.0605809233508288	undirected	NA	NA
3034	3702	0.156304198579206	undirected	NA	NA
3034	4073	0.134625693690233	undirected	NA	NA
3034	4258	0.0463867117173083	undirected	NA	NA
3034	4620	0.0455329256235288	undirected	NA	NA
3034	4766	0.278370903573643	undirected	NA	NA
3034	4817	0.164665953822115	undirected	NA	NA
3034	4886	0.172248084585736	undirected	NA	NA
3034	5879	0.199047340864658	undirected	NA	NA
3034	5887	0.246118978727823	undirected	NA	NA
3034	5910	0.228959686357636	undirected	NA	NA
3034	6066	0.262685167852198	undirected	NA	NA
3034	6086	0.170170999782887	undirected	NA	NA
3034	6343	0.174072020115954	undirected	NA	NA
3034	6932	0.097237732350611	undirected	NA	NA
3034	7005	0.250989909921221	undirected	NA	NA
3034	7172	0.263617671206002	undirected	NA	NA
3034	8503	0.26144861975328	undirected	NA	NA
3034	8732	0.12225544868846	undirected	NA	NA
3034	9092	0.199124535666596	undirected	NA	NA
3034	9139	0.170375548553162	undirected	NA	NA
3034	9148	0.167737566951088	undirected	NA	NA
3034	9257	0.0789714210655028	undirected	NA	NA
3034	9288	0.150097417741839	undirected	NA	NA
3034	9314	0.0587695783815339	undirected	NA	NA
3034	10047	0.147550237964903	undirected	NA	NA
3034	10282	0.162242968367943	undirected	NA	NA
3034	10803	0.259045388940452	undirected	NA	NA
3034	11440	0.0971049750145505	undirected	NA	NA
3034	11674	0.118571242204641	undirected	NA	NA
3034	11705	0.18268688046803	undirected	NA	NA
3034	11742	0.0687796141343221	undirected	NA	NA
3034	11817	0.200121805759166	undirected	NA	NA
3034	12063	0.0726977282033183	undirected	NA	NA
3034	12081	0.201108462159149	undirected	NA	NA
3034	13066	0.197591040696272	undirected	NA	NA
3034	13109	0.191948161297364	undirected	NA	NA
3034	13720	0.0657114282709068	undirected	NA	NA
3034	13828	0.083383736269149	undirected	NA	NA
3034	14684	0.239496879003395	undirected	NA	NA
3034	15074	0.172089089282033	undirected	NA	NA
3034	15413	0.23032065782914	undirected	NA	NA
3034	15639	0.162319084367318	undirected	NA	NA
3254	3702	0.116228101316107	undirected	NA	NA
3254	4073	0.13141654274571	undirected	NA	NA
3254	4258	0.249946431624235	undirected	NA	NA
3254	4620	0.193354780539882	undirected	NA	NA
3254	4766	0.142022022654542	undirected	NA	NA
3254	4817	0.0706789464812326	undirected	NA	NA
3254	4886	0.214782545226548	undirected	NA	NA
3254	5879	0.139990145515095	undirected	NA	NA
3254	5887	0.185045376658756	undirected	NA	NA
3254	5910	0.18299207366664	undirected	NA	NA
3254	6066	0.166741986599629	undirected	NA	NA
3254	6086	0.163923044224353	undirected	NA	NA
3254	6343	0.0793423445185839	undirected	NA	NA
3254	6932	0.243726672990798	undirected	NA	NA
3254	7005	0.195046190150681	undirected	NA	NA
3254	7172	0.148943752369582	undirected	NA	NA
3254	8503	0.0798703710478612	undirected	NA	NA
3254	8732	0.254263959526416	undirected	NA	NA
3254	9092	0.124483138208638	undirected	NA	NA
3254	9139	0.107916157886339	undirected	NA	NA
3254	9148	0.0902314889021007	undirected	NA	NA
3254	9257	0.214194824168006	undirected	NA	NA
3254	9288	0.211131811989469	undirected	NA	NA
3254	9314	0.182633168686203	undirected	NA	NA
3254	10047	0.212766583736097	undirected	NA	NA
3254	10282	0.139732215338081	undirected	NA	NA
3254	10803	0.191498920779565	undirected	NA	NA
3254	11440	0.224155804666044	undirected	NA	NA
3254	11674	0.191889270489547	undirected	NA	NA
3254	11705	0.0901693649945982	undirected	NA	NA
3254	11742	0.183161597910743	undirected	NA	NA
3254	11817	0.0971044871320241	undirected	NA	NA
3254	12063	0.131333069459831	undirected	NA	NA
3254	12081	0.213514604505035	undirected	NA	NA
3254	13066	0.0651368766212902	undirected	NA	NA
3254	13109	0.173779419708915	undirected	NA	NA
3254	13720	0.20294168802053	undirected	NA	NA
3254	13828	0.221267017885276	undirected	NA	NA
3254	14684	0.179532122967039	undirected	NA	NA
3254	15074	0.069870420210653	undirected	NA	NA
3254	15413	0.177535162275835	undirected	NA	NA
3254	15639	0.117646635493212	undirected	NA	NA
3702	4073	0.247271888997758	undirected	NA	NA
3702	4258	0.0949022264082081	undirected	NA	NA
3702	4620	0.160736200615718	undirected	NA	NA
3702	4766	0.240282478249768	undirected	NA	NA
3702	4817	0.157741938177778	undirected	NA	NA
3702	4886	0.222472881421231	undirected	NA	NA
3702	5879	0.181107495318927	undirected	NA	NA
3702	5887	0.228948832592952	undirected	NA	NA
3702	5910	0.23941336548193	undirected	NA	NA
3702	6066	0.215484300941513	undirected	NA	NA
3702	6086	0.235166439294584	undirected	NA	NA
3702	6343	0.164861664538514	undirected	NA	NA
3702	6932	0.179403822700854	undirected	NA	NA
3702	7005	0.239645134970135	undirected	NA	NA
3702	7172	0.208036145608021	undirected	NA	NA
3702	8503	0.168923208852156	undirected	NA	NA
3702	8732	0.177988140862863	undirected	NA	NA
3702	9092	0.205408813986527	undirected	NA	NA
3702	9139	0.144489279284769	undirected	NA	NA
3702	9148	0.151742514966633	undirected	NA	NA
3702	9257	0.177336602028655	undirected	NA	NA
3702	9288	0.216794345957198	undirected	NA	NA
3702	9314	0.173054826648518	undirected	NA	NA
3702	10047	0.168782285054736	undirected	NA	NA
3702	10282	0.229318624200479	undirected	NA	NA
3702	10803	0.271716902468081	undirected	NA	NA
3702	11440	0.210327750860177	undirected	NA	NA
3702	11674	0.231880068632737	undirected	NA	NA
3702	11705	0.108712201602478	undirected	NA	NA
3702	11742	0.14347757727341	undirected	NA	NA
3702	11817	0.192807379738187	undirected	NA	NA
3702	12063	0.153608025486332	undirected	NA	NA
3702	12081	0.255356832006615	undirected	NA	NA
3702	13066	0.114320712396441	undirected	NA	NA
3702	13109	0.25917165756036	undirected	NA	NA
3702	13720	0.161905535184423	undirected	NA	NA
3702	13828	0.12023027602684	undirected	NA	NA
3702	14684	0.22666095592838	undirected	NA	NA
3702	15074	0.136059381009925	undirected	NA	NA
3702	15413	0.205579491726783	undirected	NA	NA
3702	15639	0.13833895712488	undirected	NA	NA
4073	4258	0.0773719817642937	undirected	NA	NA
4073	4620	0.178675913337797	undirected	NA	NA
4073	4766	0.207581549815606	undirected	NA	NA
4073	4817	0.141469718904887	undirected	NA	NA
4073	4886	0.26494864606437	undirected	NA	NA
4073	5879	0.257494045283726	undirected	NA	NA
4073	5887	0.153728798230089	undirected	NA	NA
4073	5910	0.22625199072469	undirected	NA	NA
4073	6066	0.138666110056311	undirected	NA	NA
4073	6086	0.280493690528903	undirected	NA	NA
4073	6343	0.16786679495308	undirected	NA	NA
4073	6932	0.19689994796659	undirected	NA	NA
4073	7005	0.226792770912947	undirected	NA	NA
4073	7172	0.173433378542551	undirected	NA	NA
4073	8503	0.133387975503518	undirected	NA	NA
4073	8732	0.167354964221745	undirected	NA	NA
4073	9092	0.224780123062924	undirected	NA	NA
4073	9139	0.142025771515701	undirected	NA	NA
4073	9148	0.160999649545131	undirected	NA	NA
4073	9257	0.19897179718172	undirected	NA	NA
4073	9288	0.145325336069262	undirected	NA	NA
4073	9314	0.199249394158231	undirected	NA	NA
4073	10047	0.156170157729997	undirected	NA	NA
4073	10282	0.212573366973786	undirected	NA	NA
4073	10803	0.235808516413438	undirected	NA	NA
4073	11440	0.238480217624674	undirected	NA	NA
4073	11674	0.251222929161095	undirected	NA	NA
4073	11705	0.110371762929106	undirected	NA	NA
4073	11742	0.184379763425295	undirected	NA	NA
4073	11817	0.164116588761645	undirected	NA	NA
4073	12063	0.208305479570676	undirected	NA	NA
4073	12081	0.187543564924282	undirected	NA	NA
4073	13066	0.109741289723338	undirected	NA	NA
4073	13109	0.246138319448873	undirected	NA	NA
4073	13720	0.190743939941694	undirected	NA	NA
4073	13828	0.104670863657226	undirected	NA	NA
4073	14684	0.180922977619	undirected	NA	NA
4073	15074	0.195614948744383	undirected	NA	NA
4073	15413	0.223789962423475	undirected	NA	NA
4073	15639	0.13607302135544	undirected	NA	NA
4258	4620	0.119400761069814	undirected	NA	NA
4258	4766	0.160393755600525	undirected	NA	NA
4258	4817	0.0848997228207927	undirected	NA	NA
4258	4886	0.23580966368861	undirected	NA	NA
4258	5879	0.157443754990036	undirected	NA	NA
4258	5887	0.21275485179018	undirected	NA	NA
4258	5910	0.217132123643767	undirected	NA	NA
4258	6066	0.189723041603437	undirected	NA	NA
4258	6086	0.13523300078117	undirected	NA	NA
4258	6343	0.0863675447123767	undirected	NA	NA
4258	6932	0.201810238931088	undirected	NA	NA
4258	7005	0.226819019343348	undirected	NA	NA
4258	7172	0.193600649210668	undirected	NA	NA
4258	8503	0.086661400091606	undirected	NA	NA
4258	8732	0.279883181979328	undirected	NA	NA
4258	9092	0.114641691510327	undirected	NA	NA
4258	9139	0.112225734945303	undirected	NA	NA
4258	9148	0.0872995244988154	undirected	NA	NA
4258	9257	0.148434662286558	undirected	NA	NA
4258	9288	0.206126417933365	undirected	NA	NA
4258	9314	0.106716955692125	undirected	NA	NA
4258	10047	0.268269575807322	undirected	NA	NA
4258	10282	0.131142798172329	undirected	NA	NA
4258	10803	0.195302208825557	undirected	NA	NA
4258	11440	0.160835670540915	undirected	NA	NA
4258	11674	0.137533896751775	undirected	NA	NA
4258	11705	0.13297851692794	undirected	NA	NA
4258	11742	0.155077575731803	undirected	NA	NA
4258	11817	0.114462770684624	undirected	NA	NA
4258	12063	0.10158911216463	undirected	NA	NA
4258	12081	0.212937822022418	undirected	NA	NA
4258	13066	0.080749424043165	undirected	NA	NA
4258	13109	0.15723465778627	undirected	NA	NA
4258	13720	0.156333071437782	undirected	NA	NA
4258	13828	0.213414910094512	undirected	NA	NA
4258	14684	0.221124029891152	undirected	NA	NA
4258	15074	0.059676120608079	undirected	NA	NA
4258	15413	0.203193599848208	undirected	NA	NA
4258	15639	0.1304260678693	undirected	NA	NA
4620	4766	0.100697798434835	undirected	NA	NA
4620	4817	0.0772490431643601	undirected	NA	NA
4620	4886	0.233521284769073	undirected	NA	NA
4620	5879	0.159914163189261	undirected	NA	NA
4620	5887	0.0835022696798976	undirected	NA	NA
4620	5910	0.154187891047661	undirected	NA	NA
4620	6066	0.0641161232681296	undirected	NA	NA
4620	6086	0.21225691988636	undirected	NA	NA
4620	6343	0.0923698803283874	undirected	NA	NA
4620	6932	0.23168121385514	undirected	NA	NA
4620	7005	0.140225991268838	undirected	NA	NA
4620	7172	0.0901118818599741	undirected	NA	NA
4620	8503	0.0431717543404805	undirected	NA	NA
4620	8732	0.173697720219528	undirected	NA	NA
4620	9092	0.132561550352988	undirected	NA	NA
4620	9139	0.0777907263151771	undirected	NA	NA
4620	9148	0.0711377595374436	undirected	NA	NA
4620	9257	0.250544932801044	undirected	NA	NA
4620	9288	0.117216135788339	undirected	NA	NA
4620	9314	0.254187240648192	undirected	NA	NA
4620	10047	0.139580179969652	undirected	NA	NA
4620	10282	0.153385962065508	undirected	NA	NA
4620	10803	0.134647792617571	undirected	NA	NA
4620	11440	0.276318433789086	undirected	NA	NA
4620	11674	0.249347294041212	undirected	NA	NA
4620	11705	0.0539071672969959	undirected	NA	NA
4620	11742	0.198114503899123	undirected	NA	NA
4620	11817	0.0891756499563949	undirected	NA	NA
4620	12063	0.216637123873343	undirected	NA	NA
4620	12081	0.129922871584371	undirected	NA	NA
4620	13066	0.0408189659362323	undirected	NA	NA
4620	13109	0.166515345341905	undirected	NA	NA
4620	13720	0.246477975726807	undirected	NA	NA
4620	13828	0.108642015411787	undirected	NA	NA
4620	14684	0.110415541366701	undirected	NA	NA
4620	15074	0.0798384875106192	undirected	NA	NA
4620	15413	0.135062307858153	undirected	NA	NA
4620	15639	0.0824922400615142	undirected	NA	NA
4766	4817	0.227986043144287	undirected	NA	NA
4766	4886	0.250892838779102	undirected	NA	NA
4766	5879	0.22335763536764	undirected	NA	NA
4766	5887	0.312817400484313	undirected	NA	NA
4766	5910	0.281963939148594	undirected	NA	NA
4766	6066	0.319753983742737	undirected	NA	NA
4766	6086	0.283339784341463	undirected	NA	NA
4766	6343	0.264662544339453	undirected	NA	NA
4766	6932	0.223736560846088	undirected	NA	NA
4766	7005	0.263005718508169	undirected	NA	NA
4766	7172	0.269548225287204	undirected	NA	NA
4766	8503	0.218689432048455	undirected	NA	NA
4766	8732	0.185932778171403	undirected	NA	NA
4766	9092	0.30867350418047	undirected	NA	NA
4766	9139	0.283212931630222	undirected	NA	NA
4766	9148	0.198537513778499	undirected	NA	NA
4766	9257	0.14455223842842	undirected	NA	NA
4766	9288	0.228797514050015	undirected	NA	NA
4766	9314	0.109991598266893	undirected	NA	NA
4766	10047	0.232842309021206	undirected	NA	NA
4766	10282	0.214154055680946	undirected	NA	NA
4766	10803	0.270485725175914	undirected	NA	NA
4766	11440	0.215885198646243	undirected	NA	NA
4766	11674	0.248284155880974	undirected	NA	NA
4766	11705	0.25559962665946	undirected	NA	NA
4766	11742	0.112879364341541	undirected	NA	NA
4766	11817	0.246574844856123	undirected	NA	NA
4766	12063	0.101668565891506	undirected	NA	NA
4766	12081	0.266024575648573	undirected	NA	NA
4766	13066	0.281148964931094	undirected	NA	NA
4766	13109	0.208280514464387	undirected	NA	NA
4766	13720	0.0912486162586187	undirected	NA	NA
4766	13828	0.181939984388598	undirected	NA	NA
4766	14684	0.274384961705879	undirected	NA	NA
4766	15074	0.181699996401826	undirected	NA	NA
4766	15413	0.234843818551175	undirected	NA	NA
4766	15639	0.281818258745363	undirected	NA	NA
4817	4886	0.143858153550506	undirected	NA	NA
4817	5879	0.102472234811575	undirected	NA	NA
4817	5887	0.248191989946456	undirected	NA	NA
4817	5910	0.229728851738338	undirected	NA	NA
4817	6066	0.219428466527391	undirected	NA	NA
4817	6086	0.194130416771982	undirected	NA	NA
4817	6343	0.236374856825926	undirected	NA	NA
4817	6932	0.137541957942042	undirected	NA	NA
4817	7005	0.197845800319375	undirected	NA	NA
4817	7172	0.233025658763291	undirected	NA	NA
4817	8503	0.147127871989588	undirected	NA	NA
4817	8732	0.12347171655021	undirected	NA	NA
4817	9092	0.218450522448235	undirected	NA	NA
4817	9139	0.177751683834188	undirected	NA	NA
4817	9148	0.145920384909287	undirected	NA	NA
4817	9257	0.0837306520804005	undirected	NA	NA
4817	9288	0.20741198214785	undirected	NA	NA
4817	9314	0.0680567277424724	undirected	NA	NA
4817	10047	0.147720986138801	undirected	NA	NA
4817	10282	0.193156037662386	undirected	NA	NA
4817	10803	0.212166348585671	undirected	NA	NA
4817	11440	0.145421112334186	undirected	NA	NA
4817	11674	0.183658406000867	undirected	NA	NA
4817	11705	0.123910581338842	undirected	NA	NA
4817	11742	0.0797059328051845	undirected	NA	NA
4817	11817	0.247780315312488	undirected	NA	NA
4817	12063	0.0888618067414847	undirected	NA	NA
4817	12081	0.231833829318646	undirected	NA	NA
4817	13066	0.16984965139889	undirected	NA	NA
4817	13109	0.178625116614145	undirected	NA	NA
4817	13720	0.0646919876873349	undirected	NA	NA
4817	13828	0.098464553573972	undirected	NA	NA
4817	14684	0.252332473295382	undirected	NA	NA
4817	15074	0.0821308390501637	undirected	NA	NA
4817	15413	0.133357491867229	undirected	NA	NA
4817	15639	0.178135778906199	undirected	NA	NA
4886	5879	0.233571515961587	undirected	NA	NA
4886	5887	0.269697131437348	undirected	NA	NA
4886	5910	0.278393393566422	undirected	NA	NA
4886	6066	0.25217160755091	undirected	NA	NA
4886	6086	0.308357402904474	undirected	NA	NA
4886	6343	0.184772468614329	undirected	NA	NA
4886	6932	0.322769579438979	undirected	NA	NA
4886	7005	0.289433752105609	undirected	NA	NA
4886	7172	0.251362385151761	undirected	NA	NA
4886	8503	0.162213663258779	undirected	NA	NA
4886	8732	0.255610830633528	undirected	NA	NA
4886	9092	0.277887461982575	undirected	NA	NA
4886	9139	0.236230223718842	undirected	NA	NA
4886	9148	0.220475279696946	undirected	NA	NA
4886	9257	0.286951007007794	undirected	NA	NA
4886	9288	0.24356390807198	undirected	NA	NA
4886	9314	0.238458935061316	undirected	NA	NA
4886	10047	0.246448265788761	undirected	NA	NA
4886	10282	0.209503025649228	undirected	NA	NA
4886	10803	0.288822950465547	undirected	NA	NA
4886	11440	0.317815406061101	undirected	NA	NA
4886	11674	0.312592296943537	undirected	NA	NA
4886	11705	0.177037051224751	undirected	NA	NA
4886	11742	0.256742424935777	undirected	NA	NA
4886	11817	0.183682890468158	undirected	NA	NA
4886	12063	0.219805742569015	undirected	NA	NA
4886	12081	0.278619817610908	undirected	NA	NA
4886	13066	0.171334034248498	undirected	NA	NA
4886	13109	0.24852698623095	undirected	NA	NA
4886	13720	0.181358404335625	undirected	NA	NA
4886	13828	0.276613563553311	undirected	NA	NA
4886	14684	0.272910135326347	undirected	NA	NA
4886	15074	0.172993799690422	undirected	NA	NA
4886	15413	0.256503915823491	undirected	NA	NA
4886	15639	0.238707367324013	undirected	NA	NA
5879	5887	0.2060211323015	undirected	NA	NA
5879	5910	0.220861617325998	undirected	NA	NA
5879	6066	0.213598471042339	undirected	NA	NA
5879	6086	0.265839606138582	undirected	NA	NA
5879	6343	0.13358230430589	undirected	NA	NA
5879	6932	0.252576143914358	undirected	NA	NA
5879	7005	0.259260596997251	undirected	NA	NA
5879	7172	0.219270862212617	undirected	NA	NA
5879	8503	0.181791057077425	undirected	NA	NA
5879	8732	0.188111398978629	undirected	NA	NA
5879	9092	0.265038451616221	undirected	NA	NA
5879	9139	0.248489465269445	undirected	NA	NA
5879	9148	0.277719312317428	undirected	NA	NA
5879	9257	0.261621919888091	undirected	NA	NA
5879	9288	0.148364937207776	undirected	NA	NA
5879	9314	0.200402606247028	undirected	NA	NA
5879	10047	0.190693466458196	undirected	NA	NA
5879	10282	0.146181222836552	undirected	NA	NA
5879	10803	0.246643524691579	undirected	NA	NA
5879	11440	0.241150869221395	undirected	NA	NA
5879	11674	0.234441308395532	undirected	NA	NA
5879	11705	0.185666063033101	undirected	NA	NA
5879	11742	0.232264812442838	undirected	NA	NA
5879	11817	0.133941929858932	undirected	NA	NA
5879	12063	0.193983740310227	undirected	NA	NA
5879	12081	0.191631577602359	undirected	NA	NA
5879	13066	0.188654321434749	undirected	NA	NA
5879	13109	0.194667661465411	undirected	NA	NA
5879	13720	0.127875207030862	undirected	NA	NA
5879	13828	0.249720160672102	undirected	NA	NA
5879	14684	0.210381814764354	undirected	NA	NA
5879	15074	0.273041700035843	undirected	NA	NA
5879	15413	0.271856441955595	undirected	NA	NA
5879	15639	0.234693568921213	undirected	NA	NA
5887	5910	0.330959957298788	undirected	NA	NA
5887	6066	0.299299289111317	undirected	NA	NA
5887	6086	0.248936698722776	undirected	NA	NA
5887	6343	0.266203524068213	undirected	NA	NA
5887	6932	0.220929416988034	undirected	NA	NA
5887	7005	0.31138384670258	undirected	NA	NA
5887	7172	0.334480733882403	undirected	NA	NA
5887	8503	0.250308564339252	undirected	NA	NA
5887	8732	0.248712843545743	undirected	NA	NA
5887	9092	0.267101676887603	undirected	NA	NA
5887	9139	0.260915663924285	undirected	NA	NA
5887	9148	0.13356094512464	undirected	NA	NA
5887	9257	0.116337406639261	undirected	NA	NA
5887	9288	0.230108227625154	undirected	NA	NA
5887	9314	0.086043353996587	undirected	NA	NA
5887	10047	0.303746417840935	undirected	NA	NA
5887	10282	0.246846293852642	undirected	NA	NA
5887	10803	0.280471896926489	undirected	NA	NA
5887	11440	0.199524566110072	undirected	NA	NA
5887	11674	0.225518156795394	undirected	NA	NA
5887	11705	0.285749238132969	undirected	NA	NA
5887	11742	0.0817824410833565	undirected	NA	NA
5887	11817	0.284691677718996	undirected	NA	NA
5887	12063	0.0637133915390569	undirected	NA	NA
5887	12081	0.26297124324557	undirected	NA	NA
5887	13066	0.277919896838728	undirected	NA	NA
5887	13109	0.242232849190575	undirected	NA	NA
5887	13720	0.109388344469561	undirected	NA	NA
5887	13828	0.18150965035985	undirected	NA	NA
5887	14684	0.330769117477307	undirected	NA	NA
5887	15074	0.131131661830157	undirected	NA	NA
5887	15413	0.258695996863604	undirected	NA	NA
5887	15639	0.274140048297596	undirected	NA	NA
5910	6066	0.312293255185808	undirected	NA	NA
5910	6086	0.31367929258277	undirected	NA	NA
5910	6343	0.268880415971486	undirected	NA	NA
5910	6932	0.285684208759112	undirected	NA	NA
5910	7005	0.286308836572653	undirected	NA	NA
5910	7172	0.296619852374687	undirected	NA	NA
5910	8503	0.192473713125433	undirected	NA	NA
5910	8732	0.213764679446676	undirected	NA	NA
5910	9092	0.324345661143984	undirected	NA	NA
5910	9139	0.292359905453862	undirected	NA	NA
5910	9148	0.221710500897742	undirected	NA	NA
5910	9257	0.194702079997528	undirected	NA	NA
5910	9288	0.270586223644551	undirected	NA	NA
5910	9314	0.150625773458129	undirected	NA	NA
5910	10047	0.253740957823372	undirected	NA	NA
5910	10282	0.217426711435529	undirected	NA	NA
5910	10803	0.293315892546424	undirected	NA	NA
5910	11440	0.274005136227857	undirected	NA	NA
5910	11674	0.299608400604953	undirected	NA	NA
5910	11705	0.237123668802989	undirected	NA	NA
5910	11742	0.171029328435243	undirected	NA	NA
5910	11817	0.241572783740953	undirected	NA	NA
5910	12063	0.15093824578911	undirected	NA	NA
5910	12081	0.303481867495529	undirected	NA	NA
5910	13066	0.25387808510928	undirected	NA	NA
5910	13109	0.231788875470642	undirected	NA	NA
5910	13720	0.115637535431691	undirected	NA	NA
5910	13828	0.238567142660363	undirected	NA	NA
5910	14684	0.317927599745371	undirected	NA	NA
5910	15074	0.160431929714327	undirected	NA	NA
5910	15413	0.222925513481441	undirected	NA	NA
5910	15639	0.298628869235068	undirected	NA	NA
6066	6086	0.224898515322614	undirected	NA	NA
6066	6343	0.237504961434344	undirected	NA	NA
6066	6932	0.194019125384683	undirected	NA	NA
6066	7005	0.314382868699975	undirected	NA	NA
6066	7172	0.337886602729543	undirected	NA	NA
6066	8503	0.287798625812666	undirected	NA	NA
6066	8732	0.236499923458969	undirected	NA	NA
6066	9092	0.248930244920386	undirected	NA	NA
6066	9139	0.255777653188473	undirected	NA	NA
6066	9148	0.123479032976317	undirected	NA	NA
6066	9257	0.100825823806831	undirected	NA	NA
6066	9288	0.217899626202078	undirected	NA	NA
6066	9314	0.0722043520517649	undirected	NA	NA
6066	10047	0.290017120186702	undirected	NA	NA
6066	10282	0.224504135012394	undirected	NA	NA
6066	10803	0.287170634707448	undirected	NA	NA
6066	11440	0.170470571495997	undirected	NA	NA
6066	11674	0.192342336782799	undirected	NA	NA
6066	11705	0.30605476492512	undirected	NA	NA
6066	11742	0.0660714174454126	undirected	NA	NA
6066	11817	0.260566772329942	undirected	NA	NA
6066	12063	0.0491537339133334	undirected	NA	NA
6066	12081	0.256028401751547	undirected	NA	NA
6066	13066	0.290253636274132	undirected	NA	NA
6066	13109	0.235072491350609	undirected	NA	NA
6066	13720	0.0993423937658704	undirected	NA	NA
6066	13828	0.166303809516053	undirected	NA	NA
6066	14684	0.322518850555973	undirected	NA	NA
6066	15074	0.145119008422413	undirected	NA	NA
6066	15413	0.273753949938684	undirected	NA	NA
6066	15639	0.265174960548695	undirected	NA	NA
6086	6343	0.213040282562103	undirected	NA	NA
6086	6932	0.249343611233846	undirected	NA	NA
6086	7005	0.308889307567873	undirected	NA	NA
6086	7172	0.271913770562331	undirected	NA	NA
6086	8503	0.177961601462074	undirected	NA	NA
6086	8732	0.22831792137539	undirected	NA	NA
6086	9092	0.26972709649657	undirected	NA	NA
6086	9139	0.214353025734591	undirected	NA	NA
6086	9148	0.255222430200119	undirected	NA	NA
6086	9257	0.253117065634677	undirected	NA	NA
6086	9288	0.21347420845582	undirected	NA	NA
6086	9314	0.21908932401673	undirected	NA	NA
6086	10047	0.235017613278023	undirected	NA	NA
6086	10282	0.245651280664732	undirected	NA	NA
6086	10803	0.302422699387363	undirected	NA	NA
6086	11440	0.267184259064311	undirected	NA	NA
6086	11674	0.27895403401738	undirected	NA	NA
6086	11705	0.171678186271364	undirected	NA	NA
6086	11742	0.250831705224889	undirected	NA	NA
6086	11817	0.231102360198594	undirected	NA	NA
6086	12063	0.252844473421231	undirected	NA	NA
6086	12081	0.263804956190543	undirected	NA	NA
6086	13066	0.163789362521716	undirected	NA	NA
6086	13109	0.274612391495363	undirected	NA	NA
6086	13720	0.174411954511595	undirected	NA	NA
6086	13828	0.203864082174653	undirected	NA	NA
6086	14684	0.282495693630904	undirected	NA	NA
6086	15074	0.178779838636817	undirected	NA	NA
6086	15413	0.276509234462334	undirected	NA	NA
6086	15639	0.206079760237776	undirected	NA	NA
6343	6932	0.152128010050202	undirected	NA	NA
6343	7005	0.238632420951472	undirected	NA	NA
6343	7172	0.265296137017948	undirected	NA	NA
6343	8503	0.171936628500363	undirected	NA	NA
6343	8732	0.147386225897577	undirected	NA	NA
6343	9092	0.236015870107304	undirected	NA	NA
6343	9139	0.190843093403718	undirected	NA	NA
6343	9148	0.175891906117924	undirected	NA	NA
6343	9257	0.105374612266269	undirected	NA	NA
6343	9288	0.21713423780686	undirected	NA	NA
6343	9314	0.0864288978677738	undirected	NA	NA
6343	10047	0.173581603576526	undirected	NA	NA
6343	10282	0.220071412423875	undirected	NA	NA
6343	10803	0.24976797731415	undirected	NA	NA
6343	11440	0.162242355888567	undirected	NA	NA
6343	11674	0.198785270161712	undirected	NA	NA
6343	11705	0.133565988242951	undirected	NA	NA
6343	11742	0.101758668055942	undirected	NA	NA
6343	11817	0.270182251238507	undirected	NA	NA
6343	12063	0.113049156993968	undirected	NA	NA
6343	12081	0.252874530507	undirected	NA	NA
6343	13066	0.172607670006493	undirected	NA	NA
6343	13109	0.212618746069221	undirected	NA	NA
6343	13720	0.0832613387047065	undirected	NA	NA
6343	13828	0.112456011639548	undirected	NA	NA
6343	14684	0.280356512014618	undirected	NA	NA
6343	15074	0.10277055362047	undirected	NA	NA
6343	15413	0.172448642856891	undirected	NA	NA
6343	15639	0.187467037236244	undirected	NA	NA
6932	7005	0.288264348654505	undirected	NA	NA
6932	7172	0.236643476409423	undirected	NA	NA
6932	8503	0.123606459952867	undirected	NA	NA
6932	8732	0.281128575811319	undirected	NA	NA
6932	9092	0.212629275066019	undirected	NA	NA
6932	9139	0.176195980156108	undirected	NA	NA
6932	9148	0.199564590196071	undirected	NA	NA
6932	9257	0.274367382938355	undirected	NA	NA
6932	9288	0.204643993495288	undirected	NA	NA
6932	9314	0.221210762756936	undirected	NA	NA
6932	10047	0.273449301532249	undirected	NA	NA
6932	10282	0.197079561986704	undirected	NA	NA
6932	10803	0.257538699315979	undirected	NA	NA
6932	11440	0.262254573719752	undirected	NA	NA
6932	11674	0.240515115780104	undirected	NA	NA
6932	11705	0.163358727511938	undirected	NA	NA
6932	11742	0.298297846879934	undirected	NA	NA
6932	11817	0.170826766902186	undirected	NA	NA
6932	12063	0.254853269681766	undirected	NA	NA
6932	12081	0.238638749557957	undirected	NA	NA
6932	13066	0.127086055054385	undirected	NA	NA
6932	13109	0.228906704896532	undirected	NA	NA
6932	13720	0.200425519336354	undirected	NA	NA
6932	13828	0.267524918312001	undirected	NA	NA
6932	14684	0.255859294616415	undirected	NA	NA
6932	15074	0.132863510279795	undirected	NA	NA
6932	15413	0.268610618540898	undirected	NA	NA
6932	15639	0.188311293489243	undirected	NA	NA
7005	7172	0.273585056832129	undirected	NA	NA
7005	8503	0.203605156837262	undirected	NA	NA
7005	8732	0.220771036957565	undirected	NA	NA
7005	9092	0.321159081123931	undirected	NA	NA
7005	9139	0.306294336690573	undirected	NA	NA
7005	9148	0.2255586886505	undirected	NA	NA
7005	9257	0.203635577037323	undirected	NA	NA
7005	9288	0.235904900815059	undirected	NA	NA
7005	9314	0.152430937610042	undirected	NA	NA
7005	10047	0.264908017479592	undirected	NA	NA
7005	10282	0.203959556922416	undirected	NA	NA
7005	10803	0.281057793551753	undirected	NA	NA
7005	11440	0.26634647463711	undirected	NA	NA
7005	11674	0.281424176340389	undirected	NA	NA
7005	11705	0.27225435896099	undirected	NA	NA
7005	11742	0.165966196651816	undirected	NA	NA
7005	11817	0.218014067383897	undirected	NA	NA
7005	12063	0.135135275401317	undirected	NA	NA
7005	12081	0.272595760756738	undirected	NA	NA
7005	13066	0.272323582020234	undirected	NA	NA
7005	13109	0.211132716051355	undirected	NA	NA
7005	13720	0.113557199476907	undirected	NA	NA
7005	13828	0.256722291347055	undirected	NA	NA
7005	14684	0.283078588157972	undirected	NA	NA
7005	15074	0.19981472364642	undirected	NA	NA
7005	15413	0.259426481334339	undirected	NA	NA
7005	15639	0.309083680949733	undirected	NA	NA
7172	8503	0.213008051302289	undirected	NA	NA
7172	8732	0.194748061408969	undirected	NA	NA
7172	9092	0.319716046124222	undirected	NA	NA
7172	9139	0.328792167451636	undirected	NA	NA
7172	9148	0.2169296637369	undirected	NA	NA
7172	9257	0.137956443524163	undirected	NA	NA
7172	9288	0.228942396692366	undirected	NA	NA
7172	9314	0.0946411271199873	undirected	NA	NA
7172	10047	0.260763514204565	undirected	NA	NA
7172	10282	0.19551213212239	undirected	NA	NA
7172	10803	0.263690767271358	undirected	NA	NA
7172	11440	0.208973029635918	undirected	NA	NA
7172	11674	0.235704010007536	undirected	NA	NA
7172	11705	0.302424038336171	undirected	NA	NA
7172	11742	0.117226816768942	undirected	NA	NA
7172	11817	0.253092906668291	undirected	NA	NA
7172	12063	0.0971365881789645	undirected	NA	NA
7172	12081	0.263981867618799	undirected	NA	NA
7172	13066	0.324600327272771	undirected	NA	NA
7172	13109	0.187159582877879	undirected	NA	NA
7172	13720	0.0778968645979341	undirected	NA	NA
7172	13828	0.219982274441965	undirected	NA	NA
7172	14684	0.301498165517473	undirected	NA	NA
7172	15074	0.171168723502217	undirected	NA	NA
7172	15413	0.239523619903762	undirected	NA	NA
7172	15639	0.334701463300918	undirected	NA	NA
8503	8732	0.12159374796109	undirected	NA	NA
8503	9092	0.20928942624479	undirected	NA	NA
8503	9139	0.207101003706075	undirected	NA	NA
8503	9148	0.131404242441041	undirected	NA	NA
8503	9257	0.0778732142062377	undirected	NA	NA
8503	9288	0.155383185244437	undirected	NA	NA
8503	9314	0.0562136293658235	undirected	NA	NA
8503	10047	0.154908692508272	undirected	NA	NA
8503	10282	0.141675770662183	undirected	NA	NA
8503	10803	0.213067516213233	undirected	NA	NA
8503	11440	0.115977465297005	undirected	NA	NA
8503	11674	0.137226688362825	undirected	NA	NA
8503	11705	0.221513904394006	undirected	NA	NA
8503	11742	0.0529705497553764	undirected	NA	NA
8503	11817	0.168165877233207	undirected	NA	NA
8503	12063	0.0463361480000396	undirected	NA	NA
8503	12081	0.190267541935104	undirected	NA	NA
8503	13066	0.242137652943165	undirected	NA	NA
8503	13109	0.153413906589633	undirected	NA	NA
8503	13720	0.0548851051419929	undirected	NA	NA
8503	13828	0.105302935063967	undirected	NA	NA
8503	14684	0.194946050301855	undirected	NA	NA
8503	15074	0.17522693219426	undirected	NA	NA
8503	15413	0.197832856966492	undirected	NA	NA
8503	15639	0.197961375665044	undirected	NA	NA
8732	9092	0.197132275115932	undirected	NA	NA
8732	9139	0.177889167151625	undirected	NA	NA
8732	9148	0.124272481333048	undirected	NA	NA
8732	9257	0.210354145586228	undirected	NA	NA
8732	9288	0.24384333236049	undirected	NA	NA
8732	9314	0.170717853564299	undirected	NA	NA
8732	10047	0.239005369394397	undirected	NA	NA
8732	10282	0.165415120548662	undirected	NA	NA
8732	10803	0.228168510357516	undirected	NA	NA
8732	11440	0.257322913885123	undirected	NA	NA
8732	11674	0.24251237059049	undirected	NA	NA
8732	11705	0.163635446694069	undirected	NA	NA
8732	11742	0.167163195715239	undirected	NA	NA
8732	11817	0.140543181749419	undirected	NA	NA
8732	12063	0.121262052982576	undirected	NA	NA
8732	12081	0.252735454692461	undirected	NA	NA
8732	13066	0.133619060961622	undirected	NA	NA
8732	13109	0.18923880404914	undirected	NA	NA
8732	13720	0.153842822024007	undirected	NA	NA
8732	13828	0.246041740540709	undirected	NA	NA
8732	14684	0.224067630872905	undirected	NA	NA
8732	15074	0.106252239285999	undirected	NA	NA
8732	15413	0.191732349900798	undirected	NA	NA
8732	15639	0.190343684236455	undirected	NA	NA
9092	9139	0.267962490532321	undirected	NA	NA
9092	9148	0.307437068947409	undirected	NA	NA
9092	9257	0.18879954955236	undirected	NA	NA
9092	9288	0.188423077162173	undirected	NA	NA
9092	9314	0.142130087588442	undirected	NA	NA
9092	10047	0.232623009945574	undirected	NA	NA
9092	10282	0.215951837891031	undirected	NA	NA
9092	10803	0.295240141792144	undirected	NA	NA
9092	11440	0.210092177623975	undirected	NA	NA
9092	11674	0.229913744902807	undirected	NA	NA
9092	11705	0.225450281003707	undirected	NA	NA
9092	11742	0.200831155790382	undirected	NA	NA
9092	11817	0.255230604497474	undirected	NA	NA
9092	12063	0.199536149184906	undirected	NA	NA
9092	12081	0.243957973980232	undirected	NA	NA
9092	13066	0.233881636880383	undirected	NA	NA
9092	13109	0.238011710163985	undirected	NA	NA
9092	13720	0.113118973810073	undirected	NA	NA
9092	13828	0.199745694319933	undirected	NA	NA
9092	14684	0.308207768445493	undirected	NA	NA
9092	15074	0.196543212670247	undirected	NA	NA
9092	15413	0.284256315576457	undirected	NA	NA
9092	15639	0.254958538002289	undirected	NA	NA
9139	9148	0.288915630957162	undirected	NA	NA
9139	9257	0.138175654983795	undirected	NA	NA
9139	9288	0.154415166845149	undirected	NA	NA
9139	9314	0.0867841153401772	undirected	NA	NA
9139	10047	0.230859262191632	undirected	NA	NA
9139	10282	0.154794669599349	undirected	NA	NA
9139	10803	0.256099200267921	undirected	NA	NA
9139	11440	0.150252420319271	undirected	NA	NA
9139	11674	0.159863146823442	undirected	NA	NA
9139	11705	0.275109662738923	undirected	NA	NA
9139	11742	0.159363427705999	undirected	NA	NA
9139	11817	0.214135850190863	undirected	NA	NA
9139	12063	0.137962400128942	undirected	NA	NA
9139	12081	0.20368867555355	undirected	NA	NA
9139	13066	0.268238528575415	undirected	NA	NA
9139	13109	0.177825977521594	undirected	NA	NA
9139	13720	0.0752263207650796	undirected	NA	NA
9139	13828	0.208884141326549	undirected	NA	NA
9139	14684	0.297201831769997	undirected	NA	NA
9139	15074	0.189371213029629	undirected	NA	NA
9139	15413	0.28097516137493	undirected	NA	NA
9139	15639	0.282890257725567	undirected	NA	NA
9148	9257	0.167386992491607	undirected	NA	NA
9148	9288	0.0800390982183046	undirected	NA	NA
9148	9314	0.104294510432545	undirected	NA	NA
9148	10047	0.160128268223594	undirected	NA	NA
9148	10282	0.121727966541171	undirected	NA	NA
9148	10803	0.175908034424317	undirected	NA	NA
9148	11440	0.18197459451383	undirected	NA	NA
9148	11674	0.190005563474858	undirected	NA	NA
9148	11705	0.211535356761447	undirected	NA	NA
9148	11742	0.163717560301021	undirected	NA	NA
9148	11817	0.159609380365284	undirected	NA	NA
9148	12063	0.162820429978281	undirected	NA	NA
9148	12081	0.117182120247154	undirected	NA	NA
9148	13066	0.235209057080139	undirected	NA	NA
9148	13109	0.138105227974671	undirected	NA	NA
9148	13720	0.0710652785085113	undirected	NA	NA
9148	13828	0.155214780568335	undirected	NA	NA
9148	14684	0.186700923355467	undirected	NA	NA
9148	15074	0.272586860069465	undirected	NA	NA
9148	15413	0.233529765170623	undirected	NA	NA
9148	15639	0.277838152243896	undirected	NA	NA
9257	9288	0.116955085475927	undirected	NA	NA
9257	9314	0.254090972293187	undirected	NA	NA
9257	10047	0.185756143309297	undirected	NA	NA
9257	10282	0.148201965044542	undirected	NA	NA
9257	10803	0.180321092756435	undirected	NA	NA
9257	11440	0.28454754120019	undirected	NA	NA
9257	11674	0.252084067346835	undirected	NA	NA
9257	11705	0.107531770848292	undirected	NA	NA
9257	11742	0.313631293952427	undirected	NA	NA
9257	11817	0.101597078713722	undirected	NA	NA
9257	12063	0.297220444365951	undirected	NA	NA
9257	12081	0.145638039259172	undirected	NA	NA
9257	13066	0.0823442249391945	undirected	NA	NA
9257	13109	0.183160251828098	undirected	NA	NA
9257	13720	0.21550987622735	undirected	NA	NA
9257	13828	0.192238715100167	undirected	NA	NA
9257	14684	0.14806943671362	undirected	NA	NA
9257	15074	0.16641274349396	undirected	NA	NA
9257	15413	0.220653445268725	undirected	NA	NA
9257	15639	0.141051796211968	undirected	NA	NA
9288	9314	0.104658505373851	undirected	NA	NA
9288	10047	0.255590053993672	undirected	NA	NA
9288	10282	0.255874463678826	undirected	NA	NA
9288	10803	0.229500554915812	undirected	NA	NA
9288	11440	0.206129389159983	undirected	NA	NA
9288	11674	0.227086176776671	undirected	NA	NA
9288	11705	0.160421431909328	undirected	NA	NA
9288	11742	0.0786382201380882	undirected	NA	NA
9288	11817	0.233618875169409	undirected	NA	NA
9288	12063	0.0642760590286625	undirected	NA	NA
9288	12081	0.249277497631931	undirected	NA	NA
9288	13066	0.146814369231041	undirected	NA	NA
9288	13109	0.235950875086414	undirected	NA	NA
9288	13720	0.152950102270422	undirected	NA	NA
9288	13828	0.13899127639971	undirected	NA	NA
9288	14684	0.255707046890866	undirected	NA	NA
9288	15074	0.0759689425866846	undirected	NA	NA
9288	15413	0.185423089503502	undirected	NA	NA
9288	15639	0.167147497939448	undirected	NA	NA
9314	10047	0.135979312940143	undirected	NA	NA
9314	10282	0.142525760632788	undirected	NA	NA
9314	10803	0.147918921803903	undirected	NA	NA
9314	11440	0.260045540252825	undirected	NA	NA
9314	11674	0.233804742000309	undirected	NA	NA
9314	11705	0.0639303970255494	undirected	NA	NA
9314	11742	0.242802400965219	undirected	NA	NA
9314	11817	0.0813328676844256	undirected	NA	NA
9314	12063	0.254711916116195	undirected	NA	NA
9314	12081	0.125209125473705	undirected	NA	NA
9314	13066	0.0484326945856568	undirected	NA	NA
9314	13109	0.172915324974746	undirected	NA	NA
9314	13720	0.242836390641059	undirected	NA	NA
9314	13828	0.117982475671936	undirected	NA	NA
9314	14684	0.108294850292182	undirected	NA	NA
9314	15074	0.120150267294058	undirected	NA	NA
9314	15413	0.162910959356558	undirected	NA	NA
9314	15639	0.0881864025058454	undirected	NA	NA
10047	10282	0.167678275198184	undirected	NA	NA
10047	10803	0.257998074421478	undirected	NA	NA
10047	11440	0.237970183636662	undirected	NA	NA
10047	11674	0.233937238969044	undirected	NA	NA
10047	11705	0.208030131240079	undirected	NA	NA
10047	11742	0.16282101987079	undirected	NA	NA
10047	11817	0.170671550872636	undirected	NA	NA
10047	12063	0.119016568016088	undirected	NA	NA
10047	12081	0.275442272352908	undirected	NA	NA
10047	13066	0.186575085273838	undirected	NA	NA
10047	13109	0.196484149057299	undirected	NA	NA
10047	13720	0.124203989443223	undirected	NA	NA
10047	13828	0.262276141799023	undirected	NA	NA
10047	14684	0.284214543391468	undirected	NA	NA
10047	15074	0.119345629518488	undirected	NA	NA
10047	15413	0.217278525231512	undirected	NA	NA
10047	15639	0.244833799833574	undirected	NA	NA
10282	10803	0.241202484957762	undirected	NA	NA
10282	11440	0.223559544752728	undirected	NA	NA
10282	11674	0.255848513169034	undirected	NA	NA
10282	11705	0.120392256979434	undirected	NA	NA
10282	11742	0.115999604220887	undirected	NA	NA
10282	11817	0.196850476734176	undirected	NA	NA
10282	12063	0.119023489791842	undirected	NA	NA
10282	12081	0.271645670338533	undirected	NA	NA
10282	13066	0.132560814219336	undirected	NA	NA
10282	13109	0.226185812033353	undirected	NA	NA
10282	13720	0.131094311922773	undirected	NA	NA
10282	13828	0.124829924358381	undirected	NA	NA
10282	14684	0.228302865524175	undirected	NA	NA
10282	15074	0.0990313407761235	undirected	NA	NA
10282	15413	0.150837003422339	undirected	NA	NA
10282	15639	0.156930945717717	undirected	NA	NA
10803	11440	0.255064554198861	undirected	NA	NA
10803	11674	0.27950143852034	undirected	NA	NA
10803	11705	0.239952070859268	undirected	NA	NA
10803	11742	0.130315567572712	undirected	NA	NA
10803	11817	0.236579419430309	undirected	NA	NA
10803	12063	0.112298541861338	undirected	NA	NA
10803	12081	0.258453847612778	undirected	NA	NA
10803	13066	0.240293781850466	undirected	NA	NA
10803	13109	0.244753181783976	undirected	NA	NA
10803	13720	0.13488641423967	undirected	NA	NA
10803	13828	0.198551307745406	undirected	NA	NA
10803	14684	0.259159604659555	undirected	NA	NA
10803	15074	0.181735375921109	undirected	NA	NA
10803	15413	0.258523376758101	undirected	NA	NA
10803	15639	0.257591210645784	undirected	NA	NA
11440	11674	0.265633623244548	undirected	NA	NA
11440	11705	0.129186870573905	undirected	NA	NA
11440	11742	0.296978086492221	undirected	NA	NA
11440	11817	0.175724512487364	undirected	NA	NA
11440	12063	0.286168219918244	undirected	NA	NA
11440	12081	0.238883997846898	undirected	NA	NA
11440	13066	0.10606354059724	undirected	NA	NA
11440	13109	0.251393777903354	undirected	NA	NA
11440	13720	0.230657276467683	undirected	NA	NA
11440	13828	0.21315553930299	undirected	NA	NA
11440	14684	0.233534723781116	undirected	NA	NA
11440	15074	0.130167359391538	undirected	NA	NA
11440	15413	0.243908827016804	undirected	NA	NA
11440	15639	0.157735381259291	undirected	NA	NA
11674	11705	0.135806171860419	undirected	NA	NA
11674	11742	0.257896273710279	undirected	NA	NA
11674	11817	0.217021837381532	undirected	NA	NA
11674	12063	0.263586705442395	undirected	NA	NA
11674	12081	0.264691559168073	undirected	NA	NA
11674	13066	0.123157221861708	undirected	NA	NA
11674	13109	0.275257586225299	undirected	NA	NA
11674	13720	0.211811180860614	undirected	NA	NA
11674	13828	0.184648004855159	undirected	NA	NA
11674	14684	0.261442261396299	undirected	NA	NA
11674	15074	0.132636745556113	undirected	NA	NA
11674	15413	0.243685831144169	undirected	NA	NA
11674	15639	0.165624208679299	undirected	NA	NA
11705	11742	0.10424019449602	undirected	NA	NA
11705	11817	0.164621724696596	undirected	NA	NA
11705	12063	0.0777116925672985	undirected	NA	NA
11705	12081	0.202140028849188	undirected	NA	NA
11705	13066	0.256741609101889	undirected	NA	NA
11705	13109	0.150050068832729	undirected	NA	NA
11705	13720	0.0591997761162743	undirected	NA	NA
11705	13828	0.200322888445647	undirected	NA	NA
11705	14684	0.274628314133047	undirected	NA	NA
11705	15074	0.169302709466927	undirected	NA	NA
11705	15413	0.249245693741521	undirected	NA	NA
11705	15639	0.272112670426998	undirected	NA	NA
11742	11817	0.0903008014308361	undirected	NA	NA
11742	12063	0.239387579395692	undirected	NA	NA
11742	12081	0.101370774909324	undirected	NA	NA
11742	13066	0.0871861259380536	undirected	NA	NA
11742	13109	0.132649607745454	undirected	NA	NA
11742	13720	0.153916995933053	undirected	NA	NA
11742	13828	0.207350860379042	undirected	NA	NA
11742	14684	0.122105027228606	undirected	NA	NA
11742	15074	0.156043535196122	undirected	NA	NA
11742	15413	0.178689421797262	undirected	NA	NA
11742	15639	0.164091006851549	undirected	NA	NA
11817	12063	0.0942377172302757	undirected	NA	NA
11817	12081	0.259174311235195	undirected	NA	NA
11817	13066	0.208670691532878	undirected	NA	NA
11817	13109	0.192175397388412	undirected	NA	NA
11817	13720	0.0719100466162922	undirected	NA	NA
11817	13828	0.124546446654911	undirected	NA	NA
11817	14684	0.274099435869814	undirected	NA	NA
11817	15074	0.101956611524548	undirected	NA	NA
11817	15413	0.150083397306458	undirected	NA	NA
11817	15639	0.216629963591073	undirected	NA	NA
12063	12081	0.0853774317924344	undirected	NA	NA
12063	13066	0.0783981024351526	undirected	NA	NA
12063	13109	0.126412943930846	undirected	NA	NA
12063	13720	0.137311155500324	undirected	NA	NA
12063	13828	0.149891476558847	undirected	NA	NA
12063	14684	0.10152425867487	undirected	NA	NA
12063	15074	0.143336340404003	undirected	NA	NA
12063	15413	0.1385587530529	undirected	NA	NA
12063	15639	0.137286474092768	undirected	NA	NA
12081	13066	0.19368904386559	undirected	NA	NA
12081	13109	0.257955667912824	undirected	NA	NA
12081	13720	0.152523855971081	undirected	NA	NA
12081	13828	0.169219070899255	undirected	NA	NA
12081	14684	0.280229724046183	undirected	NA	NA
12081	15074	0.11219142173754	undirected	NA	NA
12081	15413	0.225144023600303	undirected	NA	NA
12081	15639	0.214495855308275	undirected	NA	NA
13066	13109	0.152321611625676	undirected	NA	NA
13066	13720	0.0461544249649605	undirected	NA	NA
13066	13828	0.147923134458028	undirected	NA	NA
13066	14684	0.285662641366363	undirected	NA	NA
13066	15074	0.163616392990978	undirected	NA	NA
13066	15413	0.238890026124118	undirected	NA	NA
13066	15639	0.257240287906929	undirected	NA	NA
13109	13720	0.147729140831019	undirected	NA	NA
13109	13828	0.15373281544751	undirected	NA	NA
13109	14684	0.212183469265125	undirected	NA	NA
13109	15074	0.137065772370046	undirected	NA	NA
13109	15413	0.191430558895689	undirected	NA	NA
13109	15639	0.178371134993153	undirected	NA	NA
13720	13828	0.132944406895816	undirected	NA	NA
13720	14684	0.0991528467355225	undirected	NA	NA
13720	15074	0.0720138751703586	undirected	NA	NA
13720	15413	0.110677074365843	undirected	NA	NA
13720	15639	0.0782452912659795	undirected	NA	NA
13828	14684	0.218901777303409	undirected	NA	NA
13828	15074	0.143616650896781	undirected	NA	NA
13828	15413	0.25997784906119	undirected	NA	NA
13828	15639	0.224996655266816	undirected	NA	NA
14684	15074	0.143891536127167	undirected	NA	NA
14684	15413	0.237043758709298	undirected	NA	NA
14684	15639	0.30904920275142	undirected	NA	NA
15074	15413	0.238928601274669	undirected	NA	NA
15074	15639	0.16525646477129	undirected	NA	NA
15413	15639	0.276026993441999	undirected	NA	NA
