fromNode	toNode	weight	direction	fromAltName	toAltName
673	792	0.0492633336286577	undirected	NA	NA
673	855	0.152670107279758	undirected	NA	NA
673	902	0.125966558030357	undirected	NA	NA
673	1491	0.199865351987497	undirected	NA	NA
673	1588	0.0318917052683528	undirected	NA	NA
673	1601	0.230921275747091	undirected	NA	NA
673	1759	0.0882860050871399	undirected	NA	NA
673	2212	0.0627166983474418	undirected	NA	NA
673	2249	0.0270582479964359	undirected	NA	NA
673	2273	0.141066169982062	undirected	NA	NA
673	2411	0.0431333101679274	undirected	NA	NA
673	2885	0.274197431483083	undirected	NA	NA
673	2953	0.24913536674392	undirected	NA	NA
673	2961	0.24240835352757	undirected	NA	NA
673	3038	0.0259244508274232	undirected	NA	NA
673	3176	0.219022086407283	undirected	NA	NA
673	3422	0.081715759543789	undirected	NA	NA
673	3905	0.131934024960091	undirected	NA	NA
673	3945	0.0880485521087314	undirected	NA	NA
673	4225	0.142437726159614	undirected	NA	NA
673	4676	0.0508770215592164	undirected	NA	NA
673	4834	0.203289017192339	undirected	NA	NA
673	4993	0.22024644201836	undirected	NA	NA
673	5119	0.0271605937879904	undirected	NA	NA
673	5618	0.0528102838689117	undirected	NA	NA
673	5621	0.12469568837199	undirected	NA	NA
673	5969	0.0954726363975121	undirected	NA	NA
673	6080	0.0613800254583289	undirected	NA	NA
673	6153	0.135957540427895	undirected	NA	NA
673	6230	0.250153591627372	undirected	NA	NA
673	6302	0.274933901274258	undirected	NA	NA
673	6604	0.200457371851532	undirected	NA	NA
673	7969	0.103496276503466	undirected	NA	NA
673	8170	0.0373091330106812	undirected	NA	NA
673	8419	0.0898933614903139	undirected	NA	NA
673	8685	0.303094336499011	undirected	NA	NA
673	9554	0.284003324839821	undirected	NA	NA
673	9721	0.227384348367237	undirected	NA	NA
673	9941	0.252103261907464	undirected	NA	NA
673	10363	0.104549136329514	undirected	NA	NA
673	10379	0.0721012231738844	undirected	NA	NA
673	10486	0.0987160248249858	undirected	NA	NA
673	10709	0.219111919562301	undirected	NA	NA
673	11065	0.107663392454122	undirected	NA	NA
673	11644	0.107454230839307	undirected	NA	NA
673	12779	0.0552393436413413	undirected	NA	NA
673	13347	0.0796655658014843	undirected	NA	NA
673	13365	0.0806314381182305	undirected	NA	NA
673	13450	0.18075099958219	undirected	NA	NA
673	13949	0.0337557978309183	undirected	NA	NA
673	14417	0.189778911656528	undirected	NA	NA
673	14492	0.234400513758772	undirected	NA	NA
673	14638	0.0651119157498361	undirected	NA	NA
673	15186	0.186184209029842	undirected	NA	NA
673	15363	0.0956261789872264	undirected	NA	NA
792	855	0.0119970603933845	undirected	NA	NA
792	902	0.222363039474756	undirected	NA	NA
792	1491	0.151162274098345	undirected	NA	NA
792	1588	0.144868737549339	undirected	NA	NA
792	1601	0.0342554851777179	undirected	NA	NA
792	1759	0.0608108069367107	undirected	NA	NA
792	2212	0.278303243630652	undirected	NA	NA
792	2249	0.137100864421967	undirected	NA	NA
792	2273	0.0847968130724271	undirected	NA	NA
792	2411	0.148755098397965	undirected	NA	NA
792	2885	0.0579818133862927	undirected	NA	NA
792	2953	0.0963831404194597	undirected	NA	NA
792	2961	0.0357652202064009	undirected	NA	NA
792	3038	0.191747577800658	undirected	NA	NA
792	3176	0.0242418903254745	undirected	NA	NA
792	3422	0.259718447237329	undirected	NA	NA
792	3905	0.0332337793645461	undirected	NA	NA
792	3945	0.167269267628368	undirected	NA	NA
792	4225	0.191540083190423	undirected	NA	NA
792	4676	0.25129569039343	undirected	NA	NA
792	4834	0.029078746306469	undirected	NA	NA
792	4993	0.0183349488594322	undirected	NA	NA
792	5119	0.165958823618157	undirected	NA	NA
792	5618	0.251682114969469	undirected	NA	NA
792	5621	0.0420557297429262	undirected	NA	NA
792	5969	0.170503762833309	undirected	NA	NA
792	6080	0.225267945642853	undirected	NA	NA
792	6153	0.202501939421514	undirected	NA	NA
792	6230	0.0808854228921165	undirected	NA	NA
792	6302	0.0891130929053253	undirected	NA	NA
792	6604	0.054411724172302	undirected	NA	NA
792	7969	0.0379109521150997	undirected	NA	NA
792	8170	0.170066634784231	undirected	NA	NA
792	8419	0.235524280843519	undirected	NA	NA
792	8685	0.0664116570236177	undirected	NA	NA
792	9554	0.0639798325079099	undirected	NA	NA
792	9721	0.0606507446630825	undirected	NA	NA
792	9941	0.131720897733347	undirected	NA	NA
792	10363	0.0560849168698432	undirected	NA	NA
792	10379	0.260845356243446	undirected	NA	NA
792	10486	0.239673739098062	undirected	NA	NA
792	10709	0.0409880061555681	undirected	NA	NA
792	11065	0.195024902505479	undirected	NA	NA
792	11644	0.173610874513972	undirected	NA	NA
792	12779	0.279298868535308	undirected	NA	NA
792	13347	0.0976794484641876	undirected	NA	NA
792	13365	0.169857803860717	undirected	NA	NA
792	13450	0.0564532023529142	undirected	NA	NA
792	13949	0.204564040857251	undirected	NA	NA
792	14417	0.0243009547952202	undirected	NA	NA
792	14492	0.0568095192390673	undirected	NA	NA
792	14638	0.2554798675518	undirected	NA	NA
792	15186	0.0342758875647557	undirected	NA	NA
792	15363	0.147431249451655	undirected	NA	NA
855	902	0.0471964223684944	undirected	NA	NA
855	1491	0.078406165880704	undirected	NA	NA
855	1588	0.00674377273719258	undirected	NA	NA
855	1601	0.177918845122594	undirected	NA	NA
855	1759	0.0158762159812538	undirected	NA	NA
855	2212	0.0157175928893212	undirected	NA	NA
855	2249	0.0123982215485886	undirected	NA	NA
855	2273	0.0508943840878559	undirected	NA	NA
855	2411	0.0163078644612387	undirected	NA	NA
855	2885	0.180111616662153	undirected	NA	NA
855	2953	0.110711748278946	undirected	NA	NA
855	2961	0.197822533743471	undirected	NA	NA
855	3038	0.00805083594291176	undirected	NA	NA
855	3176	0.225172744593758	undirected	NA	NA
855	3422	0.0279909292430096	undirected	NA	NA
855	3905	0.0456629407701621	undirected	NA	NA
855	3945	0.0371178032026804	undirected	NA	NA
855	4225	0.0498660457698745	undirected	NA	NA
855	4676	0.01343867056439	undirected	NA	NA
855	4834	0.0944287919378582	undirected	NA	NA
855	4993	0.136063090622663	undirected	NA	NA
855	5119	0.00786384143459631	undirected	NA	NA
855	5618	0.0147509628885545	undirected	NA	NA
855	5621	0.0873134092987184	undirected	NA	NA
855	5969	0.0376307757224943	undirected	NA	NA
855	6080	0.0201155646636799	undirected	NA	NA
855	6153	0.0339395950352212	undirected	NA	NA
855	6230	0.146004005831441	undirected	NA	NA
855	6302	0.116776441040666	undirected	NA	NA
855	6604	0.198638626927426	undirected	NA	NA
855	7969	0.0300845231221802	undirected	NA	NA
855	8170	0.0111302445855155	undirected	NA	NA
855	8419	0.032928186686381	undirected	NA	NA
855	8685	0.180939225112936	undirected	NA	NA
855	9554	0.137909555183981	undirected	NA	NA
855	9721	0.155719559324754	undirected	NA	NA
855	9941	0.0929552072680222	undirected	NA	NA
855	10363	0.0293031941971832	undirected	NA	NA
855	10379	0.022002532240287	undirected	NA	NA
855	10486	0.0320782102633911	undirected	NA	NA
855	10709	0.148613329996609	undirected	NA	NA
855	11065	0.0521958825979767	undirected	NA	NA
855	11644	0.049214325415937	undirected	NA	NA
855	12779	0.0141990169270983	undirected	NA	NA
855	13347	0.0383950084423673	undirected	NA	NA
855	13365	0.0173402328637026	undirected	NA	NA
855	13450	0.0968820009991352	undirected	NA	NA
855	13949	0.0107988060472323	undirected	NA	NA
855	14417	0.0607348316089382	undirected	NA	NA
855	14492	0.137997612921553	undirected	NA	NA
855	14638	0.0229891579752529	undirected	NA	NA
855	15186	0.0695563903890616	undirected	NA	NA
855	15363	0.020156484752349	undirected	NA	NA
902	1491	0.224166328364058	undirected	NA	NA
902	1588	0.182261862030602	undirected	NA	NA
902	1601	0.107125332768332	undirected	NA	NA
902	1759	0.0532922278436134	undirected	NA	NA
902	2212	0.213969586685645	undirected	NA	NA
902	2249	0.187183174612876	undirected	NA	NA
902	2273	0.126005887020274	undirected	NA	NA
902	2411	0.203390570001767	undirected	NA	NA
902	2885	0.139264657698609	undirected	NA	NA
902	2953	0.12543210147265	undirected	NA	NA
902	2961	0.114949232406795	undirected	NA	NA
902	3038	0.170504603878698	undirected	NA	NA
902	3176	0.0753903377671284	undirected	NA	NA
902	3422	0.205245864203781	undirected	NA	NA
902	3905	0.0795098770638074	undirected	NA	NA
902	3945	0.273153311173971	undirected	NA	NA
902	4225	0.212341060116935	undirected	NA	NA
902	4676	0.233639333204236	undirected	NA	NA
902	4834	0.0783852905448196	undirected	NA	NA
902	4993	0.0662384978682988	undirected	NA	NA
902	5119	0.235520080996894	undirected	NA	NA
902	5618	0.220597127886226	undirected	NA	NA
902	5621	0.0389105388657008	undirected	NA	NA
902	5969	0.27308994721068	undirected	NA	NA
902	6080	0.259128332942976	undirected	NA	NA
902	6153	0.211141297050998	undirected	NA	NA
902	6230	0.136577532560481	undirected	NA	NA
902	6302	0.143088109571417	undirected	NA	NA
902	6604	0.117619107943299	undirected	NA	NA
902	7969	0.0910825596636043	undirected	NA	NA
902	8170	0.242797607654024	undirected	NA	NA
902	8419	0.227288409473444	undirected	NA	NA
902	8685	0.12669921372571	undirected	NA	NA
902	9554	0.0885787808838992	undirected	NA	NA
902	9721	0.151090000478623	undirected	NA	NA
902	9941	0.146052841479727	undirected	NA	NA
902	10363	0.0213650895978421	undirected	NA	NA
902	10379	0.174167663200353	undirected	NA	NA
902	10486	0.236728416229524	undirected	NA	NA
902	10709	0.0922408427421795	undirected	NA	NA
902	11065	0.203241406090976	undirected	NA	NA
902	11644	0.243811088874657	undirected	NA	NA
902	12779	0.202711375256805	undirected	NA	NA
902	13347	0.077818224816487	undirected	NA	NA
902	13365	0.216873866761289	undirected	NA	NA
902	13450	0.0306623621170087	undirected	NA	NA
902	13949	0.230037293711546	undirected	NA	NA
902	14417	0.0383895866358451	undirected	NA	NA
902	14492	0.135709491446748	undirected	NA	NA
902	14638	0.184694208155477	undirected	NA	NA
902	15186	0.0721050163159248	undirected	NA	NA
902	15363	0.108163544012294	undirected	NA	NA
1491	1588	0.139979275000387	undirected	NA	NA
1491	1601	0.175140041108827	undirected	NA	NA
1491	1759	0.0664002050585876	undirected	NA	NA
1491	2212	0.165596985883312	undirected	NA	NA
1491	2249	0.142572432630107	undirected	NA	NA
1491	2273	0.152222581197683	undirected	NA	NA
1491	2411	0.136352418650639	undirected	NA	NA
1491	2885	0.21894810543701	undirected	NA	NA
1491	2953	0.123413374303328	undirected	NA	NA
1491	2961	0.197085149208984	undirected	NA	NA
1491	3038	0.124082793194814	undirected	NA	NA
1491	3176	0.13954307354802	undirected	NA	NA
1491	3422	0.183897810259451	undirected	NA	NA
1491	3905	0.144409951764114	undirected	NA	NA
1491	3945	0.228895868351508	undirected	NA	NA
1491	4225	0.238352719331012	undirected	NA	NA
1491	4676	0.177798591674271	undirected	NA	NA
1491	4834	0.13844956904984	undirected	NA	NA
1491	4993	0.126974792193598	undirected	NA	NA
1491	5119	0.165882828671918	undirected	NA	NA
1491	5618	0.154001984251416	undirected	NA	NA
1491	5621	0.0313687579589366	undirected	NA	NA
1491	5969	0.235878236582076	undirected	NA	NA
1491	6080	0.204329620595316	undirected	NA	NA
1491	6153	0.260159549229811	undirected	NA	NA
1491	6230	0.221847036727618	undirected	NA	NA
1491	6302	0.178650695173545	undirected	NA	NA
1491	6604	0.132298600288132	undirected	NA	NA
1491	7969	0.158717653321509	undirected	NA	NA
1491	8170	0.19342679911726	undirected	NA	NA
1491	8419	0.168450276015875	undirected	NA	NA
1491	8685	0.198946268858779	undirected	NA	NA
1491	9554	0.102556677057464	undirected	NA	NA
1491	9721	0.204477436335512	undirected	NA	NA
1491	9941	0.140350974345579	undirected	NA	NA
1491	10363	0.0187184551527338	undirected	NA	NA
1491	10379	0.137887277239286	undirected	NA	NA
1491	10486	0.180178202712095	undirected	NA	NA
1491	10709	0.180826168796795	undirected	NA	NA
1491	11065	0.207787587484225	undirected	NA	NA
1491	11644	0.202705096378808	undirected	NA	NA
1491	12779	0.152056149033442	undirected	NA	NA
1491	13347	0.0442314004511902	undirected	NA	NA
1491	13365	0.229403767242452	undirected	NA	NA
1491	13450	0.0249932751455422	undirected	NA	NA
1491	13949	0.157019661738636	undirected	NA	NA
1491	14417	0.0660944821948116	undirected	NA	NA
1491	14492	0.207706599356371	undirected	NA	NA
1491	14638	0.116209438960788	undirected	NA	NA
1491	15186	0.131089791011749	undirected	NA	NA
1491	15363	0.0826777912728708	undirected	NA	NA
1588	1601	0.0260043913766259	undirected	NA	NA
1588	1759	0.0797238523678691	undirected	NA	NA
1588	2212	0.158738957359255	undirected	NA	NA
1588	2249	0.191956041464016	undirected	NA	NA
1588	2273	0.0281359012566613	undirected	NA	NA
1588	2411	0.194622425113304	undirected	NA	NA
1588	2885	0.0483993116712177	undirected	NA	NA
1588	2953	0.0326014417097506	undirected	NA	NA
1588	2961	0.0478927101257795	undirected	NA	NA
1588	3038	0.172820475916281	undirected	NA	NA
1588	3176	0.0271196855019701	undirected	NA	NA
1588	3422	0.17358816759654	undirected	NA	NA
1588	3905	0.0649033291585789	undirected	NA	NA
1588	3945	0.0766862438148174	undirected	NA	NA
1588	4225	0.178284391029329	undirected	NA	NA
1588	4676	0.198641722016109	undirected	NA	NA
1588	4834	0.0293584579444728	undirected	NA	NA
1588	4993	0.0121340678725354	undirected	NA	NA
1588	5119	0.233318959340019	undirected	NA	NA
1588	5618	0.145492825666197	undirected	NA	NA
1588	5621	0.00746854636044882	undirected	NA	NA
1588	5969	0.105254275235901	undirected	NA	NA
1588	6080	0.208072917876973	undirected	NA	NA
1588	6153	0.183168792964068	undirected	NA	NA
1588	6230	0.109645092026651	undirected	NA	NA
1588	6302	0.0350407757264952	undirected	NA	NA
1588	6604	0.0705509817471935	undirected	NA	NA
1588	7969	0.0918272580895357	undirected	NA	NA
1588	8170	0.247365081711292	undirected	NA	NA
1588	8419	0.158036384711545	undirected	NA	NA
1588	8685	0.0626663795946517	undirected	NA	NA
1588	9554	0.053684345594616	undirected	NA	NA
1588	9721	0.0417293540174953	undirected	NA	NA
1588	9941	0.0692464191803357	undirected	NA	NA
1588	10363	0.0123371943092186	undirected	NA	NA
1588	10379	0.104323377923188	undirected	NA	NA
1588	10486	0.153726130509208	undirected	NA	NA
1588	10709	0.0765309539536942	undirected	NA	NA
1588	11065	0.181449424798179	undirected	NA	NA
1588	11644	0.109454657894503	undirected	NA	NA
1588	12779	0.153215601811847	undirected	NA	NA
1588	13347	0.0179385284624192	undirected	NA	NA
1588	13365	0.210995827936652	undirected	NA	NA
1588	13450	0.0258736295563417	undirected	NA	NA
1588	13949	0.192163929933916	undirected	NA	NA
1588	14417	0.0229954145376828	undirected	NA	NA
1588	14492	0.0508002029834648	undirected	NA	NA
1588	14638	0.105428392690294	undirected	NA	NA
1588	15186	0.0243441550556797	undirected	NA	NA
1588	15363	0.0279669083947033	undirected	NA	NA
1601	1759	0.0701983700996927	undirected	NA	NA
1601	2212	0.0440808987748077	undirected	NA	NA
1601	2249	0.0259274214949519	undirected	NA	NA
1601	2273	0.103657128365512	undirected	NA	NA
1601	2411	0.0431597440378548	undirected	NA	NA
1601	2885	0.271814495369272	undirected	NA	NA
1601	2953	0.231699419404205	undirected	NA	NA
1601	2961	0.269410743325241	undirected	NA	NA
1601	3038	0.0209343499546416	undirected	NA	NA
1601	3176	0.25714390816754	undirected	NA	NA
1601	3422	0.0653511767900299	undirected	NA	NA
1601	3905	0.115910974329654	undirected	NA	NA
1601	3945	0.0718756416388797	undirected	NA	NA
1601	4225	0.121018445017055	undirected	NA	NA
1601	4676	0.0381780635056679	undirected	NA	NA
1601	4834	0.199525647432505	undirected	NA	NA
1601	4993	0.227757595975028	undirected	NA	NA
1601	5119	0.0226097787624442	undirected	NA	NA
1601	5618	0.0379625760861091	undirected	NA	NA
1601	5621	0.118739165228287	undirected	NA	NA
1601	5969	0.0800542770354508	undirected	NA	NA
1601	6080	0.0499199981722162	undirected	NA	NA
1601	6153	0.102863619975539	undirected	NA	NA
1601	6230	0.25606775551572	undirected	NA	NA
1601	6302	0.241287762042239	undirected	NA	NA
1601	6604	0.241770905158425	undirected	NA	NA
1601	7969	0.0890611720388326	undirected	NA	NA
1601	8170	0.0318279573950502	undirected	NA	NA
1601	8419	0.0741727241282999	undirected	NA	NA
1601	8685	0.296458089439943	undirected	NA	NA
1601	9554	0.293678114745252	undirected	NA	NA
1601	9721	0.225074567832207	undirected	NA	NA
1601	9941	0.228995592875699	undirected	NA	NA
1601	10363	0.0753008695969478	undirected	NA	NA
1601	10379	0.0509054676233995	undirected	NA	NA
1601	10486	0.0782264099083683	undirected	NA	NA
1601	10709	0.243422002317443	undirected	NA	NA
1601	11065	0.10029893869012	undirected	NA	NA
1601	11644	0.0917142556879053	undirected	NA	NA
1601	12779	0.0389251214113807	undirected	NA	NA
1601	13347	0.0678687209201959	undirected	NA	NA
1601	13365	0.0599266009895232	undirected	NA	NA
1601	13450	0.181043271434705	undirected	NA	NA
1601	13949	0.0272519554343391	undirected	NA	NA
1601	14417	0.172655237424739	undirected	NA	NA
1601	14492	0.218450888295534	undirected	NA	NA
1601	14638	0.048670711387498	undirected	NA	NA
1601	15186	0.146876935662558	undirected	NA	NA
1601	15363	0.0614648698856958	undirected	NA	NA
1759	2212	0.0402433375999105	undirected	NA	NA
1759	2249	0.0245280335743968	undirected	NA	NA
1759	2273	0.0468587611037544	undirected	NA	NA
1759	2411	0.036447428320886	undirected	NA	NA
1759	2885	0.0774708618922931	undirected	NA	NA
1759	2953	0.0402204521842134	undirected	NA	NA
1759	2961	0.0820880666327953	undirected	NA	NA
1759	3038	0.0185810273892652	undirected	NA	NA
1759	3176	0.0392082289686525	undirected	NA	NA
1759	3422	0.0360813966871665	undirected	NA	NA
1759	3905	0.248387045895827	undirected	NA	NA
1759	3945	0.010810874653952	undirected	NA	NA
1759	4225	0.0628936742322711	undirected	NA	NA
1759	4676	0.0440329001702138	undirected	NA	NA
1759	4834	0.121747735205367	undirected	NA	NA
1759	4993	0.0531975471580032	undirected	NA	NA
1759	5119	0.0483929124556375	undirected	NA	NA
1759	5618	0.0370720493604253	undirected	NA	NA
1759	5621	0.0116286339916753	undirected	NA	NA
1759	5969	0.0176910924649579	undirected	NA	NA
1759	6080	0.0544508206670835	undirected	NA	NA
1759	6153	0.0970530892792083	undirected	NA	NA
1759	6230	0.092432925916813	undirected	NA	NA
1759	6302	0.0845723410966393	undirected	NA	NA
1759	6604	0.0365519215505926	undirected	NA	NA
1759	7969	0.232848684113387	undirected	NA	NA
1759	8170	0.0788173710580536	undirected	NA	NA
1759	8419	0.0284127924210859	undirected	NA	NA
1759	8685	0.0684067843686468	undirected	NA	NA
1759	9554	0.0956835934293025	undirected	NA	NA
1759	9721	0.0610777608916999	undirected	NA	NA
1759	9941	0.0861445404364557	undirected	NA	NA
1759	10363	0.0509673336408342	undirected	NA	NA
1759	10379	0.0243606069042457	undirected	NA	NA
1759	10486	0.0316998014439675	undirected	NA	NA
1759	10709	0.0894535318383859	undirected	NA	NA
1759	11065	0.0458097960079222	undirected	NA	NA
1759	11644	0.0579691812819639	undirected	NA	NA
1759	12779	0.0318082933966436	undirected	NA	NA
1759	13347	0.0122359446878511	undirected	NA	NA
1759	13365	0.126316657424954	undirected	NA	NA
1759	13450	0.068094777118299	undirected	NA	NA
1759	13949	0.0326394514060657	undirected	NA	NA
1759	14417	0.1233203425111	undirected	NA	NA
1759	14492	0.135690771756775	undirected	NA	NA
1759	14638	0.0149106843646519	undirected	NA	NA
1759	15186	0.13817587946708	undirected	NA	NA
1759	15363	0.0418089831302478	undirected	NA	NA
2212	2249	0.150837880920694	undirected	NA	NA
2212	2273	0.114929379568297	undirected	NA	NA
2212	2411	0.175429753794852	undirected	NA	NA
2212	2885	0.0662232850891153	undirected	NA	NA
2212	2953	0.103072235652792	undirected	NA	NA
2212	2961	0.0427964354755881	undirected	NA	NA
2212	3038	0.17922874032264	undirected	NA	NA
2212	3176	0.0238360810631921	undirected	NA	NA
2212	3422	0.240482431442215	undirected	NA	NA
2212	3905	0.0361447200654202	undirected	NA	NA
2212	3945	0.240507429220166	undirected	NA	NA
2212	4225	0.19303015089204	undirected	NA	NA
2212	4676	0.236473326760349	undirected	NA	NA
2212	4834	0.0305925694559326	undirected	NA	NA
2212	4993	0.0222473896105686	undirected	NA	NA
2212	5119	0.227853423169699	undirected	NA	NA
2212	5618	0.256296261413021	undirected	NA	NA
2212	5621	0.0399697808462521	undirected	NA	NA
2212	5969	0.229889512235407	undirected	NA	NA
2212	6080	0.24558092128003	undirected	NA	NA
2212	6153	0.178527688375443	undirected	NA	NA
2212	6230	0.0805986343731789	undirected	NA	NA
2212	6302	0.0979295498546001	undirected	NA	NA
2212	6604	0.0618776263454989	undirected	NA	NA
2212	7969	0.042072540980926	undirected	NA	NA
2212	8170	0.216657109082	undirected	NA	NA
2212	8419	0.250896289392679	undirected	NA	NA
2212	8685	0.0712967036438277	undirected	NA	NA
2212	9554	0.0539085054689778	undirected	NA	NA
2212	9721	0.0881050803033098	undirected	NA	NA
2212	9941	0.1247889978225	undirected	NA	NA
2212	10363	0.0316584794729825	undirected	NA	NA
2212	10379	0.233792359783755	undirected	NA	NA
2212	10486	0.257771926300373	undirected	NA	NA
2212	10709	0.0415937060859437	undirected	NA	NA
2212	11065	0.1807060368872	undirected	NA	NA
2212	11644	0.240652180576798	undirected	NA	NA
2212	12779	0.239003790377422	undirected	NA	NA
2212	13347	0.106240214413494	undirected	NA	NA
2212	13365	0.175822055995906	undirected	NA	NA
2212	13450	0.0321080529910129	undirected	NA	NA
2212	13949	0.235406252686016	undirected	NA	NA
2212	14417	0.0186058383325116	undirected	NA	NA
2212	14492	0.06660701508914	undirected	NA	NA
2212	14638	0.266569653851757	undirected	NA	NA
2212	15186	0.0356318877545623	undirected	NA	NA
2212	15363	0.15330350708476	undirected	NA	NA
2249	2273	0.0289963823091657	undirected	NA	NA
2249	2411	0.239778791660306	undirected	NA	NA
2249	2885	0.0342799291943771	undirected	NA	NA
2249	2953	0.0502511663950292	undirected	NA	NA
2249	2961	0.0311925327609685	undirected	NA	NA
2249	3038	0.207583311348678	undirected	NA	NA
2249	3176	0.0231604340922557	undirected	NA	NA
2249	3422	0.196199324467619	undirected	NA	NA
2249	3905	0.018092293973202	undirected	NA	NA
2249	3945	0.20481758367824	undirected	NA	NA
2249	4225	0.173492511623798	undirected	NA	NA
2249	4676	0.169371027795499	undirected	NA	NA
2249	4834	0.0191512438857613	undirected	NA	NA
2249	4993	0.0122259087324686	undirected	NA	NA
2249	5119	0.215905460253574	undirected	NA	NA
2249	5618	0.135312839078272	undirected	NA	NA
2249	5621	0.0154818679112105	undirected	NA	NA
2249	5969	0.21632296311378	undirected	NA	NA
2249	6080	0.174188329588301	undirected	NA	NA
2249	6153	0.12876385877854	undirected	NA	NA
2249	6230	0.0808577614686854	undirected	NA	NA
2249	6302	0.0420105091198452	undirected	NA	NA
2249	6604	0.0829781489738634	undirected	NA	NA
2249	7969	0.0262188400640765	undirected	NA	NA
2249	8170	0.202466687047516	undirected	NA	NA
2249	8419	0.224536883282711	undirected	NA	NA
2249	8685	0.054233340763748	undirected	NA	NA
2249	9554	0.0397330875817747	undirected	NA	NA
2249	9721	0.0428903505799889	undirected	NA	NA
2249	9941	0.0687772472483633	undirected	NA	NA
2249	10363	0.00509459280464245	undirected	NA	NA
2249	10379	0.130678241806858	undirected	NA	NA
2249	10486	0.212744133599834	undirected	NA	NA
2249	10709	0.0479987910473307	undirected	NA	NA
2249	11065	0.183614807331477	undirected	NA	NA
2249	11644	0.12537989341222	undirected	NA	NA
2249	12779	0.161561708023177	undirected	NA	NA
2249	13347	0.0460732213577983	undirected	NA	NA
2249	13365	0.109072568157849	undirected	NA	NA
2249	13450	0.0132986301900109	undirected	NA	NA
2249	13949	0.188626273983763	undirected	NA	NA
2249	14417	0.00697067696589026	undirected	NA	NA
2249	14492	0.0368803279632725	undirected	NA	NA
2249	14638	0.183295762668268	undirected	NA	NA
2249	15186	0.0110900181170603	undirected	NA	NA
2249	15363	0.0402000465273102	undirected	NA	NA
2273	2411	0.0319706459765488	undirected	NA	NA
2273	2885	0.141291399924674	undirected	NA	NA
2273	2953	0.162831204126837	undirected	NA	NA
2273	2961	0.0890932573844788	undirected	NA	NA
2273	3038	0.0421619524282823	undirected	NA	NA
2273	3176	0.0780153527888799	undirected	NA	NA
2273	3422	0.11294916083986	undirected	NA	NA
2273	3905	0.0579720038336364	undirected	NA	NA
2273	3945	0.126342069299911	undirected	NA	NA
2273	4225	0.126313698277945	undirected	NA	NA
2273	4676	0.0790212286893953	undirected	NA	NA
2273	4834	0.0755885962003614	undirected	NA	NA
2273	4993	0.0814976800969108	undirected	NA	NA
2273	5119	0.0322857635929003	undirected	NA	NA
2273	5618	0.0971120295399844	undirected	NA	NA
2273	5621	0.1012599975657	undirected	NA	NA
2273	5969	0.114707241375461	undirected	NA	NA
2273	6080	0.0756750435679042	undirected	NA	NA
2273	6153	0.137735282902411	undirected	NA	NA
2273	6230	0.118873461006155	undirected	NA	NA
2273	6302	0.180850925728048	undirected	NA	NA
2273	6604	0.0810219262396016	undirected	NA	NA
2273	7969	0.0473335194707894	undirected	NA	NA
2273	8170	0.039668835000774	undirected	NA	NA
2273	8419	0.115200742626035	undirected	NA	NA
2273	8685	0.160822589416719	undirected	NA	NA
2273	9554	0.111842165056521	undirected	NA	NA
2273	9721	0.128003789745999	undirected	NA	NA
2273	9941	0.157893536302348	undirected	NA	NA
2273	10363	0.135926528082585	undirected	NA	NA
2273	10379	0.14653829299087	undirected	NA	NA
2273	10486	0.129528532599313	undirected	NA	NA
2273	10709	0.0798324303227553	undirected	NA	NA
2273	11065	0.0955390177147752	undirected	NA	NA
2273	11644	0.112928099100502	undirected	NA	NA
2273	12779	0.107632910351215	undirected	NA	NA
2273	13347	0.100219584337736	undirected	NA	NA
2273	13365	0.0803128007887975	undirected	NA	NA
2273	13450	0.0967617665606183	undirected	NA	NA
2273	13949	0.0499536479856786	undirected	NA	NA
2273	14417	0.075731523875535	undirected	NA	NA
2273	14492	0.120213040285408	undirected	NA	NA
2273	14638	0.129477322076017	undirected	NA	NA
2273	15186	0.117443445369625	undirected	NA	NA
2273	15363	0.179917047303171	undirected	NA	NA
2411	2885	0.0663421682725026	undirected	NA	NA
2411	2953	0.0459407712516234	undirected	NA	NA
2411	2961	0.0698807600725903	undirected	NA	NA
2411	3038	0.207265625442955	undirected	NA	NA
2411	3176	0.0501015531606835	undirected	NA	NA
2411	3422	0.207324744556428	undirected	NA	NA
2411	3905	0.0415177674329991	undirected	NA	NA
2411	3945	0.0920155623142696	undirected	NA	NA
2411	4225	0.178706580392415	undirected	NA	NA
2411	4676	0.215958391057917	undirected	NA	NA
2411	4834	0.032294891071342	undirected	NA	NA
2411	4993	0.0195490494494113	undirected	NA	NA
2411	5119	0.238861671869303	undirected	NA	NA
2411	5618	0.170087858585389	undirected	NA	NA
2411	5621	0.0206913560673802	undirected	NA	NA
2411	5969	0.115640008706874	undirected	NA	NA
2411	6080	0.233419634050175	undirected	NA	NA
2411	6153	0.156171975226999	undirected	NA	NA
2411	6230	0.121780529096925	undirected	NA	NA
2411	6302	0.0510412327012265	undirected	NA	NA
2411	6604	0.119610519639787	undirected	NA	NA
2411	7969	0.0566033434529877	undirected	NA	NA
2411	8170	0.233134643011301	undirected	NA	NA
2411	8419	0.186704627094979	undirected	NA	NA
2411	8685	0.0723664238327524	undirected	NA	NA
2411	9554	0.0621028921188307	undirected	NA	NA
2411	9721	0.0648376897788532	undirected	NA	NA
2411	9941	0.067687014308249	undirected	NA	NA
2411	10363	0.0130463648030918	undirected	NA	NA
2411	10379	0.132254234331949	undirected	NA	NA
2411	10486	0.169004403504103	undirected	NA	NA
2411	10709	0.0826980823902256	undirected	NA	NA
2411	11065	0.229484611961131	undirected	NA	NA
2411	11644	0.14097084613778	undirected	NA	NA
2411	12779	0.176251605788289	undirected	NA	NA
2411	13347	0.0345079177652486	undirected	NA	NA
2411	13365	0.16781619458556	undirected	NA	NA
2411	13450	0.0418140021128479	undirected	NA	NA
2411	13949	0.226664300583438	undirected	NA	NA
2411	14417	0.0147556997815087	undirected	NA	NA
2411	14492	0.061039477207341	undirected	NA	NA
2411	14638	0.142791130948802	undirected	NA	NA
2411	15186	0.0206926238507244	undirected	NA	NA
2411	15363	0.0302930666105473	undirected	NA	NA
2885	2953	0.270236713044407	undirected	NA	NA
2885	2961	0.188278317190293	undirected	NA	NA
2885	3038	0.0353262489296973	undirected	NA	NA
2885	3176	0.177697401615426	undirected	NA	NA
2885	3422	0.0944871698998067	undirected	NA	NA
2885	3905	0.112198831587825	undirected	NA	NA
2885	3945	0.13853638265967	undirected	NA	NA
2885	4225	0.157500603659127	undirected	NA	NA
2885	4676	0.0554761251645205	undirected	NA	NA
2885	4834	0.21072929915125	undirected	NA	NA
2885	4993	0.242849196570714	undirected	NA	NA
2885	5119	0.0414478632097394	undirected	NA	NA
2885	5618	0.0538106547136508	undirected	NA	NA
2885	5621	0.128091450274082	undirected	NA	NA
2885	5969	0.140447353818353	undirected	NA	NA
2885	6080	0.0631842843067569	undirected	NA	NA
2885	6153	0.131708194322619	undirected	NA	NA
2885	6230	0.233982428584937	undirected	NA	NA
2885	6302	0.302133816927387	undirected	NA	NA
2885	6604	0.209197447109738	undirected	NA	NA
2885	7969	0.0875279042115387	undirected	NA	NA
2885	8170	0.0590208617966513	undirected	NA	NA
2885	8419	0.115581413462957	undirected	NA	NA
2885	8685	0.279095952966359	undirected	NA	NA
2885	9554	0.274998136066359	undirected	NA	NA
2885	9721	0.220149229806706	undirected	NA	NA
2885	9941	0.260701220125853	undirected	NA	NA
2885	10363	0.0855661455589318	undirected	NA	NA
2885	10379	0.0783701459246538	undirected	NA	NA
2885	10486	0.124538085917295	undirected	NA	NA
2885	10709	0.199806038920488	undirected	NA	NA
2885	11065	0.118278026040157	undirected	NA	NA
2885	11644	0.119714056107593	undirected	NA	NA
2885	12779	0.0617417358166559	undirected	NA	NA
2885	13347	0.0887353958076485	undirected	NA	NA
2885	13365	0.072763332965811	undirected	NA	NA
2885	13450	0.152257701748589	undirected	NA	NA
2885	13949	0.0402991449490421	undirected	NA	NA
2885	14417	0.162801709073674	undirected	NA	NA
2885	14492	0.266192052515276	undirected	NA	NA
2885	14638	0.0863043227100169	undirected	NA	NA
2885	15186	0.188328423782484	undirected	NA	NA
2885	15363	0.104239359769263	undirected	NA	NA
2953	2961	0.230396629364184	undirected	NA	NA
2953	3038	0.0499701693591568	undirected	NA	NA
2953	3176	0.203805857416106	undirected	NA	NA
2953	3422	0.11370549211519	undirected	NA	NA
2953	3905	0.084330988095888	undirected	NA	NA
2953	3945	0.0727391558546375	undirected	NA	NA
2953	4225	0.10985164830827	undirected	NA	NA
2953	4676	0.0852260676776452	undirected	NA	NA
2953	4834	0.124142447337221	undirected	NA	NA
2953	4993	0.139410156045403	undirected	NA	NA
2953	5119	0.0499474042567658	undirected	NA	NA
2953	5618	0.104571003022257	undirected	NA	NA
2953	5621	0.206461090257232	undirected	NA	NA
2953	5969	0.0715362725319236	undirected	NA	NA
2953	6080	0.0999289678409858	undirected	NA	NA
2953	6153	0.10342489454556	undirected	NA	NA
2953	6230	0.168687991691028	undirected	NA	NA
2953	6302	0.257054086104403	undirected	NA	NA
2953	6604	0.173647912037896	undirected	NA	NA
2953	7969	0.0595219866160612	undirected	NA	NA
2953	8170	0.0555826565883852	undirected	NA	NA
2953	8419	0.0996166094332512	undirected	NA	NA
2953	8685	0.195681905875004	undirected	NA	NA
2953	9554	0.212225439680958	undirected	NA	NA
2953	9721	0.278518722683084	undirected	NA	NA
2953	9941	0.204662419966838	undirected	NA	NA
2953	10363	0.124037932134109	undirected	NA	NA
2953	10379	0.124280972734617	undirected	NA	NA
2953	10486	0.0969988717923046	undirected	NA	NA
2953	10709	0.126676127286356	undirected	NA	NA
2953	11065	0.131178497773387	undirected	NA	NA
2953	11644	0.186348269266677	undirected	NA	NA
2953	12779	0.0972568543015424	undirected	NA	NA
2953	13347	0.161501022679912	undirected	NA	NA
2953	13365	0.0758641808763968	undirected	NA	NA
2953	13450	0.264170824301418	undirected	NA	NA
2953	13949	0.0702270391765457	undirected	NA	NA
2953	14417	0.0762718567697751	undirected	NA	NA
2953	14492	0.229618083258369	undirected	NA	NA
2953	14638	0.106296818861944	undirected	NA	NA
2953	15186	0.124527165645579	undirected	NA	NA
2953	15363	0.120972689917619	undirected	NA	NA
2961	3038	0.0262399649107703	undirected	NA	NA
2961	3176	0.192893864511583	undirected	NA	NA
2961	3422	0.0692188695264531	undirected	NA	NA
2961	3905	0.11301881686991	undirected	NA	NA
2961	3945	0.0970601897242626	undirected	NA	NA
2961	4225	0.136603859657167	undirected	NA	NA
2961	4676	0.0396389169913936	undirected	NA	NA
2961	4834	0.234730186783381	undirected	NA	NA
2961	4993	0.260178714388374	undirected	NA	NA
2961	5119	0.0330730072868698	undirected	NA	NA
2961	5618	0.0344537934732595	undirected	NA	NA
2961	5621	0.0972803134727649	undirected	NA	NA
2961	5969	0.10847991133271	undirected	NA	NA
2961	6080	0.048794273620734	undirected	NA	NA
2961	6153	0.10686463271741	undirected	NA	NA
2961	6230	0.248869828706343	undirected	NA	NA
2961	6302	0.259198573252221	undirected	NA	NA
2961	6604	0.237222964138941	undirected	NA	NA
2961	7969	0.090549870112684	undirected	NA	NA
2961	8170	0.051022723781774	undirected	NA	NA
2961	8419	0.0878019689880208	undirected	NA	NA
2961	8685	0.268595928492137	undirected	NA	NA
2961	9554	0.290496595753921	undirected	NA	NA
2961	9721	0.185516968718616	undirected	NA	NA
2961	9941	0.232614183722182	undirected	NA	NA
2961	10363	0.0585473049748425	undirected	NA	NA
2961	10379	0.0466686217161528	undirected	NA	NA
2961	10486	0.092886744059021	undirected	NA	NA
2961	10709	0.242124346569259	undirected	NA	NA
2961	11065	0.103702330573009	undirected	NA	NA
2961	11644	0.0858261294286311	undirected	NA	NA
2961	12779	0.0390967508332645	undirected	NA	NA
2961	13347	0.0588851833520798	undirected	NA	NA
2961	13365	0.058236642073288	undirected	NA	NA
2961	13450	0.14192773147336	undirected	NA	NA
2961	13949	0.0289564951260989	undirected	NA	NA
2961	14417	0.174049442421226	undirected	NA	NA
2961	14492	0.256600565371851	undirected	NA	NA
2961	14638	0.05286071300577	undirected	NA	NA
2961	15186	0.166762076630638	undirected	NA	NA
2961	15363	0.0615058946554765	undirected	NA	NA
3038	3176	0.0155770555717631	undirected	NA	NA
3038	3422	0.192336864404338	undirected	NA	NA
3038	3905	0.0157588368972073	undirected	NA	NA
3038	3945	0.232663837879989	undirected	NA	NA
3038	4225	0.15499733479628	undirected	NA	NA
3038	4676	0.214485197065532	undirected	NA	NA
3038	4834	0.0133711276301551	undirected	NA	NA
3038	4993	0.00845180768963371	undirected	NA	NA
3038	5119	0.253007061389993	undirected	NA	NA
3038	5618	0.197017957034677	undirected	NA	NA
3038	5621	0.015201457782676	undirected	NA	NA
3038	5969	0.22855966018014	undirected	NA	NA
3038	6080	0.221656356113473	undirected	NA	NA
3038	6153	0.118573244244914	undirected	NA	NA
3038	6230	0.0557642399104738	undirected	NA	NA
3038	6302	0.0421150473508119	undirected	NA	NA
3038	6604	0.0536083189153697	undirected	NA	NA
3038	7969	0.0231549207149807	undirected	NA	NA
3038	8170	0.217910773021588	undirected	NA	NA
3038	8419	0.224584458583712	undirected	NA	NA
3038	8685	0.0402370579236019	undirected	NA	NA
3038	9554	0.0272025021517831	undirected	NA	NA
3038	9721	0.0464813638407315	undirected	NA	NA
3038	9941	0.0648713787692624	undirected	NA	NA
3038	10363	0.00513169977881879	undirected	NA	NA
3038	10379	0.145484144107785	undirected	NA	NA
3038	10486	0.218539799068032	undirected	NA	NA
3038	10709	0.0284133927999671	undirected	NA	NA
3038	11065	0.155609083454658	undirected	NA	NA
3038	11644	0.160268680666807	undirected	NA	NA
3038	12779	0.180287740567748	undirected	NA	NA
3038	13347	0.0558517364604979	undirected	NA	NA
3038	13365	0.133078165917297	undirected	NA	NA
3038	13450	0.00923874779630933	undirected	NA	NA
3038	13949	0.24576417158694	undirected	NA	NA
3038	14417	0.00475005323587722	undirected	NA	NA
3038	14492	0.0320591954361482	undirected	NA	NA
3038	14638	0.207691956639133	undirected	NA	NA
3038	15186	0.0100420718145797	undirected	NA	NA
3038	15363	0.0576480547736854	undirected	NA	NA
3176	3422	0.0445873730617354	undirected	NA	NA
3176	3905	0.0711163056058131	undirected	NA	NA
3176	3945	0.0952634595179153	undirected	NA	NA
3176	4225	0.0888453846054653	undirected	NA	NA
3176	4676	0.0241773817575508	undirected	NA	NA
3176	4834	0.181902330056409	undirected	NA	NA
3176	4993	0.247293613204646	undirected	NA	NA
3176	5119	0.0222103177599443	undirected	NA	NA
3176	5618	0.0241672716913165	undirected	NA	NA
3176	5621	0.0973213379214524	undirected	NA	NA
3176	5969	0.0943611219228525	undirected	NA	NA
3176	6080	0.0360649555064728	undirected	NA	NA
3176	6153	0.0583434223063555	undirected	NA	NA
3176	6230	0.174444220416655	undirected	NA	NA
3176	6302	0.21795295904703	undirected	NA	NA
3176	6604	0.206678220556743	undirected	NA	NA
3176	7969	0.0548409889211802	undirected	NA	NA
3176	8170	0.032733091706727	undirected	NA	NA
3176	8419	0.0636507502765536	undirected	NA	NA
3176	8685	0.210007539286062	undirected	NA	NA
3176	9554	0.225095904262986	undirected	NA	NA
3176	9721	0.183321285753578	undirected	NA	NA
3176	9941	0.177765984106815	undirected	NA	NA
3176	10363	0.0403591182127356	undirected	NA	NA
3176	10379	0.0309054855499946	undirected	NA	NA
3176	10486	0.0659977841768563	undirected	NA	NA
3176	10709	0.171131328086819	undirected	NA	NA
3176	11065	0.0697688141245531	undirected	NA	NA
3176	11644	0.0728704531193746	undirected	NA	NA
3176	12779	0.0225930724937221	undirected	NA	NA
3176	13347	0.0535684462902472	undirected	NA	NA
3176	13365	0.0369554887195984	undirected	NA	NA
3176	13450	0.102271231508716	undirected	NA	NA
3176	13949	0.0220073674617676	undirected	NA	NA
3176	14417	0.11453239413656	undirected	NA	NA
3176	14492	0.211141920037554	undirected	NA	NA
3176	14638	0.0412377098907115	undirected	NA	NA
3176	15186	0.121804386965284	undirected	NA	NA
3176	15363	0.0452978519960701	undirected	NA	NA
3422	3905	0.0436589669440072	undirected	NA	NA
3422	3945	0.28009438707109	undirected	NA	NA
3422	4225	0.195542603121962	undirected	NA	NA
3422	4676	0.25669065504278	undirected	NA	NA
3422	4834	0.042343650779635	undirected	NA	NA
3422	4993	0.0348817766169033	undirected	NA	NA
3422	5119	0.253690887830138	undirected	NA	NA
3422	5618	0.259667609767538	undirected	NA	NA
3422	5621	0.0415758395012759	undirected	NA	NA
3422	5969	0.266120179290379	undirected	NA	NA
3422	6080	0.273856020036191	undirected	NA	NA
3422	6153	0.17386350772005	undirected	NA	NA
3422	6230	0.0970245676371491	undirected	NA	NA
3422	6302	0.11011118338701	undirected	NA	NA
3422	6604	0.0873419140703526	undirected	NA	NA
3422	7969	0.0518828346025309	undirected	NA	NA
3422	8170	0.24007639093458	undirected	NA	NA
3422	8419	0.24683402657636	undirected	NA	NA
3422	8685	0.0877996553865296	undirected	NA	NA
3422	9554	0.0634636868129355	undirected	NA	NA
3422	9721	0.115688802022007	undirected	NA	NA
3422	9941	0.12861286288978	undirected	NA	NA
3422	10363	0.0205531969383459	undirected	NA	NA
3422	10379	0.200911568345332	undirected	NA	NA
3422	10486	0.250814419313197	undirected	NA	NA
3422	10709	0.055980384669938	undirected	NA	NA
3422	11065	0.18708892953837	undirected	NA	NA
3422	11644	0.256653185829864	undirected	NA	NA
3422	12779	0.233012547844761	undirected	NA	NA
3422	13347	0.101566809239181	undirected	NA	NA
3422	13365	0.190147425143697	undirected	NA	NA
3422	13450	0.0275296874224252	undirected	NA	NA
3422	13949	0.262498502766131	undirected	NA	NA
3422	14417	0.0204953046614758	undirected	NA	NA
3422	14492	0.0864321996126253	undirected	NA	NA
3422	14638	0.23535466079349	undirected	NA	NA
3422	15186	0.0406116784599057	undirected	NA	NA
3422	15363	0.123253951477021	undirected	NA	NA
3905	3945	0.033270202060066	undirected	NA	NA
3905	4225	0.108580305052638	undirected	NA	NA
3905	4676	0.0350567197171883	undirected	NA	NA
3905	4834	0.213833030889236	undirected	NA	NA
3905	4993	0.126079968777629	undirected	NA	NA
3905	5119	0.0261013475767007	undirected	NA	NA
3905	5618	0.02718639773087	undirected	NA	NA
3905	5621	0.0218996503668714	undirected	NA	NA
3905	5969	0.0486913324604255	undirected	NA	NA
3905	6080	0.0418846972820752	undirected	NA	NA
3905	6153	0.134882956938576	undirected	NA	NA
3905	6230	0.170871481421598	undirected	NA	NA
3905	6302	0.140220631030501	undirected	NA	NA
3905	6604	0.0776454757173167	undirected	NA	NA
3905	7969	0.216320371318674	undirected	NA	NA
3905	8170	0.0521589952990819	undirected	NA	NA
3905	8419	0.0476586301706888	undirected	NA	NA
3905	8685	0.154390797327764	undirected	NA	NA
3905	9554	0.168065360586879	undirected	NA	NA
3905	9721	0.0767514918466537	undirected	NA	NA
3905	9941	0.141198384392746	undirected	NA	NA
3905	10363	0.0504773209334412	undirected	NA	NA
3905	10379	0.0273083471422296	undirected	NA	NA
3905	10486	0.0571411252863558	undirected	NA	NA
3905	10709	0.176665168653208	undirected	NA	NA
3905	11065	0.0585909820689816	undirected	NA	NA
3905	11644	0.0459843700833553	undirected	NA	NA
3905	12779	0.0291540360541069	undirected	NA	NA
3905	13347	0.0160654539763858	undirected	NA	NA
3905	13365	0.108626262414877	undirected	NA	NA
3905	13450	0.0699517728919346	undirected	NA	NA
3905	13949	0.0214127507903227	undirected	NA	NA
3905	14417	0.254226015670771	undirected	NA	NA
3905	14492	0.18042223165785	undirected	NA	NA
3905	14638	0.0220655399460306	undirected	NA	NA
3905	15186	0.209768050982519	undirected	NA	NA
3905	15363	0.0457783255709086	undirected	NA	NA
3945	4225	0.255739576893078	undirected	NA	NA
3945	4676	0.237284787788735	undirected	NA	NA
3945	4834	0.0310860204957051	undirected	NA	NA
3945	4993	0.0380503548589082	undirected	NA	NA
3945	5119	0.174932654943973	undirected	NA	NA
3945	5618	0.223950060435052	undirected	NA	NA
3945	5621	0.0261708842141852	undirected	NA	NA
3945	5969	0.26640232583833	undirected	NA	NA
3945	6080	0.234858895261118	undirected	NA	NA
3945	6153	0.222063403202561	undirected	NA	NA
3945	6230	0.146688885983583	undirected	NA	NA
3945	6302	0.0807830096515446	undirected	NA	NA
3945	6604	0.126457831633037	undirected	NA	NA
3945	7969	0.040995550149229	undirected	NA	NA
3945	8170	0.147576746804111	undirected	NA	NA
3945	8419	0.284834870752746	undirected	NA	NA
3945	8685	0.149437211137015	undirected	NA	NA
3945	9554	0.0262545075418547	undirected	NA	NA
3945	9721	0.147440191191536	undirected	NA	NA
3945	9941	0.058631479856037	undirected	NA	NA
3945	10363	0.00526951028998671	undirected	NA	NA
3945	10379	0.249821767032275	undirected	NA	NA
3945	10486	0.289832651371071	undirected	NA	NA
3945	10709	0.0920251515879895	undirected	NA	NA
3945	11065	0.257300836847738	undirected	NA	NA
3945	11644	0.211718744300629	undirected	NA	NA
3945	12779	0.246593781204912	undirected	NA	NA
3945	13347	0.0567196247021242	undirected	NA	NA
3945	13365	0.154683520989163	undirected	NA	NA
3945	13450	0.00526080644084658	undirected	NA	NA
3945	13949	0.222039841879283	undirected	NA	NA
3945	14417	0.00934895983784068	undirected	NA	NA
3945	14492	0.0718816540578294	undirected	NA	NA
3945	14638	0.26592684225403	undirected	NA	NA
3945	15186	0.0322178749239861	undirected	NA	NA
3945	15363	0.0709384136750527	undirected	NA	NA
4225	4676	0.213765689444935	undirected	NA	NA
4225	4834	0.0975476145215966	undirected	NA	NA
4225	4993	0.0795701544763058	undirected	NA	NA
4225	5119	0.215791027627138	undirected	NA	NA
4225	5618	0.189075536646994	undirected	NA	NA
4225	5621	0.028149989047159	undirected	NA	NA
4225	5969	0.266126201549363	undirected	NA	NA
4225	6080	0.239082791033113	undirected	NA	NA
4225	6153	0.240016107618266	undirected	NA	NA
4225	6230	0.160557534621575	undirected	NA	NA
4225	6302	0.144630196170664	undirected	NA	NA
4225	6604	0.121055288061359	undirected	NA	NA
4225	7969	0.125446090544429	undirected	NA	NA
4225	8170	0.235065097442396	undirected	NA	NA
4225	8419	0.203278824604901	undirected	NA	NA
4225	8685	0.140175065636639	undirected	NA	NA
4225	9554	0.0869284553163508	undirected	NA	NA
4225	9721	0.157076888384621	undirected	NA	NA
4225	9941	0.134517533755658	undirected	NA	NA
4225	10363	0.0172708140918497	undirected	NA	NA
4225	10379	0.151913679880321	undirected	NA	NA
4225	10486	0.217405325711388	undirected	NA	NA
4225	10709	0.119511038892796	undirected	NA	NA
4225	11065	0.203694359350226	undirected	NA	NA
4225	11644	0.216934447352268	undirected	NA	NA
4225	12779	0.17996705561667	undirected	NA	NA
4225	13347	0.053055592365562	undirected	NA	NA
4225	13365	0.236688915312079	undirected	NA	NA
4225	13450	0.0237323026773364	undirected	NA	NA
4225	13949	0.201445586378498	undirected	NA	NA
4225	14417	0.0470919405238352	undirected	NA	NA
4225	14492	0.156460522189096	undirected	NA	NA
4225	14638	0.146491463847406	undirected	NA	NA
4225	15186	0.091110731317097	undirected	NA	NA
4225	15363	0.0895018449995516	undirected	NA	NA
4676	4834	0.0292808711220706	undirected	NA	NA
4676	4993	0.0188413998720224	undirected	NA	NA
4676	5119	0.252132708576314	undirected	NA	NA
4676	5618	0.228595825440514	undirected	NA	NA
4676	5621	0.028019894563534	undirected	NA	NA
4676	5969	0.241089342941388	undirected	NA	NA
4676	6080	0.242805480539935	undirected	NA	NA
4676	6153	0.192547303255941	undirected	NA	NA
4676	6230	0.0902308262197188	undirected	NA	NA
4676	6302	0.0806771801267792	undirected	NA	NA
4676	6604	0.069709793096013	undirected	NA	NA
4676	7969	0.0437639494199212	undirected	NA	NA
4676	8170	0.243325588864622	undirected	NA	NA
4676	8419	0.26895408322192	undirected	NA	NA
4676	8685	0.0709753930555573	undirected	NA	NA
4676	9554	0.0526826846481793	undirected	NA	NA
4676	9721	0.0720399607574849	undirected	NA	NA
4676	9941	0.114415720804552	undirected	NA	NA
4676	10363	0.020517135671956	undirected	NA	NA
4676	10379	0.219220763269376	undirected	NA	NA
4676	10486	0.271343242884211	undirected	NA	NA
4676	10709	0.0482170210821176	undirected	NA	NA
4676	11065	0.204807654612542	undirected	NA	NA
4676	11644	0.211908626913247	undirected	NA	NA
4676	12779	0.244988806556778	undirected	NA	NA
4676	13347	0.0823436832959146	undirected	NA	NA
4676	13365	0.175534021289232	undirected	NA	NA
4676	13450	0.0264728497683569	undirected	NA	NA
4676	13949	0.239849896941919	undirected	NA	NA
4676	14417	0.0163121772551612	undirected	NA	NA
4676	14492	0.0604820266221715	undirected	NA	NA
4676	14638	0.257774559070282	undirected	NA	NA
4676	15186	0.0283798463635639	undirected	NA	NA
4676	15363	0.110794050604389	undirected	NA	NA
4834	4993	0.162236913858003	undirected	NA	NA
4834	5119	0.0220060138226789	undirected	NA	NA
4834	5618	0.0256323667021379	undirected	NA	NA
4834	5621	0.046665952296702	undirected	NA	NA
4834	5969	0.0430708698924816	undirected	NA	NA
4834	6080	0.040306803531674	undirected	NA	NA
4834	6153	0.10059835036107	undirected	NA	NA
4834	6230	0.227660409310618	undirected	NA	NA
4834	6302	0.153224786605621	undirected	NA	NA
4834	6604	0.159471977535358	undirected	NA	NA
4834	7969	0.178177129957548	undirected	NA	NA
4834	8170	0.0375818139058211	undirected	NA	NA
4834	8419	0.0448723783476876	undirected	NA	NA
4834	8685	0.223936950650628	undirected	NA	NA
4834	9554	0.226414244573596	undirected	NA	NA
4834	9721	0.162911890639328	undirected	NA	NA
4834	9941	0.156231948462178	undirected	NA	NA
4834	10363	0.0503984999608382	undirected	NA	NA
4834	10379	0.0278483558359845	undirected	NA	NA
4834	10486	0.049404295101498	undirected	NA	NA
4834	10709	0.250653310691481	undirected	NA	NA
4834	11065	0.0701678925220349	undirected	NA	NA
4834	11644	0.0663759240413668	undirected	NA	NA
4834	12779	0.0249617572702756	undirected	NA	NA
4834	13347	0.0260546762153996	undirected	NA	NA
4834	13365	0.0756369054413065	undirected	NA	NA
4834	13450	0.123874930915906	undirected	NA	NA
4834	13949	0.0199268371195892	undirected	NA	NA
4834	14417	0.205218148489781	undirected	NA	NA
4834	14492	0.230096795805924	undirected	NA	NA
4834	14638	0.0223601217781991	undirected	NA	NA
4834	15186	0.17896304579547	undirected	NA	NA
4834	15363	0.0336563988778863	undirected	NA	NA
4993	5119	0.0110051567189835	undirected	NA	NA
4993	5618	0.018789294102946	undirected	NA	NA
4993	5621	0.0659830325354184	undirected	NA	NA
4993	5969	0.0451303308446846	undirected	NA	NA
4993	6080	0.0272661062587149	undirected	NA	NA
4993	6153	0.0694293043683018	undirected	NA	NA
4993	6230	0.22068091667011	undirected	NA	NA
4993	6302	0.158118528770742	undirected	NA	NA
4993	6604	0.199558960006962	undirected	NA	NA
4993	7969	0.0917728071507638	undirected	NA	NA
4993	8170	0.0186305340935602	undirected	NA	NA
4993	8419	0.0399999962341998	undirected	NA	NA
4993	8685	0.262724809542619	undirected	NA	NA
4993	9554	0.207091594587216	undirected	NA	NA
4993	9721	0.192940530569183	undirected	NA	NA
4993	9941	0.141037320341592	undirected	NA	NA
4993	10363	0.044842670046994	undirected	NA	NA
4993	10379	0.0259383070193528	undirected	NA	NA
4993	10486	0.0433135258082826	undirected	NA	NA
4993	10709	0.240080657413398	undirected	NA	NA
4993	11065	0.0616047264474413	undirected	NA	NA
4993	11644	0.0610133572208129	undirected	NA	NA
4993	12779	0.0184812036376172	undirected	NA	NA
4993	13347	0.0301593617129602	undirected	NA	NA
4993	13365	0.04010940455497	undirected	NA	NA
4993	13450	0.11147883683165	undirected	NA	NA
4993	13949	0.0123768368469881	undirected	NA	NA
4993	14417	0.151352509295038	undirected	NA	NA
4993	14492	0.213940910439043	undirected	NA	NA
4993	14638	0.0225083151072882	undirected	NA	NA
4993	15186	0.146861195175995	undirected	NA	NA
4993	15363	0.0305763363138372	undirected	NA	NA
5119	5618	0.203818466296888	undirected	NA	NA
5119	5621	0.0133079288671612	undirected	NA	NA
5119	5969	0.200195993697596	undirected	NA	NA
5119	6080	0.236564160009242	undirected	NA	NA
5119	6153	0.195363630078274	undirected	NA	NA
5119	6230	0.0943068835151469	undirected	NA	NA
5119	6302	0.0465815700086456	undirected	NA	NA
5119	6604	0.0719254601988765	undirected	NA	NA
5119	7969	0.0396537009031261	undirected	NA	NA
5119	8170	0.219573165597637	undirected	NA	NA
5119	8419	0.253432733702911	undirected	NA	NA
5119	8685	0.0600690127070364	undirected	NA	NA
5119	9554	0.0456596744871937	undirected	NA	NA
5119	9721	0.0391272290137621	undirected	NA	NA
5119	9941	0.0827876320768489	undirected	NA	NA
5119	10363	0.0108075036597844	undirected	NA	NA
5119	10379	0.180425500761476	undirected	NA	NA
5119	10486	0.246709073537822	undirected	NA	NA
5119	10709	0.0533515592603536	undirected	NA	NA
5119	11065	0.223634690661692	undirected	NA	NA
5119	11644	0.128599357152494	undirected	NA	NA
5119	12779	0.234027483575008	undirected	NA	NA
5119	13347	0.0428707927787724	undirected	NA	NA
5119	13365	0.173594139648419	undirected	NA	NA
5119	13450	0.0199783908493937	undirected	NA	NA
5119	13949	0.235232392415954	undirected	NA	NA
5119	14417	0.0119814089127206	undirected	NA	NA
5119	14492	0.0397874129433416	undirected	NA	NA
5119	14638	0.209701375265187	undirected	NA	NA
5119	15186	0.0159677489241691	undirected	NA	NA
5119	15363	0.0538101877062379	undirected	NA	NA
5618	5621	0.0475370530020172	undirected	NA	NA
5618	5969	0.212362252931233	undirected	NA	NA
5618	6080	0.216274015727205	undirected	NA	NA
5618	6153	0.176534650279813	undirected	NA	NA
5618	6230	0.0765208481060618	undirected	NA	NA
5618	6302	0.0905965358341381	undirected	NA	NA
5618	6604	0.0615759087161418	undirected	NA	NA
5618	7969	0.0311957226039181	undirected	NA	NA
5618	8170	0.192729786868402	undirected	NA	NA
5618	8419	0.256058805011845	undirected	NA	NA
5618	8685	0.0659468782277925	undirected	NA	NA
5618	9554	0.0554463802976534	undirected	NA	NA
5618	9721	0.0761404530686364	undirected	NA	NA
5618	9941	0.124408066009003	undirected	NA	NA
5618	10363	0.0365801542549817	undirected	NA	NA
5618	10379	0.260129050411992	undirected	NA	NA
5618	10486	0.257297835609684	undirected	NA	NA
5618	10709	0.0376603245717085	undirected	NA	NA
5618	11065	0.194651980454358	undirected	NA	NA
5618	11644	0.218955068105825	undirected	NA	NA
5618	12779	0.265707454121957	undirected	NA	NA
5618	13347	0.117427030758284	undirected	NA	NA
5618	13365	0.143757286907116	undirected	NA	NA
5618	13450	0.0408333962136954	undirected	NA	NA
5618	13949	0.210901024310549	undirected	NA	NA
5618	14417	0.0165777554522926	undirected	NA	NA
5618	14492	0.0567014474077051	undirected	NA	NA
5618	14638	0.287140948845397	undirected	NA	NA
5618	15186	0.0283798645540098	undirected	NA	NA
5618	15363	0.146918426844971	undirected	NA	NA
5621	5969	0.0206698263038433	undirected	NA	NA
5621	6080	0.0351832674030754	undirected	NA	NA
5621	6153	0.0254534243743949	undirected	NA	NA
5621	6230	0.0495579897675056	undirected	NA	NA
5621	6302	0.161040202258017	undirected	NA	NA
5621	6604	0.0679423601326378	undirected	NA	NA
5621	7969	0.0125764585051975	undirected	NA	NA
5621	8170	0.0140964049109976	undirected	NA	NA
5621	8419	0.0323766408173453	undirected	NA	NA
5621	8685	0.0674878582014288	undirected	NA	NA
5621	9554	0.0853174681045274	undirected	NA	NA
5621	9721	0.163750265579191	undirected	NA	NA
5621	9941	0.143045318768755	undirected	NA	NA
5621	10363	0.0687208807502982	undirected	NA	NA
5621	10379	0.0655413974928221	undirected	NA	NA
5621	10486	0.0295189342021768	undirected	NA	NA
5621	10709	0.033803915490171	undirected	NA	NA
5621	11065	0.047187743197691	undirected	NA	NA
5621	11644	0.110881201941836	undirected	NA	NA
5621	12779	0.0386993962410919	undirected	NA	NA
5621	13347	0.177947461475769	undirected	NA	NA
5621	13365	0.0177633828635261	undirected	NA	NA
5621	13450	0.148341603073175	undirected	NA	NA
5621	13949	0.0248954329376128	undirected	NA	NA
5621	14417	0.0268589222402366	undirected	NA	NA
5621	14492	0.10084573490427	undirected	NA	NA
5621	14638	0.0517562665616616	undirected	NA	NA
5621	15186	0.0479325977232133	undirected	NA	NA
5621	15363	0.103831927964729	undirected	NA	NA
5969	6080	0.24556958634771	undirected	NA	NA
5969	6153	0.244725560483132	undirected	NA	NA
5969	6230	0.162747333750979	undirected	NA	NA
5969	6302	0.0870775294932061	undirected	NA	NA
5969	6604	0.124606605146896	undirected	NA	NA
5969	7969	0.0611368748089262	undirected	NA	NA
5969	8170	0.181085872444615	undirected	NA	NA
5969	8419	0.265817501135423	undirected	NA	NA
5969	8685	0.150896774869622	undirected	NA	NA
5969	9554	0.0341362570011471	undirected	NA	NA
5969	9721	0.14201483424332	undirected	NA	NA
5969	9941	0.0680017148311014	undirected	NA	NA
5969	10363	0.00547341966373981	undirected	NA	NA
5969	10379	0.214422301602139	undirected	NA	NA
5969	10486	0.273051644681781	undirected	NA	NA
5969	10709	0.109608828092234	undirected	NA	NA
5969	11065	0.256491903452648	undirected	NA	NA
5969	11644	0.204887431805055	undirected	NA	NA
5969	12779	0.230335165546232	undirected	NA	NA
5969	13347	0.0460340322246835	undirected	NA	NA
5969	13365	0.18705585573101	undirected	NA	NA
5969	13450	0.00627703978389791	undirected	NA	NA
5969	13949	0.226833379891219	undirected	NA	NA
5969	14417	0.0137299390346574	undirected	NA	NA
5969	14492	0.0879303851274629	undirected	NA	NA
5969	14638	0.221095581829139	undirected	NA	NA
5969	15186	0.0413786609888372	undirected	NA	NA
5969	15363	0.065130183771553	undirected	NA	NA
6080	6153	0.213303828792694	undirected	NA	NA
6080	6230	0.117875226195679	undirected	NA	NA
6080	6302	0.0944778942574238	undirected	NA	NA
6080	6604	0.0939061700028345	undirected	NA	NA
6080	7969	0.0500810235726345	undirected	NA	NA
6080	8170	0.238627658093323	undirected	NA	NA
6080	8419	0.282706662236443	undirected	NA	NA
6080	8685	0.0925385206936454	undirected	NA	NA
6080	9554	0.0728339031486963	undirected	NA	NA
6080	9721	0.0794851005795565	undirected	NA	NA
6080	9941	0.133337520993815	undirected	NA	NA
6080	10363	0.025693657985292	undirected	NA	NA
6080	10379	0.224275083863368	undirected	NA	NA
6080	10486	0.28228447496894	undirected	NA	NA
6080	10709	0.0679240915980404	undirected	NA	NA
6080	11065	0.234060932734241	undirected	NA	NA
6080	11644	0.203015863255156	undirected	NA	NA
6080	12779	0.251747885167706	undirected	NA	NA
6080	13347	0.0858762562168573	undirected	NA	NA
6080	13365	0.166213761066594	undirected	NA	NA
6080	13450	0.0389338940027829	undirected	NA	NA
6080	13949	0.217022251712238	undirected	NA	NA
6080	14417	0.0237621579273433	undirected	NA	NA
6080	14492	0.0743731813515609	undirected	NA	NA
6080	14638	0.258684634615809	undirected	NA	NA
6080	15186	0.0355227806810059	undirected	NA	NA
6080	15363	0.105889725460597	undirected	NA	NA
6153	6230	0.162342506762823	undirected	NA	NA
6153	6302	0.147181531200354	undirected	NA	NA
6153	6604	0.101154901487479	undirected	NA	NA
6153	7969	0.150698501142657	undirected	NA	NA
6153	8170	0.227128076785655	undirected	NA	NA
6153	8419	0.211014121856106	undirected	NA	NA
6153	8685	0.147913153707953	undirected	NA	NA
6153	9554	0.0884941418024931	undirected	NA	NA
6153	9721	0.132853140148303	undirected	NA	NA
6153	9941	0.143600460635476	undirected	NA	NA
6153	10363	0.0279008485101397	undirected	NA	NA
6153	10379	0.131311387570441	undirected	NA	NA
6153	10486	0.233235837036025	undirected	NA	NA
6153	10709	0.115501169363925	undirected	NA	NA
6153	11065	0.159886731344489	undirected	NA	NA
6153	11644	0.200910240764066	undirected	NA	NA
6153	12779	0.160690081389644	undirected	NA	NA
6153	13347	0.0498722994637945	undirected	NA	NA
6153	13365	0.252503140033522	undirected	NA	NA
6153	13450	0.0297041883947374	undirected	NA	NA
6153	13949	0.172452090450294	undirected	NA	NA
6153	14417	0.0639581779385188	undirected	NA	NA
6153	14492	0.15478726257279	undirected	NA	NA
6153	14638	0.153947085388967	undirected	NA	NA
6153	15186	0.11380978923985	undirected	NA	NA
6153	15363	0.111502487831103	undirected	NA	NA
6230	6302	0.228773387488713	undirected	NA	NA
6230	6604	0.185068472229731	undirected	NA	NA
6230	7969	0.169075154711805	undirected	NA	NA
6230	8170	0.128603393446504	undirected	NA	NA
6230	8419	0.113792394875934	undirected	NA	NA
6230	8685	0.21061666226542	undirected	NA	NA
6230	9554	0.19349311138697	undirected	NA	NA
6230	9721	0.216569588083083	undirected	NA	NA
6230	9941	0.187695231841581	undirected	NA	NA
6230	10363	0.030243935545528	undirected	NA	NA
6230	10379	0.0655413818881314	undirected	NA	NA
6230	10486	0.123136999555875	undirected	NA	NA
6230	10709	0.20201987286278	undirected	NA	NA
6230	11065	0.135756398962139	undirected	NA	NA
6230	11644	0.141500178953638	undirected	NA	NA
6230	12779	0.0708212068564462	undirected	NA	NA
6230	13347	0.0411800065395856	undirected	NA	NA
6230	13365	0.148534695896652	undirected	NA	NA
6230	13450	0.0596993138775945	undirected	NA	NA
6230	13949	0.0808662656106952	undirected	NA	NA
6230	14417	0.127566425207939	undirected	NA	NA
6230	14492	0.274256974427996	undirected	NA	NA
6230	14638	0.0655211067552002	undirected	NA	NA
6230	15186	0.172696792702826	undirected	NA	NA
6230	15363	0.0634975286613858	undirected	NA	NA
6302	6604	0.186395173090262	undirected	NA	NA
6302	7969	0.10712989801946	undirected	NA	NA
6302	8170	0.0585968852781268	undirected	NA	NA
6302	8419	0.104319782757616	undirected	NA	NA
6302	8685	0.265248041134563	undirected	NA	NA
6302	9554	0.281135167278379	undirected	NA	NA
6302	9721	0.276865371176145	undirected	NA	NA
6302	9941	0.264824236545963	undirected	NA	NA
6302	10363	0.141342428178341	undirected	NA	NA
6302	10379	0.109210441112401	undirected	NA	NA
6302	10486	0.109697297171129	undirected	NA	NA
6302	10709	0.184066303988009	undirected	NA	NA
6302	11065	0.131282191328165	undirected	NA	NA
6302	11644	0.164092118586342	undirected	NA	NA
6302	12779	0.0881534254368966	undirected	NA	NA
6302	13347	0.120223744199488	undirected	NA	NA
6302	13365	0.103135875868136	undirected	NA	NA
6302	13450	0.249044081522033	undirected	NA	NA
6302	13949	0.0587712381325487	undirected	NA	NA
6302	14417	0.15100781978376	undirected	NA	NA
6302	14492	0.257899416439617	undirected	NA	NA
6302	14638	0.0901839870667707	undirected	NA	NA
6302	15186	0.172269019588631	undirected	NA	NA
6302	15363	0.114193708850763	undirected	NA	NA
6604	7969	0.0750752449785769	undirected	NA	NA
6604	8170	0.0875162736304043	undirected	NA	NA
6604	8419	0.0846981330179173	undirected	NA	NA
6604	8685	0.171315724213151	undirected	NA	NA
6604	9554	0.175897624867926	undirected	NA	NA
6604	9721	0.204930013623517	undirected	NA	NA
6604	9941	0.155867882405196	undirected	NA	NA
6604	10363	0.0212257483622602	undirected	NA	NA
6604	10379	0.0595620245520361	undirected	NA	NA
6604	10486	0.0833043787117941	undirected	NA	NA
6604	10709	0.175414972486385	undirected	NA	NA
6604	11065	0.132624120753753	undirected	NA	NA
6604	11644	0.120583998150224	undirected	NA	NA
6604	12779	0.0579157817958319	undirected	NA	NA
6604	13347	0.0543229197499403	undirected	NA	NA
6604	13365	0.0796437448079577	undirected	NA	NA
6604	13450	0.05773973184964	undirected	NA	NA
6604	13949	0.0705321754365537	undirected	NA	NA
6604	14417	0.0703256466077235	undirected	NA	NA
6604	14492	0.205003732214208	undirected	NA	NA
6604	14638	0.0561951602759032	undirected	NA	NA
6604	15186	0.0931725934106936	undirected	NA	NA
6604	15363	0.0432160331749108	undirected	NA	NA
7969	8170	0.0724882940551477	undirected	NA	NA
7969	8419	0.0584809810967641	undirected	NA	NA
7969	8685	0.139110822025681	undirected	NA	NA
7969	9554	0.125564559129979	undirected	NA	NA
7969	9721	0.0597081754138419	undirected	NA	NA
7969	9941	0.112904881512996	undirected	NA	NA
7969	10363	0.0308503528481582	undirected	NA	NA
7969	10379	0.0294377130472324	undirected	NA	NA
7969	10486	0.0693228128470063	undirected	NA	NA
7969	10709	0.172841355034103	undirected	NA	NA
7969	11065	0.0670449733334365	undirected	NA	NA
7969	11644	0.0456205564664204	undirected	NA	NA
7969	12779	0.0349365955355853	undirected	NA	NA
7969	13347	0.0112410027561768	undirected	NA	NA
7969	13365	0.123009166847053	undirected	NA	NA
7969	13450	0.0440271755483245	undirected	NA	NA
7969	13949	0.028518970070612	undirected	NA	NA
7969	14417	0.191976273644753	undirected	NA	NA
7969	14492	0.152190318727903	undirected	NA	NA
7969	14638	0.0261395923647315	undirected	NA	NA
7969	15186	0.166976338623256	undirected	NA	NA
7969	15363	0.036608802486421	undirected	NA	NA
8170	8419	0.23485080387935	undirected	NA	NA
8170	8685	0.0842604288613843	undirected	NA	NA
8170	9554	0.0647574981313951	undirected	NA	NA
8170	9721	0.0516647405624496	undirected	NA	NA
8170	9941	0.098831809941098	undirected	NA	NA
8170	10363	0.0168171065469166	undirected	NA	NA
8170	10379	0.163333212425858	undirected	NA	NA
8170	10486	0.233288722122043	undirected	NA	NA
8170	10709	0.0827026886437916	undirected	NA	NA
8170	11065	0.226897096197113	undirected	NA	NA
8170	11644	0.135807534558566	undirected	NA	NA
8170	12779	0.214940797023555	undirected	NA	NA
8170	13347	0.0366019684142858	undirected	NA	NA
8170	13365	0.210895865751352	undirected	NA	NA
8170	13450	0.0301402546899852	undirected	NA	NA
8170	13949	0.221128096139625	undirected	NA	NA
8170	14417	0.0253899809618003	undirected	NA	NA
8170	14492	0.0559154468765838	undirected	NA	NA
8170	14638	0.176565268119212	undirected	NA	NA
8170	15186	0.0284743452212089	undirected	NA	NA
8170	15363	0.0541000443887974	undirected	NA	NA
8419	8685	0.0956147470096529	undirected	NA	NA
8419	9554	0.0530958855039609	undirected	NA	NA
8419	9721	0.130824264521175	undirected	NA	NA
8419	9941	0.106825179744324	undirected	NA	NA
8419	10363	0.0119898904061745	undirected	NA	NA
8419	10379	0.216966120575947	undirected	NA	NA
8419	10486	0.212386212705277	undirected	NA	NA
8419	10709	0.0708898722409855	undirected	NA	NA
8419	11065	0.227814920624507	undirected	NA	NA
8419	11644	0.249755350582428	undirected	NA	NA
8419	12779	0.246799061647376	undirected	NA	NA
8419	13347	0.0795346863834476	undirected	NA	NA
8419	13365	0.201033220268793	undirected	NA	NA
8419	13450	0.0161354179468492	undirected	NA	NA
8419	13949	0.269488124901089	undirected	NA	NA
8419	14417	0.0178440088602143	undirected	NA	NA
8419	14492	0.0915303562050472	undirected	NA	NA
8419	14638	0.188100559409782	undirected	NA	NA
8419	15186	0.0416142137988791	undirected	NA	NA
8419	15363	0.099084385801905	undirected	NA	NA
8685	9554	0.189924823046957	undirected	NA	NA
8685	9721	0.262034763156619	undirected	NA	NA
8685	9941	0.189179180413858	undirected	NA	NA
8685	10363	0.0397095623075048	undirected	NA	NA
8685	10379	0.0681235274789428	undirected	NA	NA
8685	10486	0.105725892365051	undirected	NA	NA
8685	10709	0.196576803361897	undirected	NA	NA
8685	11065	0.120623030312322	undirected	NA	NA
8685	11644	0.13809677872414	undirected	NA	NA
8685	12779	0.0624257499363643	undirected	NA	NA
8685	13347	0.047381415692755	undirected	NA	NA
8685	13365	0.117679370801532	undirected	NA	NA
8685	13450	0.0641903390818416	undirected	NA	NA
8685	13949	0.0580526407578218	undirected	NA	NA
8685	14417	0.131588542094819	undirected	NA	NA
8685	14492	0.288433817586	undirected	NA	NA
8685	14638	0.0610189501840004	undirected	NA	NA
8685	15186	0.200518447786419	undirected	NA	NA
8685	15363	0.0760451382164787	undirected	NA	NA
9554	9721	0.260985258516313	undirected	NA	NA
9554	9941	0.242547501884967	undirected	NA	NA
9554	10363	0.0704813009240392	undirected	NA	NA
9554	10379	0.0519222086727176	undirected	NA	NA
9554	10486	0.0518605315036975	undirected	NA	NA
9554	10709	0.178355595267688	undirected	NA	NA
9554	11065	0.0980552167395788	undirected	NA	NA
9554	11644	0.137369947260086	undirected	NA	NA
9554	12779	0.0465347225578931	undirected	NA	NA
9554	13347	0.0596015184699967	undirected	NA	NA
9554	13365	0.0816846129520962	undirected	NA	NA
9554	13450	0.204186938239871	undirected	NA	NA
9554	13949	0.0450400208668781	undirected	NA	NA
9554	14417	0.139994859784225	undirected	NA	NA
9554	14492	0.315690440265446	undirected	NA	NA
9554	14638	0.0376548166179686	undirected	NA	NA
9554	15186	0.183473579301085	undirected	NA	NA
9554	15363	0.0821951290447565	undirected	NA	NA
9721	9941	0.259426098307862	undirected	NA	NA
9721	10363	0.10251623012446	undirected	NA	NA
9721	10379	0.108412027761918	undirected	NA	NA
9721	10486	0.13698900123158	undirected	NA	NA
9721	10709	0.171768186462598	undirected	NA	NA
9721	11065	0.13421079068093	undirected	NA	NA
9721	11644	0.117142568247846	undirected	NA	NA
9721	12779	0.0839625749448119	undirected	NA	NA
9721	13347	0.12350002682997	undirected	NA	NA
9721	13365	0.0740514627530125	undirected	NA	NA
9721	13450	0.183023707954479	undirected	NA	NA
9721	13949	0.0528364488552034	undirected	NA	NA
9721	14417	0.129893474027289	undirected	NA	NA
9721	14492	0.217170679574987	undirected	NA	NA
9721	14638	0.115047121050489	undirected	NA	NA
9721	15186	0.145827666240241	undirected	NA	NA
9721	15363	0.116911820785867	undirected	NA	NA
9941	10363	0.134603270878183	undirected	NA	NA
9941	10379	0.122032171207965	undirected	NA	NA
9941	10486	0.105939955566206	undirected	NA	NA
9941	10709	0.145256366216529	undirected	NA	NA
9941	11065	0.147672144616653	undirected	NA	NA
9941	11644	0.199316142237205	undirected	NA	NA
9941	12779	0.113978146469786	undirected	NA	NA
9941	13347	0.121474289408695	undirected	NA	NA
9941	13365	0.129844281808758	undirected	NA	NA
9941	13450	0.27502333999787	undirected	NA	NA
9941	13949	0.0942741584019142	undirected	NA	NA
9941	14417	0.107259972992821	undirected	NA	NA
9941	14492	0.261137473204145	undirected	NA	NA
9941	14638	0.0957881139189075	undirected	NA	NA
9941	15186	0.155622933895605	undirected	NA	NA
9941	15363	0.129535786689949	undirected	NA	NA
10363	10379	0.0382517051301862	undirected	NA	NA
10363	10486	0.0128200146478842	undirected	NA	NA
10363	10709	0.0212812561000765	undirected	NA	NA
10363	11065	0.020791785508621	undirected	NA	NA
10363	11644	0.0845206331692908	undirected	NA	NA
10363	12779	0.0255055872837886	undirected	NA	NA
10363	13347	0.0780497341383461	undirected	NA	NA
10363	13365	0.0309729083970319	undirected	NA	NA
10363	13450	0.117692400738263	undirected	NA	NA
10363	13949	0.0134881049105946	undirected	NA	NA
10363	14417	0.0550308438685846	undirected	NA	NA
10363	14492	0.0946487563796837	undirected	NA	NA
10363	14638	0.016431563837752	undirected	NA	NA
10363	15186	0.0877511133647182	undirected	NA	NA
10363	15363	0.172952172186635	undirected	NA	NA
10379	10486	0.221911048976044	undirected	NA	NA
10379	10709	0.0326806471670923	undirected	NA	NA
10379	11065	0.146662862290762	undirected	NA	NA
10379	11644	0.255071751772897	undirected	NA	NA
10379	12779	0.227137460899655	undirected	NA	NA
10379	13347	0.144464434910941	undirected	NA	NA
10379	13365	0.140255457806125	undirected	NA	NA
10379	13450	0.0359135237445818	undirected	NA	NA
10379	13949	0.212920055271876	undirected	NA	NA
10379	14417	0.0164844959081633	undirected	NA	NA
10379	14492	0.0656576379520798	undirected	NA	NA
10379	14638	0.262799111467131	undirected	NA	NA
10379	15186	0.0351053750014204	undirected	NA	NA
10379	15363	0.178696937544125	undirected	NA	NA
10486	10709	0.077800400501458	undirected	NA	NA
10486	11065	0.228713024457467	undirected	NA	NA
10486	11644	0.250656321670552	undirected	NA	NA
10486	12779	0.251090261563036	undirected	NA	NA
10486	13347	0.072410024105018	undirected	NA	NA
10486	13365	0.218603471637745	undirected	NA	NA
10486	13450	0.0149302811549501	undirected	NA	NA
10486	13949	0.261449637864061	undirected	NA	NA
10486	14417	0.0205834805696416	undirected	NA	NA
10486	14492	0.0992445151931836	undirected	NA	NA
10486	14638	0.189509696797384	undirected	NA	NA
10486	15186	0.0501362998906873	undirected	NA	NA
10486	15363	0.104582878650625	undirected	NA	NA
10709	11065	0.0918042895711751	undirected	NA	NA
10709	11644	0.08583675475544	undirected	NA	NA
10709	12779	0.0352329384502386	undirected	NA	NA
10709	13347	0.0217776841658792	undirected	NA	NA
10709	13365	0.102853381365957	undirected	NA	NA
10709	13450	0.0476684887154373	undirected	NA	NA
10709	13949	0.0416539096937424	undirected	NA	NA
10709	14417	0.140557186140846	undirected	NA	NA
10709	14492	0.252945985248212	undirected	NA	NA
10709	14638	0.0334919865143503	undirected	NA	NA
10709	15186	0.165736408843786	undirected	NA	NA
10709	15363	0.0361912795091742	undirected	NA	NA
11065	11644	0.221595411783058	undirected	NA	NA
11065	12779	0.173005419246718	undirected	NA	NA
11065	13347	0.0880592991041917	undirected	NA	NA
11065	13365	0.172387648922524	undirected	NA	NA
11065	13450	0.0389453972488265	undirected	NA	NA
11065	13949	0.216075382646497	undirected	NA	NA
11065	14417	0.0333280301376896	undirected	NA	NA
11065	14492	0.119433919493354	undirected	NA	NA
11065	14638	0.188937631902366	undirected	NA	NA
11065	15186	0.054469035957239	undirected	NA	NA
11065	15363	0.0925502048233956	undirected	NA	NA
11644	12779	0.241952763083407	undirected	NA	NA
11644	13347	0.152861252831262	undirected	NA	NA
11644	13365	0.143317318769976	undirected	NA	NA
11644	13450	0.120880372221675	undirected	NA	NA
11644	13949	0.173411830684084	undirected	NA	NA
11644	14417	0.0514570986459495	undirected	NA	NA
11644	14492	0.110686447535301	undirected	NA	NA
11644	14638	0.265353121694457	undirected	NA	NA
11644	15186	0.0655266846355392	undirected	NA	NA
11644	15363	0.157516535061981	undirected	NA	NA
12779	13347	0.108491409264001	undirected	NA	NA
12779	13365	0.168138059431711	undirected	NA	NA
12779	13450	0.0268383934545278	undirected	NA	NA
12779	13949	0.247842984625239	undirected	NA	NA
12779	14417	0.0139436655313339	undirected	NA	NA
12779	14492	0.057999004667292	undirected	NA	NA
12779	14638	0.268595480558087	undirected	NA	NA
12779	15186	0.0282387458816974	undirected	NA	NA
12779	15363	0.144480016650758	undirected	NA	NA
13347	13365	0.0396041634955603	undirected	NA	NA
13347	13450	0.147602554757187	undirected	NA	NA
13347	13949	0.0749103412028996	undirected	NA	NA
13347	14417	0.0153902025036246	undirected	NA	NA
13347	14492	0.0668728818425099	undirected	NA	NA
13347	14638	0.129175397186941	undirected	NA	NA
13347	15186	0.0297616969878921	undirected	NA	NA
13347	15363	0.120722838398547	undirected	NA	NA
13365	13450	0.0352125845650904	undirected	NA	NA
13365	13949	0.134999816517415	undirected	NA	NA
13365	14417	0.0598218112437187	undirected	NA	NA
13365	14492	0.106546551039123	undirected	NA	NA
13365	14638	0.145382011513913	undirected	NA	NA
13365	15186	0.0811119943959954	undirected	NA	NA
13365	15363	0.0910389961660191	undirected	NA	NA
13450	13949	0.0228336343530826	undirected	NA	NA
13450	14417	0.0891813173647704	undirected	NA	NA
13450	14492	0.195504951307791	undirected	NA	NA
13450	14638	0.0179594782108883	undirected	NA	NA
13450	15186	0.103381552851367	undirected	NA	NA
13450	15363	0.13570167988897	undirected	NA	NA
13949	14417	0.00987671944192657	undirected	NA	NA
13949	14492	0.0426797750286897	undirected	NA	NA
13949	14638	0.258771626860336	undirected	NA	NA
13949	15186	0.0158369238981701	undirected	NA	NA
13949	15363	0.0788945302237195	undirected	NA	NA
14417	14492	0.224142216453958	undirected	NA	NA
14417	14638	0.00948906538118091	undirected	NA	NA
14417	15186	0.229293266237318	undirected	NA	NA
14417	15363	0.0376327853020845	undirected	NA	NA
14492	14638	0.0576193265144629	undirected	NA	NA
14492	15186	0.188024640420549	undirected	NA	NA
14492	15363	0.0811813060385853	undirected	NA	NA
14638	15186	0.0244682996656447	undirected	NA	NA
14638	15363	0.134674171702711	undirected	NA	NA
15186	15363	0.0633464505914544	undirected	NA	NA
