fromNode	toNode	weight	direction	fromAltName	toAltName
74	288	0.297888486289631	undirected	NA	NA
74	479	0.251274612100487	undirected	NA	NA
74	790	0.259539013749765	undirected	NA	NA
74	893	0.194965816903104	undirected	NA	NA
74	1643	0.359683296064065	undirected	NA	NA
74	1775	0.288944080914654	undirected	NA	NA
74	1877	0.229009593683967	undirected	NA	NA
74	1974	0.313433444903314	undirected	NA	NA
74	2483	0.255360716578769	undirected	NA	NA
74	3078	0.195928773867649	undirected	NA	NA
74	3180	0.380892930395085	undirected	NA	NA
74	3400	0.366535862889007	undirected	NA	NA
74	3429	0.308402376659636	undirected	NA	NA
74	3442	0.293711075297974	undirected	NA	NA
74	3561	0.276329369853304	undirected	NA	NA
74	4689	0.293924262369842	undirected	NA	NA
74	4712	0.274111677925185	undirected	NA	NA
74	5464	0.29495333415424	undirected	NA	NA
74	5641	0.318426301354971	undirected	NA	NA
74	5882	0.375156440339693	undirected	NA	NA
74	6891	0.229883094361381	undirected	NA	NA
74	6954	0.336725845721874	undirected	NA	NA
74	7080	0.241142495298998	undirected	NA	NA
74	7103	0.344244398615785	undirected	NA	NA
74	7193	0.42772342256021	undirected	NA	NA
74	7258	0.305764629136181	undirected	NA	NA
74	7787	0.272109523410638	undirected	NA	NA
74	8633	0.207361562604476	undirected	NA	NA
74	9151	0.348269758605917	undirected	NA	NA
74	9406	0.32268134907086	undirected	NA	NA
74	9560	0.300569627850277	undirected	NA	NA
74	9725	0.316992625492498	undirected	NA	NA
74	9745	0.280640790632425	undirected	NA	NA
74	10231	0.328907252337433	undirected	NA	NA
74	10466	0.303970336116593	undirected	NA	NA
74	10514	0.283060164911299	undirected	NA	NA
74	10930	0.303284805994034	undirected	NA	NA
74	10973	0.330226963839172	undirected	NA	NA
74	11167	0.27268171054975	undirected	NA	NA
74	11319	0.330154798731184	undirected	NA	NA
74	11416	0.322069537645288	undirected	NA	NA
74	11642	0.384281893367129	undirected	NA	NA
74	11794	0.266690608241676	undirected	NA	NA
74	12561	0.302645419810237	undirected	NA	NA
74	12574	0.283475090056951	undirected	NA	NA
74	12630	0.352849448533038	undirected	NA	NA
74	12874	0.261630520382981	undirected	NA	NA
74	13727	0.203764563553442	undirected	NA	NA
74	13929	0.284277181838033	undirected	NA	NA
74	13976	0.341974464530439	undirected	NA	NA
74	14219	0.238565076007413	undirected	NA	NA
74	14563	0.278695138479942	undirected	NA	NA
74	14606	0.316024258412885	undirected	NA	NA
74	14793	0.228739605093107	undirected	NA	NA
74	15265	0.284909812278575	undirected	NA	NA
288	479	0.246440627735973	undirected	NA	NA
288	790	0.346338995905171	undirected	NA	NA
288	893	0.308722509542328	undirected	NA	NA
288	1643	0.334358997617904	undirected	NA	NA
288	1775	0.311481366669171	undirected	NA	NA
288	1877	0.288753494334974	undirected	NA	NA
288	1974	0.315110684747849	undirected	NA	NA
288	2483	0.222352140047697	undirected	NA	NA
288	3078	0.333308658034841	undirected	NA	NA
288	3180	0.284168502712888	undirected	NA	NA
288	3400	0.267671328931005	undirected	NA	NA
288	3429	0.276670628555372	undirected	NA	NA
288	3442	0.344979030921007	undirected	NA	NA
288	3561	0.329561752232735	undirected	NA	NA
288	4689	0.300139663222452	undirected	NA	NA
288	4712	0.309161076087549	undirected	NA	NA
288	5464	0.303260869383455	undirected	NA	NA
288	5641	0.279566307629506	undirected	NA	NA
288	5882	0.288867699365927	undirected	NA	NA
288	6891	0.33335306190003	undirected	NA	NA
288	6954	0.26579181798365	undirected	NA	NA
288	7080	0.329662686870095	undirected	NA	NA
288	7103	0.310815366238146	undirected	NA	NA
288	7193	0.356524596543847	undirected	NA	NA
288	7258	0.401700893513656	undirected	NA	NA
288	7787	0.194149276686115	undirected	NA	NA
288	8633	0.273208485501198	undirected	NA	NA
288	9151	0.425597112652258	undirected	NA	NA
288	9406	0.230197740154096	undirected	NA	NA
288	9560	0.286807613374456	undirected	NA	NA
288	9725	0.289992143010025	undirected	NA	NA
288	9745	0.293091637387481	undirected	NA	NA
288	10231	0.284386566627742	undirected	NA	NA
288	10466	0.323090703797703	undirected	NA	NA
288	10514	0.272052315568191	undirected	NA	NA
288	10930	0.240589533458933	undirected	NA	NA
288	10973	0.238764703697372	undirected	NA	NA
288	11167	0.33934069502036	undirected	NA	NA
288	11319	0.391991626321257	undirected	NA	NA
288	11416	0.260090596512814	undirected	NA	NA
288	11642	0.305021005612498	undirected	NA	NA
288	11794	0.203130675856553	undirected	NA	NA
288	12561	0.32331001179289	undirected	NA	NA
288	12574	0.291107648206241	undirected	NA	NA
288	12630	0.275560853172991	undirected	NA	NA
288	12874	0.194923166499235	undirected	NA	NA
288	13727	0.323123643641061	undirected	NA	NA
288	13929	0.318505530274586	undirected	NA	NA
288	13976	0.315649028603212	undirected	NA	NA
288	14219	0.290505287048605	undirected	NA	NA
288	14563	0.344098562259358	undirected	NA	NA
288	14606	0.242640359394382	undirected	NA	NA
288	14793	0.323207304807143	undirected	NA	NA
288	15265	0.326769464901282	undirected	NA	NA
479	790	0.269121527408327	undirected	NA	NA
479	893	0.217343578252597	undirected	NA	NA
479	1643	0.232857866969842	undirected	NA	NA
479	1775	0.240297810725995	undirected	NA	NA
479	1877	0.213732705199358	undirected	NA	NA
479	1974	0.209666031360198	undirected	NA	NA
479	2483	0.182823261083907	undirected	NA	NA
479	3078	0.279389893021877	undirected	NA	NA
479	3180	0.234903324688078	undirected	NA	NA
479	3400	0.209850042396724	undirected	NA	NA
479	3429	0.227317765084295	undirected	NA	NA
479	3442	0.282572810310659	undirected	NA	NA
479	3561	0.181328297898122	undirected	NA	NA
479	4689	0.23301559036016	undirected	NA	NA
479	4712	0.240420122768622	undirected	NA	NA
479	5464	0.2463968664807	undirected	NA	NA
479	5641	0.237998116540255	undirected	NA	NA
479	5882	0.198961081169022	undirected	NA	NA
479	6891	0.214643674997351	undirected	NA	NA
479	6954	0.227881392076987	undirected	NA	NA
479	7080	0.289821482868013	undirected	NA	NA
479	7103	0.236929394848828	undirected	NA	NA
479	7193	0.197274985213467	undirected	NA	NA
479	7258	0.169362932958616	undirected	NA	NA
479	7787	0.0994715123819943	undirected	NA	NA
479	8633	0.1407295245785	undirected	NA	NA
479	9151	0.173692944517461	undirected	NA	NA
479	9406	0.166426620260852	undirected	NA	NA
479	9560	0.206804297429722	undirected	NA	NA
479	9725	0.225584547921001	undirected	NA	NA
479	9745	0.237996581317802	undirected	NA	NA
479	10231	0.236723784473405	undirected	NA	NA
479	10466	0.246959865289106	undirected	NA	NA
479	10514	0.219669650963622	undirected	NA	NA
479	10930	0.207467546795862	undirected	NA	NA
479	10973	0.193911357538633	undirected	NA	NA
479	11167	0.28446830206727	undirected	NA	NA
479	11319	0.182153299324892	undirected	NA	NA
479	11416	0.154958704147639	undirected	NA	NA
479	11642	0.227188407893163	undirected	NA	NA
479	11794	0.113155269660584	undirected	NA	NA
479	12561	0.260456294483529	undirected	NA	NA
479	12574	0.214942918435892	undirected	NA	NA
479	12630	0.198039994634302	undirected	NA	NA
479	12874	0.117891579076091	undirected	NA	NA
479	13727	0.240711464360457	undirected	NA	NA
479	13929	0.278308174154516	undirected	NA	NA
479	13976	0.258531781271657	undirected	NA	NA
479	14219	0.181550581348803	undirected	NA	NA
479	14563	0.30126590783958	undirected	NA	NA
479	14606	0.158042253085894	undirected	NA	NA
479	14793	0.259835289732208	undirected	NA	NA
479	15265	0.205890390588265	undirected	NA	NA
790	893	0.235841574078203	undirected	NA	NA
790	1643	0.370870388622882	undirected	NA	NA
790	1775	0.278522100501945	undirected	NA	NA
790	1877	0.219580705983531	undirected	NA	NA
790	1974	0.268343110326574	undirected	NA	NA
790	2483	0.193333702679722	undirected	NA	NA
790	3078	0.24946200377587	undirected	NA	NA
790	3180	0.346910970320028	undirected	NA	NA
790	3400	0.318958050838152	undirected	NA	NA
790	3429	0.307371381407988	undirected	NA	NA
790	3442	0.28573793775505	undirected	NA	NA
790	3561	0.264603774957231	undirected	NA	NA
790	4689	0.345337475976245	undirected	NA	NA
790	4712	0.342278804190202	undirected	NA	NA
790	5464	0.352361840686261	undirected	NA	NA
790	5641	0.302563758120511	undirected	NA	NA
790	5882	0.331491144803555	undirected	NA	NA
790	6891	0.224433738203257	undirected	NA	NA
790	6954	0.288767733233011	undirected	NA	NA
790	7080	0.303834850740378	undirected	NA	NA
790	7103	0.360556639284531	undirected	NA	NA
790	7193	0.358274314923162	undirected	NA	NA
790	7258	0.348614040659419	undirected	NA	NA
790	7787	0.192799666881763	undirected	NA	NA
790	8633	0.17035005228739	undirected	NA	NA
790	9151	0.365437187452889	undirected	NA	NA
790	9406	0.248995674406027	undirected	NA	NA
790	9560	0.232845271909349	undirected	NA	NA
790	9725	0.25618414007105	undirected	NA	NA
790	9745	0.290659638885752	undirected	NA	NA
790	10231	0.330433263870781	undirected	NA	NA
790	10466	0.341762232417185	undirected	NA	NA
790	10514	0.229755203779629	undirected	NA	NA
790	10930	0.26491976044648	undirected	NA	NA
790	10973	0.275970577184234	undirected	NA	NA
790	11167	0.25209046499346	undirected	NA	NA
790	11319	0.364764179846804	undirected	NA	NA
790	11416	0.250244245081248	undirected	NA	NA
790	11642	0.335421855404332	undirected	NA	NA
790	11794	0.201507637450734	undirected	NA	NA
790	12561	0.356252775313118	undirected	NA	NA
790	12574	0.219640506457306	undirected	NA	NA
790	12630	0.296944477252881	undirected	NA	NA
790	12874	0.156368517925797	undirected	NA	NA
790	13727	0.211236592821426	undirected	NA	NA
790	13929	0.258275316955143	undirected	NA	NA
790	13976	0.344878556121379	undirected	NA	NA
790	14219	0.222507546203071	undirected	NA	NA
790	14563	0.295740414600697	undirected	NA	NA
790	14606	0.236221532126072	undirected	NA	NA
790	14793	0.241291836363489	undirected	NA	NA
790	15265	0.272246813313203	undirected	NA	NA
893	1643	0.335088569032331	undirected	NA	NA
893	1775	0.203522753074225	undirected	NA	NA
893	1877	0.22883949140342	undirected	NA	NA
893	1974	0.216310913574991	undirected	NA	NA
893	2483	0.147113128565471	undirected	NA	NA
893	3078	0.2562246106867	undirected	NA	NA
893	3180	0.267491113579729	undirected	NA	NA
893	3400	0.277339585842055	undirected	NA	NA
893	3429	0.317738236864096	undirected	NA	NA
893	3442	0.248753068709335	undirected	NA	NA
893	3561	0.280518823396344	undirected	NA	NA
893	4689	0.303632582780438	undirected	NA	NA
893	4712	0.317812267964865	undirected	NA	NA
893	5464	0.297501677647405	undirected	NA	NA
893	5641	0.234172527007759	undirected	NA	NA
893	5882	0.291522169721192	undirected	NA	NA
893	6891	0.26679652227707	undirected	NA	NA
893	6954	0.230493982811537	undirected	NA	NA
893	7080	0.234717869667286	undirected	NA	NA
893	7103	0.312310636457079	undirected	NA	NA
893	7193	0.333552300226527	undirected	NA	NA
893	7258	0.381176564988275	undirected	NA	NA
893	7787	0.104282982438395	undirected	NA	NA
893	8633	0.229381141227482	undirected	NA	NA
893	9151	0.380344829959464	undirected	NA	NA
893	9406	0.205794149856226	undirected	NA	NA
893	9560	0.230748926277943	undirected	NA	NA
893	9725	0.173398328359581	undirected	NA	NA
893	9745	0.284700223915388	undirected	NA	NA
893	10231	0.306848324118698	undirected	NA	NA
893	10466	0.354617065270669	undirected	NA	NA
893	10514	0.162251259826576	undirected	NA	NA
893	10930	0.274821684360638	undirected	NA	NA
893	10973	0.265272134432181	undirected	NA	NA
893	11167	0.256291968013305	undirected	NA	NA
893	11319	0.347396256207151	undirected	NA	NA
893	11416	0.1961607833587	undirected	NA	NA
893	11642	0.29488820811427	undirected	NA	NA
893	11794	0.118045811656026	undirected	NA	NA
893	12561	0.333292578671644	undirected	NA	NA
893	12574	0.225871951462086	undirected	NA	NA
893	12630	0.301086930536458	undirected	NA	NA
893	12874	0.117900544434966	undirected	NA	NA
893	13727	0.275062436361983	undirected	NA	NA
893	13929	0.21665168459661	undirected	NA	NA
893	13976	0.334285501173615	undirected	NA	NA
893	14219	0.216545697170793	undirected	NA	NA
893	14563	0.261227961141616	undirected	NA	NA
893	14606	0.210098739360794	undirected	NA	NA
893	14793	0.25483977388187	undirected	NA	NA
893	15265	0.206147407917782	undirected	NA	NA
1643	1775	0.371437794807521	undirected	NA	NA
1643	1877	0.343011700022431	undirected	NA	NA
1643	1974	0.363341681854496	undirected	NA	NA
1643	2483	0.291629065813085	undirected	NA	NA
1643	3078	0.340608714880406	undirected	NA	NA
1643	3180	0.331802414116095	undirected	NA	NA
1643	3400	0.323994643844396	undirected	NA	NA
1643	3429	0.317984967070616	undirected	NA	NA
1643	3442	0.371838053765709	undirected	NA	NA
1643	3561	0.358789804010783	undirected	NA	NA
1643	4689	0.328354192436451	undirected	NA	NA
1643	4712	0.306912163290767	undirected	NA	NA
1643	5464	0.323687932103261	undirected	NA	NA
1643	5641	0.286932145046061	undirected	NA	NA
1643	5882	0.319820821210334	undirected	NA	NA
1643	6891	0.366630411539265	undirected	NA	NA
1643	6954	0.335754026395397	undirected	NA	NA
1643	7080	0.349254613818981	undirected	NA	NA
1643	7103	0.337722846499095	undirected	NA	NA
1643	7193	0.381073765627492	undirected	NA	NA
1643	7258	0.384132351644978	undirected	NA	NA
1643	7787	0.229942195547394	undirected	NA	NA
1643	8633	0.327257155935317	undirected	NA	NA
1643	9151	0.421497420209089	undirected	NA	NA
1643	9406	0.255019642145122	undirected	NA	NA
1643	9560	0.337659256541473	undirected	NA	NA
1643	9725	0.340103606733664	undirected	NA	NA
1643	9745	0.342602318044411	undirected	NA	NA
1643	10231	0.34001235023612	undirected	NA	NA
1643	10466	0.303462996523348	undirected	NA	NA
1643	10514	0.337939744446897	undirected	NA	NA
1643	10930	0.289789903451359	undirected	NA	NA
1643	10973	0.300863803675745	undirected	NA	NA
1643	11167	0.37486834469228	undirected	NA	NA
1643	11319	0.377374592586642	undirected	NA	NA
1643	11416	0.308684064975948	undirected	NA	NA
1643	11642	0.315165089491382	undirected	NA	NA
1643	11794	0.230763432077506	undirected	NA	NA
1643	12561	0.310435229041712	undirected	NA	NA
1643	12574	0.347996072882988	undirected	NA	NA
1643	12630	0.290156537287666	undirected	NA	NA
1643	12874	0.254807353464216	undirected	NA	NA
1643	13727	0.33936295825653	undirected	NA	NA
1643	13929	0.369243373321197	undirected	NA	NA
1643	13976	0.3097298564877	undirected	NA	NA
1643	14219	0.352485603356967	undirected	NA	NA
1643	14563	0.351480338716573	undirected	NA	NA
1643	14606	0.282824885372013	undirected	NA	NA
1643	14793	0.360211920033271	undirected	NA	NA
1643	15265	0.361768811176735	undirected	NA	NA
1775	1877	0.237638652202679	undirected	NA	NA
1775	1974	0.325752106583376	undirected	NA	NA
1775	2483	0.235989296756849	undirected	NA	NA
1775	3078	0.213822470853742	undirected	NA	NA
1775	3180	0.377815640278536	undirected	NA	NA
1775	3400	0.365822548309572	undirected	NA	NA
1775	3429	0.314796402768601	undirected	NA	NA
1775	3442	0.307692723096673	undirected	NA	NA
1775	3561	0.295653908132417	undirected	NA	NA
1775	4689	0.309088084930149	undirected	NA	NA
1775	4712	0.29050223109481	undirected	NA	NA
1775	5464	0.30856346595581	undirected	NA	NA
1775	5641	0.310405495385627	undirected	NA	NA
1775	5882	0.378632707519334	undirected	NA	NA
1775	6891	0.25014253080875	undirected	NA	NA
1775	6954	0.328138938381449	undirected	NA	NA
1775	7080	0.247325192460446	undirected	NA	NA
1775	7103	0.354910961647399	undirected	NA	NA
1775	7193	0.426423316375578	undirected	NA	NA
1775	7258	0.329267743654846	undirected	NA	NA
1775	7787	0.24102314891189	undirected	NA	NA
1775	8633	0.222326458627186	undirected	NA	NA
1775	9151	0.36678607726485	undirected	NA	NA
1775	9406	0.307520043759767	undirected	NA	NA
1775	9560	0.299981888058164	undirected	NA	NA
1775	9725	0.316431016690415	undirected	NA	NA
1775	9745	0.285855251791894	undirected	NA	NA
1775	10231	0.335920340401042	undirected	NA	NA
1775	10466	0.316681545051853	undirected	NA	NA
1775	10514	0.282390948949884	undirected	NA	NA
1775	10930	0.298966117443922	undirected	NA	NA
1775	10973	0.326691662149163	undirected	NA	NA
1775	11167	0.284053629744882	undirected	NA	NA
1775	11319	0.34925201191335	undirected	NA	NA
1775	11416	0.325707284504759	undirected	NA	NA
1775	11642	0.378202422538256	undirected	NA	NA
1775	11794	0.235391781076162	undirected	NA	NA
1775	12561	0.315398120169908	undirected	NA	NA
1775	12574	0.288164658041835	undirected	NA	NA
1775	12630	0.35081033684009	undirected	NA	NA
1775	12874	0.237671764970619	undirected	NA	NA
1775	13727	0.217308648735552	undirected	NA	NA
1775	13929	0.290680725367262	undirected	NA	NA
1775	13976	0.345530197016472	undirected	NA	NA
1775	14219	0.253629893024473	undirected	NA	NA
1775	14563	0.291227289204783	undirected	NA	NA
1775	14606	0.304982155586145	undirected	NA	NA
1775	14793	0.242004996116542	undirected	NA	NA
1775	15265	0.302795869405467	undirected	NA	NA
1877	1974	0.247997286710828	undirected	NA	NA
1877	2483	0.212269293464273	undirected	NA	NA
1877	3078	0.2055956858126	undirected	NA	NA
1877	3180	0.316166895675411	undirected	NA	NA
1877	3400	0.341754922521489	undirected	NA	NA
1877	3429	0.336084630528341	undirected	NA	NA
1877	3442	0.249006056667445	undirected	NA	NA
1877	3561	0.285686250643506	undirected	NA	NA
1877	4689	0.280084552343678	undirected	NA	NA
1877	4712	0.273003203086638	undirected	NA	NA
1877	5464	0.270086621402415	undirected	NA	NA
1877	5641	0.261481052189369	undirected	NA	NA
1877	5882	0.349667845787354	undirected	NA	NA
1877	6891	0.248545303818596	undirected	NA	NA
1877	6954	0.297455313492007	undirected	NA	NA
1877	7080	0.215035534719711	undirected	NA	NA
1877	7103	0.320537951702992	undirected	NA	NA
1877	7193	0.39587719349119	undirected	NA	NA
1877	7258	0.325254974434416	undirected	NA	NA
1877	7787	0.146139273504073	undirected	NA	NA
1877	8633	0.24452555709981	undirected	NA	NA
1877	9151	0.345850054807768	undirected	NA	NA
1877	9406	0.268318236990843	undirected	NA	NA
1877	9560	0.282122739414722	undirected	NA	NA
1877	9725	0.210057065576918	undirected	NA	NA
1877	9745	0.299427465861208	undirected	NA	NA
1877	10231	0.329305270135865	undirected	NA	NA
1877	10466	0.328937458853384	undirected	NA	NA
1877	10514	0.203708951709099	undirected	NA	NA
1877	10930	0.325164097580682	undirected	NA	NA
1877	10973	0.335741607560405	undirected	NA	NA
1877	11167	0.256829999959814	undirected	NA	NA
1877	11319	0.310967513774771	undirected	NA	NA
1877	11416	0.259599790696922	undirected	NA	NA
1877	11642	0.346911082510767	undirected	NA	NA
1877	11794	0.153917624469492	undirected	NA	NA
1877	12561	0.30014489675839	undirected	NA	NA
1877	12574	0.269474175132561	undirected	NA	NA
1877	12630	0.367867981897846	undirected	NA	NA
1877	12874	0.179335112417699	undirected	NA	NA
1877	13727	0.236090705571363	undirected	NA	NA
1877	13929	0.237465396789996	undirected	NA	NA
1877	13976	0.344322464132351	undirected	NA	NA
1877	14219	0.240407850014063	undirected	NA	NA
1877	14563	0.243641430546781	undirected	NA	NA
1877	14606	0.285497836412139	undirected	NA	NA
1877	14793	0.243236244382042	undirected	NA	NA
1877	15265	0.21152830627599	undirected	NA	NA
1974	2483	0.247526934758268	undirected	NA	NA
1974	3078	0.216272135402132	undirected	NA	NA
1974	3180	0.382234815018113	undirected	NA	NA
1974	3400	0.371991888396001	undirected	NA	NA
1974	3429	0.312193057436905	undirected	NA	NA
1974	3442	0.258191003391804	undirected	NA	NA
1974	3561	0.231635373698165	undirected	NA	NA
1974	4689	0.310069553510033	undirected	NA	NA
1974	4712	0.285125306584183	undirected	NA	NA
1974	5464	0.308623298141922	undirected	NA	NA
1974	5641	0.272621945914509	undirected	NA	NA
1974	5882	0.377427395726876	undirected	NA	NA
1974	6891	0.227536624312584	undirected	NA	NA
1974	6954	0.349734559479864	undirected	NA	NA
1974	7080	0.271604071542279	undirected	NA	NA
1974	7103	0.356052400295623	undirected	NA	NA
1974	7193	0.387886620345507	undirected	NA	NA
1974	7258	0.281063821086868	undirected	NA	NA
1974	7787	0.181435863730731	undirected	NA	NA
1974	8633	0.186070804372879	undirected	NA	NA
1974	9151	0.306474404525921	undirected	NA	NA
1974	9406	0.284577742432253	undirected	NA	NA
1974	9560	0.226229180040511	undirected	NA	NA
1974	9725	0.244292499041916	undirected	NA	NA
1974	9745	0.297003045943732	undirected	NA	NA
1974	10231	0.342200679232505	undirected	NA	NA
1974	10466	0.30397469540438	undirected	NA	NA
1974	10514	0.288080382029119	undirected	NA	NA
1974	10930	0.291425885169382	undirected	NA	NA
1974	10973	0.328428438047401	undirected	NA	NA
1974	11167	0.258691220691977	undirected	NA	NA
1974	11319	0.305458565005772	undirected	NA	NA
1974	11416	0.272818992944976	undirected	NA	NA
1974	11642	0.36027429689988	undirected	NA	NA
1974	11794	0.177956459857064	undirected	NA	NA
1974	12561	0.306796698959899	undirected	NA	NA
1974	12574	0.241217821415809	undirected	NA	NA
1974	12630	0.338436242380452	undirected	NA	NA
1974	12874	0.164076846019611	undirected	NA	NA
1974	13727	0.175295939130463	undirected	NA	NA
1974	13929	0.293199126992795	undirected	NA	NA
1974	13976	0.333209089165086	undirected	NA	NA
1974	14219	0.265043089332326	undirected	NA	NA
1974	14563	0.228219947791028	undirected	NA	NA
1974	14606	0.254722968693968	undirected	NA	NA
1974	14793	0.244838854710964	undirected	NA	NA
1974	15265	0.240934770282886	undirected	NA	NA
2483	3078	0.149248206092237	undirected	NA	NA
2483	3180	0.322598905204129	undirected	NA	NA
2483	3400	0.320085561859008	undirected	NA	NA
2483	3429	0.260153127188159	undirected	NA	NA
2483	3442	0.221692235053344	undirected	NA	NA
2483	3561	0.210731120223804	undirected	NA	NA
2483	4689	0.218153429710889	undirected	NA	NA
2483	4712	0.201410436020469	undirected	NA	NA
2483	5464	0.217395862901578	undirected	NA	NA
2483	5641	0.23619228494736	undirected	NA	NA
2483	5882	0.326446725938869	undirected	NA	NA
2483	6891	0.185355611163576	undirected	NA	NA
2483	6954	0.290456454460497	undirected	NA	NA
2483	7080	0.165036987792073	undirected	NA	NA
2483	7103	0.271703494403635	undirected	NA	NA
2483	7193	0.411507147098174	undirected	NA	NA
2483	7258	0.257263223535748	undirected	NA	NA
2483	7787	0.267321390400273	undirected	NA	NA
2483	8633	0.191624769166078	undirected	NA	NA
2483	9151	0.310613580968959	undirected	NA	NA
2483	9406	0.3274451068492	undirected	NA	NA
2483	9560	0.27154543795871	undirected	NA	NA
2483	9725	0.262536796513719	undirected	NA	NA
2483	9745	0.224886484979549	undirected	NA	NA
2483	10231	0.267072996585099	undirected	NA	NA
2483	10466	0.243867537929867	undirected	NA	NA
2483	10514	0.263643659138052	undirected	NA	NA
2483	10930	0.283781309921881	undirected	NA	NA
2483	10973	0.303628338265356	undirected	NA	NA
2483	11167	0.224850604930746	undirected	NA	NA
2483	11319	0.275176343258665	undirected	NA	NA
2483	11416	0.261004761935737	undirected	NA	NA
2483	11642	0.354552281053862	undirected	NA	NA
2483	11794	0.259256649083245	undirected	NA	NA
2483	12561	0.232536439266431	undirected	NA	NA
2483	12574	0.258163469240728	undirected	NA	NA
2483	12630	0.332961893404392	undirected	NA	NA
2483	12874	0.294108924236101	undirected	NA	NA
2483	13727	0.16824323013696	undirected	NA	NA
2483	13929	0.246657623859467	undirected	NA	NA
2483	13976	0.291703575035257	undirected	NA	NA
2483	14219	0.216037588486783	undirected	NA	NA
2483	14563	0.200714182061387	undirected	NA	NA
2483	14606	0.279468586416303	undirected	NA	NA
2483	14793	0.197477667278152	undirected	NA	NA
2483	15265	0.210501431375908	undirected	NA	NA
3078	3180	0.278864572136179	undirected	NA	NA
3078	3400	0.264418956858473	undirected	NA	NA
3078	3429	0.304255391785039	undirected	NA	NA
3078	3442	0.262271363156318	undirected	NA	NA
3078	3561	0.261171979098764	undirected	NA	NA
3078	4689	0.329692801735121	undirected	NA	NA
3078	4712	0.350697122801307	undirected	NA	NA
3078	5464	0.33503575598491	undirected	NA	NA
3078	5641	0.271214427765574	undirected	NA	NA
3078	5882	0.276444578707981	undirected	NA	NA
3078	6891	0.243105148213682	undirected	NA	NA
3078	6954	0.229979804284978	undirected	NA	NA
3078	7080	0.284750705609426	undirected	NA	NA
3078	7103	0.324619340537817	undirected	NA	NA
3078	7193	0.311666148482956	undirected	NA	NA
3078	7258	0.375608116747879	undirected	NA	NA
3078	7787	0.138264089401788	undirected	NA	NA
3078	8633	0.182894209973606	undirected	NA	NA
3078	9151	0.375434371762009	undirected	NA	NA
3078	9406	0.20265448057217	undirected	NA	NA
3078	9560	0.21363342685008	undirected	NA	NA
3078	9725	0.190815819580732	undirected	NA	NA
3078	9745	0.282939737715388	undirected	NA	NA
3078	10231	0.304899619646858	undirected	NA	NA
3078	10466	0.360752737822759	undirected	NA	NA
3078	10514	0.161147629808918	undirected	NA	NA
3078	10930	0.253937863898566	undirected	NA	NA
3078	10973	0.240763216822348	undirected	NA	NA
3078	11167	0.252916094518973	undirected	NA	NA
3078	11319	0.360700534713828	undirected	NA	NA
3078	11416	0.188237067304324	undirected	NA	NA
3078	11642	0.292337948045476	undirected	NA	NA
3078	11794	0.159272941625332	undirected	NA	NA
3078	12561	0.362544353003468	undirected	NA	NA
3078	12574	0.202931752176729	undirected	NA	NA
3078	12630	0.270283902780885	undirected	NA	NA
3078	12874	0.120070554313001	undirected	NA	NA
3078	13727	0.262732397295422	undirected	NA	NA
3078	13929	0.215446741415256	undirected	NA	NA
3078	13976	0.338691419145157	undirected	NA	NA
3078	14219	0.188950784399836	undirected	NA	NA
3078	14563	0.290052785117474	undirected	NA	NA
3078	14606	0.2014045506979	undirected	NA	NA
3078	14793	0.238070046245569	undirected	NA	NA
3078	15265	0.221479979435775	undirected	NA	NA
3180	3400	0.315083731013513	undirected	NA	NA
3180	3429	0.27544353985259	undirected	NA	NA
3180	3442	0.361649899150838	undirected	NA	NA
3180	3561	0.327668099225023	undirected	NA	NA
3180	4689	0.278302824457704	undirected	NA	NA
3180	4712	0.257259328188255	undirected	NA	NA
3180	5464	0.27683290981908	undirected	NA	NA
3180	5641	0.305042580302502	undirected	NA	NA
3180	5882	0.33053778316088	undirected	NA	NA
3180	6891	0.315542569832095	undirected	NA	NA
3180	6954	0.342306025747188	undirected	NA	NA
3180	7080	0.305879691438291	undirected	NA	NA
3180	7103	0.308229898129649	undirected	NA	NA
3180	7193	0.420153602841437	undirected	NA	NA
3180	7258	0.346087066540783	undirected	NA	NA
3180	7787	0.312339192407362	undirected	NA	NA
3180	8633	0.290056782429427	undirected	NA	NA
3180	9151	0.400989832439367	undirected	NA	NA
3180	9406	0.301641934641995	undirected	NA	NA
3180	9560	0.351097040415765	undirected	NA	NA
3180	9725	0.39158829212233	undirected	NA	NA
3180	9745	0.299129953910436	undirected	NA	NA
3180	10231	0.304331917398792	undirected	NA	NA
3180	10466	0.283607908865737	undirected	NA	NA
3180	10514	0.383017818843046	undirected	NA	NA
3180	10930	0.266637833885703	undirected	NA	NA
3180	10973	0.288488675356238	undirected	NA	NA
3180	11167	0.353288141861329	undirected	NA	NA
3180	11319	0.363121838110385	undirected	NA	NA
3180	11416	0.346771442855063	undirected	NA	NA
3180	11642	0.352051392748609	undirected	NA	NA
3180	11794	0.299975498111148	undirected	NA	NA
3180	12561	0.282271415889247	undirected	NA	NA
3180	12574	0.353451042034974	undirected	NA	NA
3180	12630	0.312996149318659	undirected	NA	NA
3180	12874	0.327359936521866	undirected	NA	NA
3180	13727	0.279518030791685	undirected	NA	NA
3180	13929	0.376453927464441	undirected	NA	NA
3180	13976	0.310878044597252	undirected	NA	NA
3180	14219	0.334348853975208	undirected	NA	NA
3180	14563	0.329837839863723	undirected	NA	NA
3180	14606	0.316298661239002	undirected	NA	NA
3180	14793	0.318097468216842	undirected	NA	NA
3180	15265	0.368059735980431	undirected	NA	NA
3400	3429	0.287401305161084	undirected	NA	NA
3400	3442	0.341588569533267	undirected	NA	NA
3400	3561	0.352314153821985	undirected	NA	NA
3400	4689	0.258803502741022	undirected	NA	NA
3400	4712	0.239153687981203	undirected	NA	NA
3400	5464	0.248795973355959	undirected	NA	NA
3400	5641	0.289774061286623	undirected	NA	NA
3400	5882	0.34133490619393	undirected	NA	NA
3400	6891	0.329793466922945	undirected	NA	NA
3400	6954	0.347038908236872	undirected	NA	NA
3400	7080	0.272840704151976	undirected	NA	NA
3400	7103	0.298745596377561	undirected	NA	NA
3400	7193	0.417871037846331	undirected	NA	NA
3400	7258	0.327132379372148	undirected	NA	NA
3400	7787	0.238897474469166	undirected	NA	NA
3400	8633	0.334121917882035	undirected	NA	NA
3400	9151	0.369766475258382	undirected	NA	NA
3400	9406	0.287922079832701	undirected	NA	NA
3400	9560	0.371529176157445	undirected	NA	NA
3400	9725	0.344877066738513	undirected	NA	NA
3400	9745	0.30993707860967	undirected	NA	NA
3400	10231	0.307968791174463	undirected	NA	NA
3400	10466	0.28138885709211	undirected	NA	NA
3400	10514	0.352566426978813	undirected	NA	NA
3400	10930	0.283675180171164	undirected	NA	NA
3400	10973	0.311772267181258	undirected	NA	NA
3400	11167	0.346878826071991	undirected	NA	NA
3400	11319	0.327329213085245	undirected	NA	NA
3400	11416	0.362453246191185	undirected	NA	NA
3400	11642	0.34379955600409	undirected	NA	NA
3400	11794	0.22940806597897	undirected	NA	NA
3400	12561	0.264277165715466	undirected	NA	NA
3400	12574	0.374959341996476	undirected	NA	NA
3400	12630	0.339640934810078	undirected	NA	NA
3400	12874	0.298302047560563	undirected	NA	NA
3400	13727	0.283397295945159	undirected	NA	NA
3400	13929	0.357638858507267	undirected	NA	NA
3400	13976	0.306883659694745	undirected	NA	NA
3400	14219	0.361124196247032	undirected	NA	NA
3400	14563	0.305845011715909	undirected	NA	NA
3400	14606	0.341957084471418	undirected	NA	NA
3400	14793	0.324531905942075	undirected	NA	NA
3400	15265	0.332694899353719	undirected	NA	NA
3429	3442	0.322905248890309	undirected	NA	NA
3429	3561	0.351542919094226	undirected	NA	NA
3429	4689	0.266284558936829	undirected	NA	NA
3429	4712	0.263550231022147	undirected	NA	NA
3429	5464	0.255791239512086	undirected	NA	NA
3429	5641	0.275807208621198	undirected	NA	NA
3429	5882	0.304547453961097	undirected	NA	NA
3429	6891	0.346555152877877	undirected	NA	NA
3429	6954	0.296805454466945	undirected	NA	NA
3429	7080	0.284232761037427	undirected	NA	NA
3429	7103	0.290799904455229	undirected	NA	NA
3429	7193	0.376273375198985	undirected	NA	NA
3429	7258	0.36193204391889	undirected	NA	NA
3429	7787	0.17484054250541	undirected	NA	NA
3429	8633	0.333896442761341	undirected	NA	NA
3429	9151	0.387951383205242	undirected	NA	NA
3429	9406	0.24308129869212	undirected	NA	NA
3429	9560	0.333558342272516	undirected	NA	NA
3429	9725	0.268819301330818	undirected	NA	NA
3429	9745	0.316407315999155	undirected	NA	NA
3429	10231	0.300247348702706	undirected	NA	NA
3429	10466	0.309197490125482	undirected	NA	NA
3429	10514	0.275374357510263	undirected	NA	NA
3429	10930	0.275156448740988	undirected	NA	NA
3429	10973	0.281055159442669	undirected	NA	NA
3429	11167	0.342418880261703	undirected	NA	NA
3429	11319	0.339151885778546	undirected	NA	NA
3429	11416	0.287204792496479	undirected	NA	NA
3429	11642	0.313152386824677	undirected	NA	NA
3429	11794	0.182658339785019	undirected	NA	NA
3429	12561	0.285914311851204	undirected	NA	NA
3429	12574	0.336297989451043	undirected	NA	NA
3429	12630	0.317299795775228	undirected	NA	NA
3429	12874	0.220153768159891	undirected	NA	NA
3429	13727	0.332010568037568	undirected	NA	NA
3429	13929	0.319771510213737	undirected	NA	NA
3429	13976	0.313251909880999	undirected	NA	NA
3429	14219	0.331376570594345	undirected	NA	NA
3429	14563	0.310631179561523	undirected	NA	NA
3429	14606	0.294036936460327	undirected	NA	NA
3429	14793	0.341426528084413	undirected	NA	NA
3429	15265	0.286358066917424	undirected	NA	NA
3442	3561	0.258334177422765	undirected	NA	NA
3442	4689	0.339247063159541	undirected	NA	NA
3442	4712	0.330315747378702	undirected	NA	NA
3442	5464	0.343493563788509	undirected	NA	NA
3442	5641	0.319923455051177	undirected	NA	NA
3442	5882	0.347558118486687	undirected	NA	NA
3442	6891	0.24359989511313	undirected	NA	NA
3442	6954	0.32000855869496	undirected	NA	NA
3442	7080	0.311289308618687	undirected	NA	NA
3442	7103	0.364272889566743	undirected	NA	NA
3442	7193	0.362835380361112	undirected	NA	NA
3442	7258	0.316866467179539	undirected	NA	NA
3442	7787	0.195528793889218	undirected	NA	NA
3442	8633	0.182601506141672	undirected	NA	NA
3442	9151	0.333499081432644	undirected	NA	NA
3442	9406	0.260417077004259	undirected	NA	NA
3442	9560	0.237602439844296	undirected	NA	NA
3442	9725	0.245346772069891	undirected	NA	NA
3442	9745	0.310353440063484	undirected	NA	NA
3442	10231	0.345875977226744	undirected	NA	NA
3442	10466	0.341091455677725	undirected	NA	NA
3442	10514	0.259842111904229	undirected	NA	NA
3442	10930	0.287024230571204	undirected	NA	NA
3442	10973	0.302150758113725	undirected	NA	NA
3442	11167	0.274166913092745	undirected	NA	NA
3442	11319	0.33396218620671	undirected	NA	NA
3442	11416	0.260088846160854	undirected	NA	NA
3442	11642	0.347906732579641	undirected	NA	NA
3442	11794	0.205458237833791	undirected	NA	NA
3442	12561	0.349481669658762	undirected	NA	NA
3442	12574	0.228943895102133	undirected	NA	NA
3442	12630	0.318070153580651	undirected	NA	NA
3442	12874	0.159405438397271	undirected	NA	NA
3442	13727	0.209736919587106	undirected	NA	NA
3442	13929	0.291292295248433	undirected	NA	NA
3442	13976	0.353497451121193	undirected	NA	NA
3442	14219	0.249637026499535	undirected	NA	NA
3442	14563	0.279858008931585	undirected	NA	NA
3442	14606	0.259149285064062	undirected	NA	NA
3442	14793	0.267073563017389	undirected	NA	NA
3442	15265	0.248077132559743	undirected	NA	NA
3561	4689	0.318047996835543	undirected	NA	NA
3561	4712	0.3070472791424	undirected	NA	NA
3561	5464	0.306251952773748	undirected	NA	NA
3561	5641	0.222005472798969	undirected	NA	NA
3561	5882	0.354199748594314	undirected	NA	NA
3561	6891	0.275844753910238	undirected	NA	NA
3561	6954	0.322286055427828	undirected	NA	NA
3561	7080	0.277467581292544	undirected	NA	NA
3561	7103	0.348678721993032	undirected	NA	NA
3561	7193	0.344938553903356	undirected	NA	NA
3561	7258	0.29578993775767	undirected	NA	NA
3561	7787	0.0888536032563998	undirected	NA	NA
3561	8633	0.23213290866423	undirected	NA	NA
3561	9151	0.294990981342428	undirected	NA	NA
3561	9406	0.228918053236864	undirected	NA	NA
3561	9560	0.213736163830805	undirected	NA	NA
3561	9725	0.186032157220964	undirected	NA	NA
3561	9745	0.337540527960271	undirected	NA	NA
3561	10231	0.359222719572391	undirected	NA	NA
3561	10466	0.344536757045156	undirected	NA	NA
3561	10514	0.223791395044492	undirected	NA	NA
3561	10930	0.313519596812064	undirected	NA	NA
3561	10973	0.334180341886527	undirected	NA	NA
3561	11167	0.27752981729102	undirected	NA	NA
3561	11319	0.287994579126555	undirected	NA	NA
3561	11416	0.203978038028818	undirected	NA	NA
3561	11642	0.325000463815951	undirected	NA	NA
3561	11794	0.0954782494779986	undirected	NA	NA
3561	12561	0.325136588179006	undirected	NA	NA
3561	12574	0.253086955950075	undirected	NA	NA
3561	12630	0.347082343519652	undirected	NA	NA
3561	12874	0.0933555806214662	undirected	NA	NA
3561	13727	0.229494275182082	undirected	NA	NA
3561	13929	0.273352637911537	undirected	NA	NA
3561	13976	0.346773954449473	undirected	NA	NA
3561	14219	0.285076084245154	undirected	NA	NA
3561	14563	0.22912608882223	undirected	NA	NA
3561	14606	0.212906744065569	undirected	NA	NA
3561	14793	0.287778924353022	undirected	NA	NA
3561	15265	0.209990854391511	undirected	NA	NA
4689	4712	0.305719769859006	undirected	NA	NA
4689	5464	0.300496836653565	undirected	NA	NA
4689	5641	0.265584026338794	undirected	NA	NA
4689	5882	0.280939667843635	undirected	NA	NA
4689	6891	0.326184201031063	undirected	NA	NA
4689	6954	0.262494999035194	undirected	NA	NA
4689	7080	0.331592758130847	undirected	NA	NA
4689	7103	0.305015450108819	undirected	NA	NA
4689	7193	0.349893306398994	undirected	NA	NA
4689	7258	0.402551341712401	undirected	NA	NA
4689	7787	0.191441734543048	undirected	NA	NA
4689	8633	0.264043584422373	undirected	NA	NA
4689	9151	0.42739167016852	undirected	NA	NA
4689	9406	0.225226751060664	undirected	NA	NA
4689	9560	0.274407443757892	undirected	NA	NA
4689	9725	0.288217948569045	undirected	NA	NA
4689	9745	0.289061947533393	undirected	NA	NA
4689	10231	0.283141482526809	undirected	NA	NA
4689	10466	0.315132851080988	undirected	NA	NA
4689	10514	0.270272777372979	undirected	NA	NA
4689	10930	0.229876889690368	undirected	NA	NA
4689	10973	0.228773408013229	undirected	NA	NA
4689	11167	0.331491869389076	undirected	NA	NA
4689	11319	0.394493314934243	undirected	NA	NA
4689	11416	0.250623062417405	undirected	NA	NA
4689	11642	0.297624503380799	undirected	NA	NA
4689	11794	0.198750648793578	undirected	NA	NA
4689	12561	0.318220747391874	undirected	NA	NA
4689	12574	0.280816679958464	undirected	NA	NA
4689	12630	0.264749381285055	undirected	NA	NA
4689	12874	0.189712986848997	undirected	NA	NA
4689	13727	0.3136518208594	undirected	NA	NA
4689	13929	0.313626472751378	undirected	NA	NA
4689	13976	0.306861181031393	undirected	NA	NA
4689	14219	0.284226501637232	undirected	NA	NA
4689	14563	0.336799445698489	undirected	NA	NA
4689	14606	0.227953046737733	undirected	NA	NA
4689	14793	0.315321391397725	undirected	NA	NA
4689	15265	0.327551556371467	undirected	NA	NA
4712	5464	0.307698112133971	undirected	NA	NA
4712	5641	0.25582454273902	undirected	NA	NA
4712	5882	0.249242078025224	undirected	NA	NA
4712	6891	0.32694794725608	undirected	NA	NA
4712	6954	0.245502513963719	undirected	NA	NA
4712	7080	0.344179453964154	undirected	NA	NA
4712	7103	0.288281973030268	undirected	NA	NA
4712	7193	0.317219031546259	undirected	NA	NA
4712	7258	0.402432898861517	undirected	NA	NA
4712	7787	0.177147290713637	undirected	NA	NA
4712	8633	0.255428947185177	undirected	NA	NA
4712	9151	0.421559229626394	undirected	NA	NA
4712	9406	0.200578472525238	undirected	NA	NA
4712	9560	0.256008309851011	undirected	NA	NA
4712	9725	0.263690688440517	undirected	NA	NA
4712	9745	0.289793416931363	undirected	NA	NA
4712	10231	0.280496963516056	undirected	NA	NA
4712	10466	0.307741409778644	undirected	NA	NA
4712	10514	0.247120904854496	undirected	NA	NA
4712	10930	0.221691590897275	undirected	NA	NA
4712	10973	0.217080642091439	undirected	NA	NA
4712	11167	0.327715002384051	undirected	NA	NA
4712	11319	0.38719849588948	undirected	NA	NA
4712	11416	0.219978736577448	undirected	NA	NA
4712	11642	0.270984884158837	undirected	NA	NA
4712	11794	0.190313854009692	undirected	NA	NA
4712	12561	0.312195787428062	undirected	NA	NA
4712	12574	0.262582268051713	undirected	NA	NA
4712	12630	0.238006215722659	undirected	NA	NA
4712	12874	0.170504537701882	undirected	NA	NA
4712	13727	0.331544399619937	undirected	NA	NA
4712	13929	0.300455710305908	undirected	NA	NA
4712	13976	0.291361997083373	undirected	NA	NA
4712	14219	0.268551639052827	undirected	NA	NA
4712	14563	0.338393189278518	undirected	NA	NA
4712	14606	0.206109600923104	undirected	NA	NA
4712	14793	0.319076970014198	undirected	NA	NA
4712	15265	0.309952616310688	undirected	NA	NA
5464	5641	0.27147197554408	undirected	NA	NA
5464	5882	0.270662459180494	undirected	NA	NA
5464	6891	0.317731068703423	undirected	NA	NA
5464	6954	0.258005098346337	undirected	NA	NA
5464	7080	0.343235295672146	undirected	NA	NA
5464	7103	0.301431797618305	undirected	NA	NA
5464	7193	0.342965898110207	undirected	NA	NA
5464	7258	0.401849183606597	undirected	NA	NA
5464	7787	0.213646528393532	undirected	NA	NA
5464	8633	0.24791380320643	undirected	NA	NA
5464	9151	0.431113179831381	undirected	NA	NA
5464	9406	0.22502949161395	undirected	NA	NA
5464	9560	0.267229995590611	undirected	NA	NA
5464	9725	0.299220462288717	undirected	NA	NA
5464	9745	0.282610733149323	undirected	NA	NA
5464	10231	0.278527937808358	undirected	NA	NA
5464	10466	0.310285701444956	undirected	NA	NA
5464	10514	0.275852925548504	undirected	NA	NA
5464	10930	0.219735310222851	undirected	NA	NA
5464	10973	0.21970771813475	undirected	NA	NA
5464	11167	0.331739989022696	undirected	NA	NA
5464	11319	0.400707785388214	undirected	NA	NA
5464	11416	0.242962301003165	undirected	NA	NA
5464	11642	0.294403898495486	undirected	NA	NA
5464	11794	0.22252030657796	undirected	NA	NA
5464	12561	0.320003028973799	undirected	NA	NA
5464	12574	0.272457977258979	undirected	NA	NA
5464	12630	0.251601523378806	undirected	NA	NA
5464	12874	0.196749380151924	undirected	NA	NA
5464	13727	0.311984845189689	undirected	NA	NA
5464	13929	0.317054743100656	undirected	NA	NA
5464	13976	0.302878616866317	undirected	NA	NA
5464	14219	0.272389397711336	undirected	NA	NA
5464	14563	0.345008306144665	undirected	NA	NA
5464	14606	0.220948948566789	undirected	NA	NA
5464	14793	0.311389874133703	undirected	NA	NA
5464	15265	0.334758424256052	undirected	NA	NA
5641	5882	0.277149931090753	undirected	NA	NA
5641	6891	0.249780011116052	undirected	NA	NA
5641	6954	0.306236593449523	undirected	NA	NA
5641	7080	0.29859124864496	undirected	NA	NA
5641	7103	0.290593559790815	undirected	NA	NA
5641	7193	0.26563314912297	undirected	NA	NA
5641	7258	0.193002059386578	undirected	NA	NA
5641	7787	0.141275162778659	undirected	NA	NA
5641	8633	0.183540822199505	undirected	NA	NA
5641	9151	0.202459987668762	undirected	NA	NA
5641	9406	0.21574833552841	undirected	NA	NA
5641	9560	0.254378830007155	undirected	NA	NA
5641	9725	0.275416652781225	undirected	NA	NA
5641	9745	0.283638823099785	undirected	NA	NA
5641	10231	0.294637383493432	undirected	NA	NA
5641	10466	0.27249880545479	undirected	NA	NA
5641	10514	0.282613281190408	undirected	NA	NA
5641	10930	0.258423657924525	undirected	NA	NA
5641	10973	0.266466166660847	undirected	NA	NA
5641	11167	0.316324066888367	undirected	NA	NA
5641	11319	0.210363147606197	undirected	NA	NA
5641	11416	0.217457220575959	undirected	NA	NA
5641	11642	0.286389746775602	undirected	NA	NA
5641	11794	0.15684045962794	undirected	NA	NA
5641	12561	0.278814356577532	undirected	NA	NA
5641	12574	0.273138886525327	undirected	NA	NA
5641	12630	0.265983896555598	undirected	NA	NA
5641	12874	0.139179974173952	undirected	NA	NA
5641	13727	0.234522811722379	undirected	NA	NA
5641	13929	0.327704425631798	undirected	NA	NA
5641	13976	0.296601567683888	undirected	NA	NA
5641	14219	0.244933149312348	undirected	NA	NA
5641	14563	0.30865507213044	undirected	NA	NA
5641	14606	0.196665273377217	undirected	NA	NA
5641	14793	0.285270101383055	undirected	NA	NA
5641	15265	0.252711288481253	undirected	NA	NA
5882	6891	0.340891120290069	undirected	NA	NA
5882	6954	0.359662159255272	undirected	NA	NA
5882	7080	0.289339217317838	undirected	NA	NA
5882	7103	0.31139010706121	undirected	NA	NA
5882	7193	0.412385336925149	undirected	NA	NA
5882	7258	0.336776862154231	undirected	NA	NA
5882	7787	0.234126571234795	undirected	NA	NA
5882	8633	0.342564316549556	undirected	NA	NA
5882	9151	0.380437624427699	undirected	NA	NA
5882	9406	0.279927067777147	undirected	NA	NA
5882	9560	0.366395729890314	undirected	NA	NA
5882	9725	0.349981229909211	undirected	NA	NA
5882	9745	0.325537893205341	undirected	NA	NA
5882	10231	0.326663840777712	undirected	NA	NA
5882	10466	0.277795294992626	undirected	NA	NA
5882	10514	0.36111493091352	undirected	NA	NA
5882	10930	0.297076461923628	undirected	NA	NA
5882	10973	0.325582751829455	undirected	NA	NA
5882	11167	0.353307255483711	undirected	NA	NA
5882	11319	0.335658872264673	undirected	NA	NA
5882	11416	0.356340735255769	undirected	NA	NA
5882	11642	0.33507481789586	undirected	NA	NA
5882	11794	0.223272247287666	undirected	NA	NA
5882	12561	0.262247710203316	undirected	NA	NA
5882	12574	0.37554924865505	undirected	NA	NA
5882	12630	0.327317894460414	undirected	NA	NA
5882	12874	0.294173195532972	undirected	NA	NA
5882	13727	0.290808579197026	undirected	NA	NA
5882	13929	0.365528319656183	undirected	NA	NA
5882	13976	0.299890366646883	undirected	NA	NA
5882	14219	0.372298654558373	undirected	NA	NA
5882	14563	0.308896061781435	undirected	NA	NA
5882	14606	0.325558401168022	undirected	NA	NA
5882	14793	0.333934318575961	undirected	NA	NA
5882	15265	0.34472821648865	undirected	NA	NA
6891	6954	0.28554352554996	undirected	NA	NA
6891	7080	0.263045066267487	undirected	NA	NA
6891	7103	0.347901791751143	undirected	NA	NA
6891	7193	0.365858697856518	undirected	NA	NA
6891	7258	0.360604576473034	undirected	NA	NA
6891	7787	0.11338393466057	undirected	NA	NA
6891	8633	0.207987513470267	undirected	NA	NA
6891	9151	0.363515405435617	undirected	NA	NA
6891	9406	0.234853266057428	undirected	NA	NA
6891	9560	0.234492853684975	undirected	NA	NA
6891	9725	0.18471281498355	undirected	NA	NA
6891	9745	0.318715309899583	undirected	NA	NA
6891	10231	0.346073003007804	undirected	NA	NA
6891	10466	0.364170115620766	undirected	NA	NA
6891	10514	0.186328975035203	undirected	NA	NA
6891	10930	0.305641250654263	undirected	NA	NA
6891	10973	0.311560149136729	undirected	NA	NA
6891	11167	0.238592872509709	undirected	NA	NA
6891	11319	0.342090647652164	undirected	NA	NA
6891	11416	0.225338325785669	undirected	NA	NA
6891	11642	0.33024610745089	undirected	NA	NA
6891	11794	0.123193283472598	undirected	NA	NA
6891	12561	0.344866963986292	undirected	NA	NA
6891	12574	0.224313718301101	undirected	NA	NA
6891	12630	0.339970048073101	undirected	NA	NA
6891	12874	0.12396307191387	undirected	NA	NA
6891	13727	0.228759326865145	undirected	NA	NA
6891	13929	0.229142737723141	undirected	NA	NA
6891	13976	0.356959738359155	undirected	NA	NA
6891	14219	0.241538520113341	undirected	NA	NA
6891	14563	0.249681799867315	undirected	NA	NA
6891	14606	0.233301067804854	undirected	NA	NA
6891	14793	0.256497189458358	undirected	NA	NA
6891	15265	0.209119877575225	undirected	NA	NA
6954	7080	0.237208431576536	undirected	NA	NA
6954	7103	0.313728427148426	undirected	NA	NA
6954	7193	0.428826369642753	undirected	NA	NA
6954	7258	0.310644926167163	undirected	NA	NA
6954	7787	0.260306503792328	undirected	NA	NA
6954	8633	0.283411879859323	undirected	NA	NA
6954	9151	0.354559642444822	undirected	NA	NA
6954	9406	0.309687893483065	undirected	NA	NA
6954	9560	0.354146695090928	undirected	NA	NA
6954	9725	0.336118424062531	undirected	NA	NA
6954	9745	0.25909886203839	undirected	NA	NA
6954	10231	0.30570081776348	undirected	NA	NA
6954	10466	0.287359051447162	undirected	NA	NA
6954	10514	0.329665705767071	undirected	NA	NA
6954	10930	0.298691595724892	undirected	NA	NA
6954	10973	0.323852620332177	undirected	NA	NA
6954	11167	0.317001698602215	undirected	NA	NA
6954	11319	0.320280239619046	undirected	NA	NA
6954	11416	0.355665351680837	undirected	NA	NA
6954	11642	0.36493861363823	undirected	NA	NA
6954	11794	0.251658568574632	undirected	NA	NA
6954	12561	0.273460317849068	undirected	NA	NA
6954	12574	0.346106626036035	undirected	NA	NA
6954	12630	0.35472544632264	undirected	NA	NA
6954	12874	0.299889413036868	undirected	NA	NA
6954	13727	0.248541457509086	undirected	NA	NA
6954	13929	0.329961899854515	undirected	NA	NA
6954	13976	0.321317647690141	undirected	NA	NA
6954	14219	0.312192605458251	undirected	NA	NA
6954	14563	0.291549818851225	undirected	NA	NA
6954	14606	0.348745109933473	undirected	NA	NA
6954	14793	0.284431962602697	undirected	NA	NA
6954	15265	0.308136848881139	undirected	NA	NA
7080	7103	0.333149522290385	undirected	NA	NA
7080	7193	0.34050200765681	undirected	NA	NA
7080	7258	0.385628829800653	undirected	NA	NA
7080	7787	0.206495396272278	undirected	NA	NA
7080	8633	0.193809051155172	undirected	NA	NA
7080	9151	0.405100573907248	undirected	NA	NA
7080	9406	0.231178924780704	undirected	NA	NA
7080	9560	0.240277261949683	undirected	NA	NA
7080	9725	0.264383618168944	undirected	NA	NA
7080	9745	0.260787374942093	undirected	NA	NA
7080	10231	0.29720917946804	undirected	NA	NA
7080	10466	0.340617772144749	undirected	NA	NA
7080	10514	0.222999262172147	undirected	NA	NA
7080	10930	0.240963945283191	undirected	NA	NA
7080	10973	0.236589020587567	undirected	NA	NA
7080	11167	0.288236066276836	undirected	NA	NA
7080	11319	0.392328496541703	undirected	NA	NA
7080	11416	0.227549351837407	undirected	NA	NA
7080	11642	0.312043276721852	undirected	NA	NA
7080	11794	0.222914373895861	undirected	NA	NA
7080	12561	0.35681669263939	undirected	NA	NA
7080	12574	0.232567388169668	undirected	NA	NA
7080	12630	0.266305105174652	undirected	NA	NA
7080	12874	0.16718240454099	undirected	NA	NA
7080	13727	0.267775596495823	undirected	NA	NA
7080	13929	0.267090209585435	undirected	NA	NA
7080	13976	0.332631854043411	undirected	NA	NA
7080	14219	0.212260702904706	undirected	NA	NA
7080	14563	0.329469183685787	undirected	NA	NA
7080	14606	0.22073565973189	undirected	NA	NA
7080	14793	0.257038881187048	undirected	NA	NA
7080	15265	0.290164622122613	undirected	NA	NA
7103	7193	0.388293671505205	undirected	NA	NA
7103	7258	0.387536189260077	undirected	NA	NA
7103	7787	0.228304495066279	undirected	NA	NA
7103	8633	0.304300782553867	undirected	NA	NA
7103	9151	0.423564230176606	undirected	NA	NA
7103	9406	0.257351194811676	undirected	NA	NA
7103	9560	0.325719909384302	undirected	NA	NA
7103	9725	0.334773764426155	undirected	NA	NA
7103	9745	0.317362234495332	undirected	NA	NA
7103	10231	0.314194210309907	undirected	NA	NA
7103	10466	0.310769493378652	undirected	NA	NA
7103	10514	0.324237443256011	undirected	NA	NA
7103	10930	0.263112880598434	undirected	NA	NA
7103	10973	0.275077888151327	undirected	NA	NA
7103	11167	0.360242521345919	undirected	NA	NA
7103	11319	0.384916185608329	undirected	NA	NA
7103	11416	0.305764893148028	undirected	NA	NA
7103	11642	0.325638943870053	undirected	NA	NA
7103	11794	0.229163358230485	undirected	NA	NA
7103	12561	0.30705289519976	undirected	NA	NA
7103	12574	0.332521538894409	undirected	NA	NA
7103	12630	0.29764034789625	undirected	NA	NA
7103	12874	0.243764976778256	undirected	NA	NA
7103	13727	0.320610808265729	undirected	NA	NA
7103	13929	0.354600650457484	undirected	NA	NA
7103	13976	0.316421923890888	undirected	NA	NA
7103	14219	0.331174828770107	undirected	NA	NA
7103	14563	0.346939095684365	undirected	NA	NA
7103	14606	0.279050507418636	undirected	NA	NA
7103	14793	0.339656933481613	undirected	NA	NA
7103	15265	0.355770278666019	undirected	NA	NA
7193	7258	0.315778202359559	undirected	NA	NA
7193	7787	0.299066178238653	undirected	NA	NA
7193	8633	0.374166601878882	undirected	NA	NA
7193	9151	0.372163259476451	undirected	NA	NA
7193	9406	0.379963866317281	undirected	NA	NA
7193	9560	0.384668683775075	undirected	NA	NA
7193	9725	0.387953100218748	undirected	NA	NA
7193	9745	0.385805418058816	undirected	NA	NA
7193	10231	0.396519272384552	undirected	NA	NA
7193	10466	0.337724875908615	undirected	NA	NA
7193	10514	0.425932307063755	undirected	NA	NA
7193	10930	0.378666895024851	undirected	NA	NA
7193	10973	0.399330352352929	undirected	NA	NA
7193	11167	0.386221640114495	undirected	NA	NA
7193	11319	0.315017957705239	undirected	NA	NA
7193	11416	0.341357609432983	undirected	NA	NA
7193	11642	0.393710410681641	undirected	NA	NA
7193	11794	0.285549359975768	undirected	NA	NA
7193	12561	0.335004105284126	undirected	NA	NA
7193	12574	0.403277684772473	undirected	NA	NA
7193	12630	0.38377443510338	undirected	NA	NA
7193	12874	0.373273872492946	undirected	NA	NA
7193	13727	0.326727242464115	undirected	NA	NA
7193	13929	0.414218037677994	undirected	NA	NA
7193	13976	0.371158092595344	undirected	NA	NA
7193	14219	0.410332679332585	undirected	NA	NA
7193	14563	0.317805368473114	undirected	NA	NA
7193	14606	0.317063655361997	undirected	NA	NA
7193	14793	0.378069841191027	undirected	NA	NA
7193	15265	0.363946635519034	undirected	NA	NA
7258	7787	0.164461485907515	undirected	NA	NA
7258	8633	0.310710260138822	undirected	NA	NA
7258	9151	0.391667120525253	undirected	NA	NA
7258	9406	0.281307631717549	undirected	NA	NA
7258	9560	0.256038927492108	undirected	NA	NA
7258	9725	0.261024024274356	undirected	NA	NA
7258	9745	0.36946248265441	undirected	NA	NA
7258	10231	0.371871052487272	undirected	NA	NA
7258	10466	0.388636805242492	undirected	NA	NA
7258	10514	0.279153092467349	undirected	NA	NA
7258	10930	0.315204437746246	undirected	NA	NA
7258	10973	0.303191434090353	undirected	NA	NA
7258	11167	0.340047424787034	undirected	NA	NA
7258	11319	0.369112168209544	undirected	NA	NA
7258	11416	0.200427949059621	undirected	NA	NA
7258	11642	0.33114550413106	undirected	NA	NA
7258	11794	0.170659791030165	undirected	NA	NA
7258	12561	0.398766711992313	undirected	NA	NA
7258	12574	0.280599554818226	undirected	NA	NA
7258	12630	0.308565537324199	undirected	NA	NA
7258	12874	0.188697727115887	undirected	NA	NA
7258	13727	0.358517516525779	undirected	NA	NA
7258	13929	0.323576608393758	undirected	NA	NA
7258	13976	0.37031113011224	undirected	NA	NA
7258	14219	0.321247348469975	undirected	NA	NA
7258	14563	0.304262396122226	undirected	NA	NA
7258	14606	0.178674588763498	undirected	NA	NA
7258	14793	0.360370685319725	undirected	NA	NA
7258	15265	0.307842673508047	undirected	NA	NA
7787	8633	0.0808276530160911	undirected	NA	NA
7787	9151	0.218362989934381	undirected	NA	NA
7787	9406	0.31113632904669	undirected	NA	NA
7787	9560	0.154221696012666	undirected	NA	NA
7787	9725	0.272684078630001	undirected	NA	NA
7787	9745	0.16695464232974	undirected	NA	NA
7787	10231	0.201489217785163	undirected	NA	NA
7787	10466	0.180134896341954	undirected	NA	NA
7787	10514	0.307074559137808	undirected	NA	NA
7787	10930	0.195076724219302	undirected	NA	NA
7787	10973	0.200596642129645	undirected	NA	NA
7787	11167	0.19124873474503	undirected	NA	NA
7787	11319	0.217567480860759	undirected	NA	NA
7787	11416	0.126580952312068	undirected	NA	NA
7787	11642	0.306742690150083	undirected	NA	NA
7787	11794	0.17827590193742	undirected	NA	NA
7787	12561	0.207423746502617	undirected	NA	NA
7787	12574	0.167692874400387	undirected	NA	NA
7787	12630	0.21095454887228	undirected	NA	NA
7787	12874	0.213655748858917	undirected	NA	NA
7787	13727	0.109461690640264	undirected	NA	NA
7787	13929	0.258374717138329	undirected	NA	NA
7787	13976	0.238791486251501	undirected	NA	NA
7787	14219	0.139963823321277	undirected	NA	NA
7787	14563	0.174713137288196	undirected	NA	NA
7787	14606	0.110510403313538	undirected	NA	NA
7787	14793	0.156005387405465	undirected	NA	NA
7787	15265	0.183375189097987	undirected	NA	NA
8633	9151	0.320922980170684	undirected	NA	NA
8633	9406	0.239086256022444	undirected	NA	NA
8633	9560	0.215261462566308	undirected	NA	NA
8633	9725	0.142225171014035	undirected	NA	NA
8633	9745	0.2959781777673	undirected	NA	NA
8633	10231	0.321916441119661	undirected	NA	NA
8633	10466	0.316684807948456	undirected	NA	NA
8633	10514	0.167174802480117	undirected	NA	NA
8633	10930	0.319857434186741	undirected	NA	NA
8633	10973	0.336453310865853	undirected	NA	NA
8633	11167	0.195102649726981	undirected	NA	NA
8633	11319	0.285585396137391	undirected	NA	NA
8633	11416	0.202266215598085	undirected	NA	NA
8633	11642	0.32031205816274	undirected	NA	NA
8633	11794	0.0850105899159803	undirected	NA	NA
8633	12561	0.278653607937008	undirected	NA	NA
8633	12574	0.208506104265083	undirected	NA	NA
8633	12630	0.366861031138558	undirected	NA	NA
8633	12874	0.114832397022918	undirected	NA	NA
8633	13727	0.180664802449216	undirected	NA	NA
8633	13929	0.196400815083303	undirected	NA	NA
8633	13976	0.32430268624168	undirected	NA	NA
8633	14219	0.239806577731553	undirected	NA	NA
8633	14563	0.175667592144698	undirected	NA	NA
8633	14606	0.217578475140836	undirected	NA	NA
8633	14793	0.224938353890525	undirected	NA	NA
8633	15265	0.153443016582961	undirected	NA	NA
9151	9406	0.348021166772447	undirected	NA	NA
9151	9560	0.27846573085141	undirected	NA	NA
9151	9725	0.30592325082773	undirected	NA	NA
9151	9745	0.390618038130215	undirected	NA	NA
9151	10231	0.402058029080407	undirected	NA	NA
9151	10466	0.411517278577773	undirected	NA	NA
9151	10514	0.333225101391515	undirected	NA	NA
9151	10930	0.351260979568426	undirected	NA	NA
9151	10973	0.340376456649745	undirected	NA	NA
9151	11167	0.359081784573911	undirected	NA	NA
9151	11319	0.412840907554087	undirected	NA	NA
9151	11416	0.219481897045692	undirected	NA	NA
9151	11642	0.386619723337397	undirected	NA	NA
9151	11794	0.2203773442082	undirected	NA	NA
9151	12561	0.425870260112586	undirected	NA	NA
9151	12574	0.305446292200069	undirected	NA	NA
9151	12630	0.347736338202676	undirected	NA	NA
9151	12874	0.244053657302196	undirected	NA	NA
9151	13727	0.358711760849782	undirected	NA	NA
9151	13929	0.36019955314475	undirected	NA	NA
9151	13976	0.408234241498117	undirected	NA	NA
9151	14219	0.343858769381233	undirected	NA	NA
9151	14563	0.311818233638811	undirected	NA	NA
9151	14606	0.194636217157944	undirected	NA	NA
9151	14793	0.374694136127077	undirected	NA	NA
9151	15265	0.333392472626637	undirected	NA	NA
9406	9560	0.289253323283068	undirected	NA	NA
9406	9725	0.315032455764539	undirected	NA	NA
9406	9745	0.251211578937018	undirected	NA	NA
9406	10231	0.26099847417982	undirected	NA	NA
9406	10466	0.215141109370106	undirected	NA	NA
9406	10514	0.340044393992713	undirected	NA	NA
9406	10930	0.258184098562709	undirected	NA	NA
9406	10973	0.272812911827585	undirected	NA	NA
9406	11167	0.273529429418421	undirected	NA	NA
9406	11319	0.296322940460497	undirected	NA	NA
9406	11416	0.259108432985216	undirected	NA	NA
9406	11642	0.306487673833536	undirected	NA	NA
9406	11794	0.296844234325295	undirected	NA	NA
9406	12561	0.21696869693137	undirected	NA	NA
9406	12574	0.293387730480903	undirected	NA	NA
9406	12630	0.269019352677999	undirected	NA	NA
9406	12874	0.350116803327347	undirected	NA	NA
9406	13727	0.214544681579352	undirected	NA	NA
9406	13929	0.309385773184382	undirected	NA	NA
9406	13976	0.250136926956042	undirected	NA	NA
9406	14219	0.275224150797867	undirected	NA	NA
9406	14563	0.228268426816975	undirected	NA	NA
9406	14606	0.253804045315524	undirected	NA	NA
9406	14793	0.254644355145471	undirected	NA	NA
9406	15265	0.2633773847034	undirected	NA	NA
9560	9725	0.208725147942583	undirected	NA	NA
9560	9745	0.313053336245043	undirected	NA	NA
9560	10231	0.340676356807429	undirected	NA	NA
9560	10466	0.305519756898899	undirected	NA	NA
9560	10514	0.265168267157592	undirected	NA	NA
9560	10930	0.335590848235427	undirected	NA	NA
9560	10973	0.360380742348128	undirected	NA	NA
9560	11167	0.26355326010377	undirected	NA	NA
9560	11319	0.263086991812943	undirected	NA	NA
9560	11416	0.237429215989157	undirected	NA	NA
9560	11642	0.361104009198226	undirected	NA	NA
9560	11794	0.159657386185731	undirected	NA	NA
9560	12561	0.286182039221394	undirected	NA	NA
9560	12574	0.26545116579467	undirected	NA	NA
9560	12630	0.373931738038448	undirected	NA	NA
9560	12874	0.162164358862273	undirected	NA	NA
9560	13727	0.198594288627987	undirected	NA	NA
9560	13929	0.284687151156875	undirected	NA	NA
9560	13976	0.340968405601695	undirected	NA	NA
9560	14219	0.275627228512838	undirected	NA	NA
9560	14563	0.203423406403496	undirected	NA	NA
9560	14606	0.269483092109352	undirected	NA	NA
9560	14793	0.2659302051687	undirected	NA	NA
9560	15265	0.193433891914117	undirected	NA	NA
9725	9745	0.254661545597666	undirected	NA	NA
9725	10231	0.305036260043959	undirected	NA	NA
9725	10466	0.27020792670082	undirected	NA	NA
9725	10514	0.317324028737909	undirected	NA	NA
9725	10930	0.261593335849801	undirected	NA	NA
9725	10973	0.291819996910031	undirected	NA	NA
9725	11167	0.238760772921868	undirected	NA	NA
9725	11319	0.307197212406997	undirected	NA	NA
9725	11416	0.250814311635913	undirected	NA	NA
9725	11642	0.366206426771827	undirected	NA	NA
9725	11794	0.264146069165301	undirected	NA	NA
9725	12561	0.289412140960398	undirected	NA	NA
9725	12574	0.216003350910859	undirected	NA	NA
9725	12630	0.303205764978347	undirected	NA	NA
9725	12874	0.208535609349535	undirected	NA	NA
9725	13727	0.14778995826336	undirected	NA	NA
9725	13929	0.293968890157063	undirected	NA	NA
9725	13976	0.314425219406751	undirected	NA	NA
9725	14219	0.223136936377081	undirected	NA	NA
9725	14563	0.220786148741373	undirected	NA	NA
9725	14606	0.234405568072762	undirected	NA	NA
9725	14793	0.21290659694304	undirected	NA	NA
9725	15265	0.240363200418046	undirected	NA	NA
9745	10231	0.311128533709707	undirected	NA	NA
9745	10466	0.333634511649816	undirected	NA	NA
9745	10514	0.249133990943048	undirected	NA	NA
9745	10930	0.292475385597269	undirected	NA	NA
9745	10973	0.295309972430708	undirected	NA	NA
9745	11167	0.319914338702691	undirected	NA	NA
9745	11319	0.350196265903764	undirected	NA	NA
9745	11416	0.279253010343413	undirected	NA	NA
9745	11642	0.330410373716127	undirected	NA	NA
9745	11794	0.176168266461229	undirected	NA	NA
9745	12561	0.312267571368611	undirected	NA	NA
9745	12574	0.309580785949594	undirected	NA	NA
9745	12630	0.333336194151029	undirected	NA	NA
9745	12874	0.197854530248266	undirected	NA	NA
9745	13727	0.306332634880509	undirected	NA	NA
9745	13929	0.29469252800569	undirected	NA	NA
9745	13976	0.336473506995711	undirected	NA	NA
9745	14219	0.295438657051856	undirected	NA	NA
9745	14563	0.304827202546334	undirected	NA	NA
9745	14606	0.287747559737997	undirected	NA	NA
9745	14793	0.310440883930671	undirected	NA	NA
9745	15265	0.273047112663218	undirected	NA	NA
10231	10466	0.318076510453242	undirected	NA	NA
10231	10514	0.301560091404996	undirected	NA	NA
10231	10930	0.279375655704794	undirected	NA	NA
10231	10973	0.287158495227132	undirected	NA	NA
10231	11167	0.351713296522657	undirected	NA	NA
10231	11319	0.360299743541663	undirected	NA	NA
10231	11416	0.313850695338609	undirected	NA	NA
10231	11642	0.333244741895981	undirected	NA	NA
10231	11794	0.205082893831874	undirected	NA	NA
10231	12561	0.302397872964318	undirected	NA	NA
10231	12574	0.342917459391035	undirected	NA	NA
10231	12630	0.325618236394625	undirected	NA	NA
10231	12874	0.236156321103109	undirected	NA	NA
10231	13727	0.319901772565369	undirected	NA	NA
10231	13929	0.337938103920796	undirected	NA	NA
10231	13976	0.32599940966888	undirected	NA	NA
10231	14219	0.33486775486177	undirected	NA	NA
10231	14563	0.329478259051711	undirected	NA	NA
10231	14606	0.304279165524808	undirected	NA	NA
10231	14793	0.337198804250118	undirected	NA	NA
10231	15265	0.321298752870796	undirected	NA	NA
10466	10514	0.269982798561187	undirected	NA	NA
10466	10930	0.274026505083153	undirected	NA	NA
10466	10973	0.268720479994839	undirected	NA	NA
10466	11167	0.358236677038646	undirected	NA	NA
10466	11319	0.363449788572145	undirected	NA	NA
10466	11416	0.250151792701333	undirected	NA	NA
10466	11642	0.282837765953287	undirected	NA	NA
10466	11794	0.194088333822704	undirected	NA	NA
10466	12561	0.308897470665745	undirected	NA	NA
10466	12574	0.312414903103401	undirected	NA	NA
10466	12630	0.26699919663136	undirected	NA	NA
10466	12874	0.201306551197532	undirected	NA	NA
10466	13727	0.370137185065815	undirected	NA	NA
10466	13929	0.32710295205568	undirected	NA	NA
10466	13976	0.298917976600538	undirected	NA	NA
10466	14219	0.317333148680556	undirected	NA	NA
10466	14563	0.341646015043568	undirected	NA	NA
10466	14606	0.250723588956549	undirected	NA	NA
10466	14793	0.361532366954069	undirected	NA	NA
10466	15265	0.304786004233441	undirected	NA	NA
10514	10930	0.279950128259904	undirected	NA	NA
10514	10973	0.309758100209443	undirected	NA	NA
10514	11167	0.2361308440482	undirected	NA	NA
10514	11319	0.317129696579557	undirected	NA	NA
10514	11416	0.29406629416329	undirected	NA	NA
10514	11642	0.381846909449409	undirected	NA	NA
10514	11794	0.29242708117991	undirected	NA	NA
10514	12561	0.276509751669747	undirected	NA	NA
10514	12574	0.249676774055996	undirected	NA	NA
10514	12630	0.330386118299587	undirected	NA	NA
10514	12874	0.278421600517791	undirected	NA	NA
10514	13727	0.161937070218565	undirected	NA	NA
10514	13929	0.262498417762303	undirected	NA	NA
10514	13976	0.318069669783299	undirected	NA	NA
10514	14219	0.214452083389159	undirected	NA	NA
10514	14563	0.240668798631334	undirected	NA	NA
10514	14606	0.280339572389243	undirected	NA	NA
10514	14793	0.194430826398901	undirected	NA	NA
10514	15265	0.265389927327321	undirected	NA	NA
10930	10973	0.286114261907402	undirected	NA	NA
10930	11167	0.313564690777203	undirected	NA	NA
10930	11319	0.299081872841444	undirected	NA	NA
10930	11416	0.283327511563202	undirected	NA	NA
10930	11642	0.311806109407284	undirected	NA	NA
10930	11794	0.200255727626803	undirected	NA	NA
10930	12561	0.247875626786903	undirected	NA	NA
10930	12574	0.334588063387519	undirected	NA	NA
10930	12630	0.320940231268473	undirected	NA	NA
10930	12874	0.258085936728809	undirected	NA	NA
10930	13727	0.291430915594736	undirected	NA	NA
10930	13929	0.305464535203343	undirected	NA	NA
10930	13976	0.292660704667573	undirected	NA	NA
10930	14219	0.318224508893148	undirected	NA	NA
10930	14563	0.268128793509757	undirected	NA	NA
10930	14606	0.306323787523876	undirected	NA	NA
10930	14793	0.312032290273051	undirected	NA	NA
10930	15265	0.252712273301225	undirected	NA	NA
10973	11167	0.32017148007713	undirected	NA	NA
10973	11319	0.293810915418124	undirected	NA	NA
10973	11416	0.33356489233648	undirected	NA	NA
10973	11642	0.326152477436422	undirected	NA	NA
10973	11794	0.196444840160572	undirected	NA	NA
10973	12561	0.242869289717482	undirected	NA	NA
10973	12574	0.361200518619457	undirected	NA	NA
10973	12630	0.341498236792337	undirected	NA	NA
10973	12874	0.275588715390568	undirected	NA	NA
10973	13727	0.273484230350202	undirected	NA	NA
10973	13929	0.3223029723402	undirected	NA	NA
10973	13976	0.293646366456879	undirected	NA	NA
10973	14219	0.345372448523783	undirected	NA	NA
10973	14563	0.271200637744468	undirected	NA	NA
10973	14606	0.337493050635655	undirected	NA	NA
10973	14793	0.309406764141414	undirected	NA	NA
10973	15265	0.27927301005271	undirected	NA	NA
11167	11319	0.344220753548397	undirected	NA	NA
11167	11416	0.25936351462219	undirected	NA	NA
11167	11642	0.361693631185083	undirected	NA	NA
11167	11794	0.204929975743044	undirected	NA	NA
11167	12561	0.352466198796183	undirected	NA	NA
11167	12574	0.244095520483492	undirected	NA	NA
11167	12630	0.344815353051149	undirected	NA	NA
11167	12874	0.176407079267068	undirected	NA	NA
11167	13727	0.228714795624813	undirected	NA	NA
11167	13929	0.270439145189047	undirected	NA	NA
11167	13976	0.370484899076159	undirected	NA	NA
11167	14219	0.247532587625949	undirected	NA	NA
11167	14563	0.283683340712874	undirected	NA	NA
11167	14606	0.277079672831179	undirected	NA	NA
11167	14793	0.268595406034016	undirected	NA	NA
11167	15265	0.239658217309324	undirected	NA	NA
11319	11416	0.21925640059571	undirected	NA	NA
11319	11642	0.335625945758814	undirected	NA	NA
11319	11794	0.21909308944018	undirected	NA	NA
11319	12561	0.385959572384897	undirected	NA	NA
11319	12574	0.284991770074637	undirected	NA	NA
11319	12630	0.295047130141297	undirected	NA	NA
11319	12874	0.224431242314001	undirected	NA	NA
11319	13727	0.333496036172151	undirected	NA	NA
11319	13929	0.344437646312115	undirected	NA	NA
11319	13976	0.358282909993774	undirected	NA	NA
11319	14219	0.314266558697832	undirected	NA	NA
11319	14563	0.317050731739234	undirected	NA	NA
11319	14606	0.189332098474242	undirected	NA	NA
11319	14793	0.346178587818331	undirected	NA	NA
11319	15265	0.340083091293146	undirected	NA	NA
11416	11642	0.322670717850591	undirected	NA	NA
11416	11794	0.122207279332688	undirected	NA	NA
11416	12561	0.242325424128663	undirected	NA	NA
11416	12574	0.273298969545495	undirected	NA	NA
11416	12630	0.329657885329411	undirected	NA	NA
11416	12874	0.128652582375341	undirected	NA	NA
11416	13727	0.164779868876396	undirected	NA	NA
11416	13929	0.294113555705594	undirected	NA	NA
11416	13976	0.287320259146414	undirected	NA	NA
11416	14219	0.280625046113338	undirected	NA	NA
11416	14563	0.214002681113768	undirected	NA	NA
11416	14606	0.231940043199529	undirected	NA	NA
11416	14793	0.238464068741133	undirected	NA	NA
11416	15265	0.234401079742415	undirected	NA	NA
11642	11794	0.301225006266091	undirected	NA	NA
11642	12561	0.285408536143258	undirected	NA	NA
11642	12574	0.36680413125187	undirected	NA	NA
11642	12630	0.308680887907438	undirected	NA	NA
11642	12874	0.347457532858182	undirected	NA	NA
11642	13727	0.306312363409985	undirected	NA	NA
11642	13929	0.380831748652486	undirected	NA	NA
11642	13976	0.310651389556453	undirected	NA	NA
11642	14219	0.352974818743789	undirected	NA	NA
11642	14563	0.317130682418885	undirected	NA	NA
11642	14606	0.314044915548932	undirected	NA	NA
11642	14793	0.343180566496308	undirected	NA	NA
11642	15265	0.339207070386712	undirected	NA	NA
11794	12561	0.221809571096228	undirected	NA	NA
11794	12574	0.17093336188916	undirected	NA	NA
11794	12630	0.208443860041325	undirected	NA	NA
11794	12874	0.20891148307726	undirected	NA	NA
11794	13727	0.128787907949499	undirected	NA	NA
11794	13929	0.262957999651094	undirected	NA	NA
11794	13976	0.249269308681218	undirected	NA	NA
11794	14219	0.139868502609059	undirected	NA	NA
11794	14563	0.192839027478897	undirected	NA	NA
11794	14606	0.114660847198371	undirected	NA	NA
11794	14793	0.171292742993899	undirected	NA	NA
11794	15265	0.18105998859083	undirected	NA	NA
12561	12574	0.291750441590927	undirected	NA	NA
12561	12630	0.251937847946394	undirected	NA	NA
12561	12874	0.203500911496494	undirected	NA	NA
12561	13727	0.352057700195837	undirected	NA	NA
12561	13929	0.328335697622675	undirected	NA	NA
12561	13976	0.299366420966274	undirected	NA	NA
12561	14219	0.2928142826156	undirected	NA	NA
12561	14563	0.354501402178027	undirected	NA	NA
12561	14606	0.233829064534789	undirected	NA	NA
12561	14793	0.343376155009709	undirected	NA	NA
12561	15265	0.324402881615518	undirected	NA	NA
12574	12630	0.380178362456986	undirected	NA	NA
12574	12874	0.185987445669411	undirected	NA	NA
12574	13727	0.185570920453337	undirected	NA	NA
12574	13929	0.265581617628631	undirected	NA	NA
12574	13976	0.344521197244205	undirected	NA	NA
12574	14219	0.267891317611798	undirected	NA	NA
12574	14563	0.221890866448541	undirected	NA	NA
12574	14606	0.296957798860513	undirected	NA	NA
12574	14793	0.251888079772845	undirected	NA	NA
12574	15265	0.20096509909052	undirected	NA	NA
12630	12874	0.29295327917991	undirected	NA	NA
12630	13727	0.305823177175359	undirected	NA	NA
12630	13929	0.34615097255736	undirected	NA	NA
12630	13976	0.289558981800139	undirected	NA	NA
12630	14219	0.373092820277531	undirected	NA	NA
12630	14563	0.285873160574373	undirected	NA	NA
12630	14606	0.334728633246383	undirected	NA	NA
12630	14793	0.342152500027476	undirected	NA	NA
12630	15265	0.292960096458219	undirected	NA	NA
12874	13727	0.108463563841917	undirected	NA	NA
12874	13929	0.233396283713881	undirected	NA	NA
12874	13976	0.264832390257692	undirected	NA	NA
12874	14219	0.175139074152426	undirected	NA	NA
12874	14563	0.128869058789026	undirected	NA	NA
12874	14606	0.148172202968622	undirected	NA	NA
12874	14793	0.163606554489845	undirected	NA	NA
12874	15265	0.144937590306204	undirected	NA	NA
13727	13929	0.214445172161329	undirected	NA	NA
13727	13976	0.354228807703192	undirected	NA	NA
13727	14219	0.209077548645058	undirected	NA	NA
13727	14563	0.231097482947948	undirected	NA	NA
13727	14606	0.194783659175497	undirected	NA	NA
13727	14793	0.26031947023216	undirected	NA	NA
13727	15265	0.164576223256695	undirected	NA	NA
13929	13976	0.35714855156249	undirected	NA	NA
13929	14219	0.237488426554013	undirected	NA	NA
13929	14563	0.288224723833977	undirected	NA	NA
13929	14606	0.299134320423278	undirected	NA	NA
13929	14793	0.239967921280214	undirected	NA	NA
13929	15265	0.272457777809675	undirected	NA	NA
13976	14219	0.336380404803394	undirected	NA	NA
13976	14563	0.343490125201165	undirected	NA	NA
13976	14606	0.291382654471458	undirected	NA	NA
13976	14793	0.363295257314754	undirected	NA	NA
13976	15265	0.322565466994843	undirected	NA	NA
14219	14563	0.234038768734175	undirected	NA	NA
14219	14606	0.278533612732693	undirected	NA	NA
14219	14793	0.22794958346409	undirected	NA	NA
14219	15265	0.228012468160696	undirected	NA	NA
14563	14606	0.225243956216766	undirected	NA	NA
14563	14793	0.276370117632988	undirected	NA	NA
14563	15265	0.234123656519295	undirected	NA	NA
14606	14793	0.263379938173955	undirected	NA	NA
14606	15265	0.204727136410956	undirected	NA	NA
14793	15265	0.224080316718447	undirected	NA	NA
