fromNode	toNode	weight	direction	fromAltName	toAltName
33	227	0.432315393419437	undirected	NA	NA
33	434	0.0871602845130597	undirected	NA	NA
33	1006	0.18693222393876	undirected	NA	NA
33	1125	0.170338557738267	undirected	NA	NA
33	1429	0.00434238128920309	undirected	NA	NA
33	1819	0.205567286927897	undirected	NA	NA
33	2003	0.0555844424134036	undirected	NA	NA
33	2118	0.342608207116305	undirected	NA	NA
33	2157	0.0973857823374271	undirected	NA	NA
33	2409	0.3676172772574	undirected	NA	NA
33	2904	0.000153789827374416	undirected	NA	NA
33	2915	0.0223322365449751	undirected	NA	NA
33	3037	0.19919136432064	undirected	NA	NA
33	3551	0.176583018427588	undirected	NA	NA
33	4666	0.00266210153142575	undirected	NA	NA
33	5429	0.0599253875593152	undirected	NA	NA
33	5483	0.38328111689098	undirected	NA	NA
33	5613	0.251709673693749	undirected	NA	NA
33	6131	0.0748220453413631	undirected	NA	NA
33	6249	0.33822866411733	undirected	NA	NA
33	6292	0.35557076069466	undirected	NA	NA
33	6675	0.0577662741043896	undirected	NA	NA
33	6700	0.00435995098312387	undirected	NA	NA
33	7034	0.347042062998076	undirected	NA	NA
33	7291	0.379276296782012	undirected	NA	NA
33	7299	0.0118511779952096	undirected	NA	NA
33	7419	0.11149137225	undirected	NA	NA
33	7990	0.00665782781311897	undirected	NA	NA
33	8066	0.177262156389297	undirected	NA	NA
33	8445	0.283409146672521	undirected	NA	NA
33	9371	0.00534522757649449	undirected	NA	NA
33	9769	0.162093149865302	undirected	NA	NA
33	9861	0.130268328325459	undirected	NA	NA
33	10058	0.111825487019666	undirected	NA	NA
33	10188	0.00114728921047055	undirected	NA	NA
33	10456	0.319538524471224	undirected	NA	NA
33	10673	0.343204679597706	undirected	NA	NA
33	11547	0.402273203417018	undirected	NA	NA
33	11972	0.3221746774346	undirected	NA	NA
33	12292	0.168576278829172	undirected	NA	NA
33	13138	0.272837953362993	undirected	NA	NA
33	13797	0.0736088412982806	undirected	NA	NA
33	13980	0.0690063912274045	undirected	NA	NA
33	14167	0.0165830436542499	undirected	NA	NA
33	14310	0.041351820980984	undirected	NA	NA
33	14506	0.246339484520553	undirected	NA	NA
33	15099	0.0393907666645727	undirected	NA	NA
227	434	0.0348303230869809	undirected	NA	NA
227	1006	0.196399289301567	undirected	NA	NA
227	1125	0.105413473379008	undirected	NA	NA
227	1429	0.00152453598123984	undirected	NA	NA
227	1819	0.245315674539754	undirected	NA	NA
227	2003	0.0244770541873277	undirected	NA	NA
227	2118	0.342760415509081	undirected	NA	NA
227	2157	0.0581182995330828	undirected	NA	NA
227	2409	0.436305064633147	undirected	NA	NA
227	2904	2.6457256046562e-05	undirected	NA	NA
227	2915	0.0083545567105502	undirected	NA	NA
227	3037	0.136009827023592	undirected	NA	NA
227	3551	0.124989774706883	undirected	NA	NA
227	4666	0.00128145572004032	undirected	NA	NA
227	5429	0.0265936242272787	undirected	NA	NA
227	5483	0.423268493047435	undirected	NA	NA
227	5613	0.264157002688945	undirected	NA	NA
227	6131	0.0526898009832498	undirected	NA	NA
227	6249	0.296109229575149	undirected	NA	NA
227	6292	0.347598258252022	undirected	NA	NA
227	6675	0.0900487917859655	undirected	NA	NA
227	6700	0.00120937009928661	undirected	NA	NA
227	7034	0.316728438449612	undirected	NA	NA
227	7291	0.445662342634756	undirected	NA	NA
227	7299	0.00539588286525609	undirected	NA	NA
227	7419	0.0575202127109024	undirected	NA	NA
227	7990	0.00169078512955819	undirected	NA	NA
227	8066	0.119233011255251	undirected	NA	NA
227	8445	0.3313217745387	undirected	NA	NA
227	9371	0.00128856503079521	undirected	NA	NA
227	9769	0.116508614959013	undirected	NA	NA
227	9861	0.0652305685474759	undirected	NA	NA
227	10058	0.177587041173249	undirected	NA	NA
227	10188	0.000247210341553749	undirected	NA	NA
227	10456	0.34197534179181	undirected	NA	NA
227	10673	0.362427449918095	undirected	NA	NA
227	11547	0.462741041751776	undirected	NA	NA
227	11972	0.268409854605141	undirected	NA	NA
227	12292	0.12724221212538	undirected	NA	NA
227	13138	0.260457821681105	undirected	NA	NA
227	13797	0.0434168406364702	undirected	NA	NA
227	13980	0.030335112671916	undirected	NA	NA
227	14167	0.00664251909022691	undirected	NA	NA
227	14310	0.0555124910809197	undirected	NA	NA
227	14506	0.206398194836694	undirected	NA	NA
227	15099	0.018395928867542	undirected	NA	NA
434	1006	0.0165013807340106	undirected	NA	NA
434	1125	0.274140633751411	undirected	NA	NA
434	1429	0.0162444649302246	undirected	NA	NA
434	1819	0.00432311384221403	undirected	NA	NA
434	2003	0.252932847643284	undirected	NA	NA
434	2118	0.0627768509524886	undirected	NA	NA
434	2157	0.182231164652047	undirected	NA	NA
434	2409	0.0144096439972643	undirected	NA	NA
434	2904	0.00457474807631051	undirected	NA	NA
434	2915	0.0779545190258882	undirected	NA	NA
434	3037	0.135697031004225	undirected	NA	NA
434	3551	0.221078751201343	undirected	NA	NA
434	4666	0.0120531317063895	undirected	NA	NA
434	5429	0.212945834527155	undirected	NA	NA
434	5483	0.0601328942068825	undirected	NA	NA
434	5613	0.00827492613929411	undirected	NA	NA
434	6131	0.12034082289731	undirected	NA	NA
434	6249	0.140821340306417	undirected	NA	NA
434	6292	0.12593638678524	undirected	NA	NA
434	6675	0.000411852041586736	undirected	NA	NA
434	6700	0.0185449739595848	undirected	NA	NA
434	7034	0.0538784102392122	undirected	NA	NA
434	7291	0.0196194510665351	undirected	NA	NA
434	7299	0.0126691596039309	undirected	NA	NA
434	7419	0.2548857446905	undirected	NA	NA
434	7990	0.0220536567903156	undirected	NA	NA
434	8066	0.237997559866146	undirected	NA	NA
434	8445	0.0108579662777079	undirected	NA	NA
434	9371	0.0432553111716225	undirected	NA	NA
434	9769	0.205094369433539	undirected	NA	NA
434	9861	0.193384505979936	undirected	NA	NA
434	10058	0.000836716092048273	undirected	NA	NA
434	10188	0.00700311581416614	undirected	NA	NA
434	10456	0.0129131235298915	undirected	NA	NA
434	10673	0.0355910261883095	undirected	NA	NA
434	11547	0.0362705299066526	undirected	NA	NA
434	11972	0.101769210783691	undirected	NA	NA
434	12292	0.281845945969541	undirected	NA	NA
434	13138	0.0933456733056399	undirected	NA	NA
434	13797	0.122925015251853	undirected	NA	NA
434	13980	0.270131534999644	undirected	NA	NA
434	14167	0.0298801383936773	undirected	NA	NA
434	14310	0.000224240456793577	undirected	NA	NA
434	14506	0.201508550907438	undirected	NA	NA
434	15099	0.101648801346988	undirected	NA	NA
1006	1125	0.05370055417948	undirected	NA	NA
1006	1429	0.0211349392227495	undirected	NA	NA
1006	1819	0.190229532099209	undirected	NA	NA
1006	2003	0.0266355255680561	undirected	NA	NA
1006	2118	0.0427418775300403	undirected	NA	NA
1006	2157	0.105605532594722	undirected	NA	NA
1006	2409	0.167730593571767	undirected	NA	NA
1006	2904	0.00151061285975274	undirected	NA	NA
1006	2915	0.052496217997059	undirected	NA	NA
1006	3037	0.143696257700863	undirected	NA	NA
1006	3551	0.0540662906185418	undirected	NA	NA
1006	4666	0.00708631206535932	undirected	NA	NA
1006	5429	0.056246439438409	undirected	NA	NA
1006	5483	0.261585290702733	undirected	NA	NA
1006	5613	0.157452510230832	undirected	NA	NA
1006	6131	0.107002600600729	undirected	NA	NA
1006	6249	0.0945906626534246	undirected	NA	NA
1006	6292	0.101933689404537	undirected	NA	NA
1006	6675	0.112318882269943	undirected	NA	NA
1006	6700	0.0238483175948123	undirected	NA	NA
1006	7034	0.157343538566598	undirected	NA	NA
1006	7291	0.214510719390927	undirected	NA	NA
1006	7299	0.0358410260657714	undirected	NA	NA
1006	7419	0.0537968670124086	undirected	NA	NA
1006	7990	0.0215843189082773	undirected	NA	NA
1006	8066	0.101512973931702	undirected	NA	NA
1006	8445	0.0762011211309754	undirected	NA	NA
1006	9371	0.0199506366513158	undirected	NA	NA
1006	9769	0.0293766588257306	undirected	NA	NA
1006	9861	0.0563948467766763	undirected	NA	NA
1006	10058	0.0792796605890168	undirected	NA	NA
1006	10188	0.00996265722041473	undirected	NA	NA
1006	10456	0.266118444009338	undirected	NA	NA
1006	10673	0.241416833373068	undirected	NA	NA
1006	11547	0.105971616769473	undirected	NA	NA
1006	11972	0.0556799151987261	undirected	NA	NA
1006	12292	0.0444458576946634	undirected	NA	NA
1006	13138	0.117568503246048	undirected	NA	NA
1006	13797	0.0179303547262479	undirected	NA	NA
1006	13980	0.0244280786202159	undirected	NA	NA
1006	14167	0.044444317450999	undirected	NA	NA
1006	14310	0.0546458617815382	undirected	NA	NA
1006	14506	0.0605465749663572	undirected	NA	NA
1006	15099	0.0571049313676037	undirected	NA	NA
1125	1429	0.00909816824595994	undirected	NA	NA
1125	1819	0.0212169493092391	undirected	NA	NA
1125	2003	0.20016363999533	undirected	NA	NA
1125	2118	0.110092109438186	undirected	NA	NA
1125	2157	0.181995337448439	undirected	NA	NA
1125	2409	0.051662729636728	undirected	NA	NA
1125	2904	0.00224237775386229	undirected	NA	NA
1125	2915	0.0551306151223239	undirected	NA	NA
1125	3037	0.250735304870783	undirected	NA	NA
1125	3551	0.339328329901508	undirected	NA	NA
1125	4666	0.00439014292611912	undirected	NA	NA
1125	5429	0.169308866741089	undirected	NA	NA
1125	5483	0.138261357657999	undirected	NA	NA
1125	5613	0.0386005142095409	undirected	NA	NA
1125	6131	0.124206915246193	undirected	NA	NA
1125	6249	0.266740142013159	undirected	NA	NA
1125	6292	0.204725315863809	undirected	NA	NA
1125	6675	0.00383052526637261	undirected	NA	NA
1125	6700	0.0112328938313752	undirected	NA	NA
1125	7034	0.0947302241193256	undirected	NA	NA
1125	7291	0.0744766734484972	undirected	NA	NA
1125	7299	0.0185711333196226	undirected	NA	NA
1125	7419	0.211988709346191	undirected	NA	NA
1125	7990	0.0108266628890469	undirected	NA	NA
1125	8066	0.275242065481307	undirected	NA	NA
1125	8445	0.0340553313477526	undirected	NA	NA
1125	9371	0.0257596448210744	undirected	NA	NA
1125	9769	0.29403556296573	undirected	NA	NA
1125	9861	0.236156337632631	undirected	NA	NA
1125	10058	0.0070417354514654	undirected	NA	NA
1125	10188	0.00408610559777224	undirected	NA	NA
1125	10456	0.0530727680420432	undirected	NA	NA
1125	10673	0.0935902665848807	undirected	NA	NA
1125	11547	0.120888014165466	undirected	NA	NA
1125	11972	0.137989032915999	undirected	NA	NA
1125	12292	0.242068586879643	undirected	NA	NA
1125	13138	0.119529537721945	undirected	NA	NA
1125	13797	0.182920880836585	undirected	NA	NA
1125	13980	0.227849923070189	undirected	NA	NA
1125	14167	0.0252107717073386	undirected	NA	NA
1125	14310	0.00239310740042604	undirected	NA	NA
1125	14506	0.282336870107979	undirected	NA	NA
1125	15099	0.0980084648226735	undirected	NA	NA
1429	1819	0.00260081514272212	undirected	NA	NA
1429	2003	0.0155738580398858	undirected	NA	NA
1429	2118	0.00198591368685655	undirected	NA	NA
1429	2157	0.083418916303736	undirected	NA	NA
1429	2409	0.00179384490555995	undirected	NA	NA
1429	2904	0.0588461093433882	undirected	NA	NA
1429	2915	0.193843674985171	undirected	NA	NA
1429	3037	0.0270321206872237	undirected	NA	NA
1429	3551	0.00332061181109979	undirected	NA	NA
1429	4666	0.097274513681353	undirected	NA	NA
1429	5429	0.0615173323377122	undirected	NA	NA
1429	5483	0.00919209534647803	undirected	NA	NA
1429	5613	0.00102358155324018	undirected	NA	NA
1429	6131	0.114041195877707	undirected	NA	NA
1429	6249	0.00220424336123938	undirected	NA	NA
1429	6292	0.00227212468998567	undirected	NA	NA
1429	6675	0.00183533703079979	undirected	NA	NA
1429	6700	0.211580077004344	undirected	NA	NA
1429	7034	0.0129151438354121	undirected	NA	NA
1429	7291	0.00218284060681349	undirected	NA	NA
1429	7299	0.159207075039799	undirected	NA	NA
1429	7419	0.0574428753757687	undirected	NA	NA
1429	7990	0.252689908510738	undirected	NA	NA
1429	8066	0.0237754144876075	undirected	NA	NA
1429	8445	0.00104423064699039	undirected	NA	NA
1429	9371	0.166293810600516	undirected	NA	NA
1429	9769	0.00114767750528296	undirected	NA	NA
1429	9861	0.0294199500406433	undirected	NA	NA
1429	10058	0.000145902739650851	undirected	NA	NA
1429	10188	0.21989164431529	undirected	NA	NA
1429	10456	0.0033619242856352	undirected	NA	NA
1429	10673	0.00580379764413471	undirected	NA	NA
1429	11547	0.000819441307100853	undirected	NA	NA
1429	11972	0.0019280020074664	undirected	NA	NA
1429	12292	0.0116822983121549	undirected	NA	NA
1429	13138	0.0100207944831652	undirected	NA	NA
1429	13797	0.00759683351131454	undirected	NA	NA
1429	13980	0.00872548320672978	undirected	NA	NA
1429	14167	0.157409076122637	undirected	NA	NA
1429	14310	0.00017369995199551	undirected	NA	NA
1429	14506	0.00443182162078179	undirected	NA	NA
1429	15099	0.0962881090503662	undirected	NA	NA
1819	2003	0.00286414542696646	undirected	NA	NA
1819	2118	0.10746976395765	undirected	NA	NA
1819	2157	0.0246734111662466	undirected	NA	NA
1819	2409	0.27360046629008	undirected	NA	NA
1819	2904	2.94874585023374e-05	undirected	NA	NA
1819	2915	0.00498319772457027	undirected	NA	NA
1819	3037	0.06366278764847	undirected	NA	NA
1819	3551	0.0244594580283627	undirected	NA	NA
1819	4666	0.00164635621509958	undirected	NA	NA
1819	5429	0.00650896984151361	undirected	NA	NA
1819	5483	0.257183054088133	undirected	NA	NA
1819	5613	0.240784882943506	undirected	NA	NA
1819	6131	0.0314935447350591	undirected	NA	NA
1819	6249	0.0855729497748901	undirected	NA	NA
1819	6292	0.115887675668479	undirected	NA	NA
1819	6675	0.140886106037452	undirected	NA	NA
1819	6700	0.00233806889955193	undirected	NA	NA
1819	7034	0.198589173613013	undirected	NA	NA
1819	7291	0.254454074990813	undirected	NA	NA
1819	7299	0.00930457286207255	undirected	NA	NA
1819	7419	0.0145815312927073	undirected	NA	NA
1819	7990	0.00333745009823003	undirected	NA	NA
1819	8066	0.037672343172685	undirected	NA	NA
1819	8445	0.235039382464223	undirected	NA	NA
1819	9371	0.00111037764414752	undirected	NA	NA
1819	9769	0.0165635881581984	undirected	NA	NA
1819	9861	0.0228982575551045	undirected	NA	NA
1819	10058	0.197726171632786	undirected	NA	NA
1819	10188	0.000387674871736281	undirected	NA	NA
1819	10456	0.293443296729737	undirected	NA	NA
1819	10673	0.26923159672152	undirected	NA	NA
1819	11547	0.171919085298955	undirected	NA	NA
1819	11972	0.0833026428881751	undirected	NA	NA
1819	12292	0.0247696879166741	undirected	NA	NA
1819	13138	0.140427730310915	undirected	NA	NA
1819	13797	0.00605826506790241	undirected	NA	NA
1819	13980	0.00318465020804089	undirected	NA	NA
1819	14167	0.0108468168655973	undirected	NA	NA
1819	14310	0.100564755658572	undirected	NA	NA
1819	14506	0.0452888273506376	undirected	NA	NA
1819	15099	0.00869891235839502	undirected	NA	NA
2003	2118	0.0380110932074117	undirected	NA	NA
2003	2157	0.166134191154595	undirected	NA	NA
2003	2409	0.00868583689695191	undirected	NA	NA
2003	2904	0.0104673534588194	undirected	NA	NA
2003	2915	0.0774054225634425	undirected	NA	NA
2003	3037	0.156086128493815	undirected	NA	NA
2003	3551	0.194535758823764	undirected	NA	NA
2003	4666	0.0095745184144373	undirected	NA	NA
2003	5429	0.19213078327603	undirected	NA	NA
2003	5483	0.050123582276025	undirected	NA	NA
2003	5613	0.00572259142956152	undirected	NA	NA
2003	6131	0.12468940631092	undirected	NA	NA
2003	6249	0.109887461529519	undirected	NA	NA
2003	6292	0.07171462871983	undirected	NA	NA
2003	6675	0.000608575975886529	undirected	NA	NA
2003	6700	0.0158432612397125	undirected	NA	NA
2003	7034	0.0302360744198644	undirected	NA	NA
2003	7291	0.0182677909119848	undirected	NA	NA
2003	7299	0.0178087563655044	undirected	NA	NA
2003	7419	0.214715201658157	undirected	NA	NA
2003	7990	0.0159059791912166	undirected	NA	NA
2003	8066	0.178299819031437	undirected	NA	NA
2003	8445	0.00383797539428296	undirected	NA	NA
2003	9371	0.0378024237442781	undirected	NA	NA
2003	9769	0.15813835413836	undirected	NA	NA
2003	9861	0.145116798141445	undirected	NA	NA
2003	10058	0.000627640525344116	undirected	NA	NA
2003	10188	0.0111014984025768	undirected	NA	NA
2003	10456	0.0108199684762083	undirected	NA	NA
2003	10673	0.0238546389023437	undirected	NA	NA
2003	11547	0.0339713745110174	undirected	NA	NA
2003	11972	0.0427605014120108	undirected	NA	NA
2003	12292	0.168204924427371	undirected	NA	NA
2003	13138	0.0360802129018211	undirected	NA	NA
2003	13797	0.21641613791481	undirected	NA	NA
2003	13980	0.239042720808974	undirected	NA	NA
2003	14167	0.0194350909189638	undirected	NA	NA
2003	14310	0.000171406504702584	undirected	NA	NA
2003	14506	0.155872695478243	undirected	NA	NA
2003	15099	0.141400527689603	undirected	NA	NA
2118	2157	0.0526257889965553	undirected	NA	NA
2118	2409	0.247250903301597	undirected	NA	NA
2118	2904	1.70599113784715e-05	undirected	NA	NA
2118	2915	0.00976631303352313	undirected	NA	NA
2118	3037	0.0723313664663119	undirected	NA	NA
2118	3551	0.121727384813317	undirected	NA	NA
2118	4666	0.00268650562315407	undirected	NA	NA
2118	5429	0.0365949616445753	undirected	NA	NA
2118	5483	0.275496176478346	undirected	NA	NA
2118	5613	0.0796013600231339	undirected	NA	NA
2118	6131	0.0429413816003597	undirected	NA	NA
2118	6249	0.284561710790508	undirected	NA	NA
2118	6292	0.362311304407828	undirected	NA	NA
2118	6675	0.0163350503904201	undirected	NA	NA
2118	6700	0.00120095548783404	undirected	NA	NA
2118	7034	0.259202060376154	undirected	NA	NA
2118	7291	0.219283966785967	undirected	NA	NA
2118	7299	0.00112600096745676	undirected	NA	NA
2118	7419	0.0800334683731564	undirected	NA	NA
2118	7990	0.00194907472173134	undirected	NA	NA
2118	8066	0.103960500440957	undirected	NA	NA
2118	8445	0.15449686163643	undirected	NA	NA
2118	9371	0.00131815945387788	undirected	NA	NA
2118	9769	0.129361074758434	undirected	NA	NA
2118	9861	0.0532608788809372	undirected	NA	NA
2118	10058	0.0419485019603225	undirected	NA	NA
2118	10188	0.000225411253879077	undirected	NA	NA
2118	10456	0.150988522017428	undirected	NA	NA
2118	10673	0.20169301898533	undirected	NA	NA
2118	11547	0.202316618219227	undirected	NA	NA
2118	11972	0.335501175720043	undirected	NA	NA
2118	12292	0.179858703107418	undirected	NA	NA
2118	13138	0.204738889261971	undirected	NA	NA
2118	13797	0.0291194655027483	undirected	NA	NA
2118	13980	0.0406401339532148	undirected	NA	NA
2118	14167	0.00384737363730872	undirected	NA	NA
2118	14310	0.00855436211073047	undirected	NA	NA
2118	14506	0.244546622708911	undirected	NA	NA
2118	15099	0.0222961221308082	undirected	NA	NA
2157	2409	0.0386988679671524	undirected	NA	NA
2157	2904	0.019919370330982	undirected	NA	NA
2157	2915	0.198211678971251	undirected	NA	NA
2157	3037	0.258721916405903	undirected	NA	NA
2157	3551	0.146918683273662	undirected	NA	NA
2157	4666	0.0385852287800088	undirected	NA	NA
2157	5429	0.24836817138578	undirected	NA	NA
2157	5483	0.114724057139566	undirected	NA	NA
2157	5613	0.0305367275380594	undirected	NA	NA
2157	6131	0.293178780201857	undirected	NA	NA
2157	6249	0.108566908362259	undirected	NA	NA
2157	6292	0.0871772715812453	undirected	NA	NA
2157	6675	0.00914834676363419	undirected	NA	NA
2157	6700	0.0861018279194844	undirected	NA	NA
2157	7034	0.0887190057647902	undirected	NA	NA
2157	7291	0.0548317976062583	undirected	NA	NA
2157	7299	0.0982442976412395	undirected	NA	NA
2157	7419	0.276329312316349	undirected	NA	NA
2157	7990	0.0931514836141053	undirected	NA	NA
2157	8066	0.229787845174871	undirected	NA	NA
2157	8445	0.0246504022550971	undirected	NA	NA
2157	9371	0.109103350631723	undirected	NA	NA
2157	9769	0.0948632264939451	undirected	NA	NA
2157	9861	0.208317082467455	undirected	NA	NA
2157	10058	0.00640586296204065	undirected	NA	NA
2157	10188	0.0601392263837165	undirected	NA	NA
2157	10456	0.0515796616418926	undirected	NA	NA
2157	10673	0.0753302375703775	undirected	NA	NA
2157	11547	0.0529032905877466	undirected	NA	NA
2157	11972	0.0589239647620614	undirected	NA	NA
2157	12292	0.150491785543214	undirected	NA	NA
2157	13138	0.0798851716839716	undirected	NA	NA
2157	13797	0.14070223943059	undirected	NA	NA
2157	13980	0.15566494108206	undirected	NA	NA
2157	14167	0.100315105563829	undirected	NA	NA
2157	14310	0.00290399701674386	undirected	NA	NA
2157	14506	0.131924592569714	undirected	NA	NA
2157	15099	0.261184446791335	undirected	NA	NA
2409	2904	1.19239850416343e-05	undirected	NA	NA
2409	2915	0.00586801080569709	undirected	NA	NA
2409	3037	0.0888016931060821	undirected	NA	NA
2409	3551	0.0632598770500502	undirected	NA	NA
2409	4666	0.00197967446655819	undirected	NA	NA
2409	5429	0.0130542521358092	undirected	NA	NA
2409	5483	0.395012066224158	undirected	NA	NA
2409	5613	0.216310519448946	undirected	NA	NA
2409	6131	0.043673344020399	undirected	NA	NA
2409	6249	0.20519488088089	undirected	NA	NA
2409	6292	0.2658864052807	undirected	NA	NA
2409	6675	0.0998512852682414	undirected	NA	NA
2409	6700	0.0010929919853469	undirected	NA	NA
2409	7034	0.331066894706102	undirected	NA	NA
2409	7291	0.360808030804593	undirected	NA	NA
2409	7299	0.00393876118802212	undirected	NA	NA
2409	7419	0.0326998084404032	undirected	NA	NA
2409	7990	0.001612219822022	undirected	NA	NA
2409	8066	0.070348472090633	undirected	NA	NA
2409	8445	0.338877681143617	undirected	NA	NA
2409	9371	0.000799943586797891	undirected	NA	NA
2409	9769	0.0555783706139662	undirected	NA	NA
2409	9861	0.0376877557621011	undirected	NA	NA
2409	10058	0.180129850002233	undirected	NA	NA
2409	10188	0.000168848401306356	undirected	NA	NA
2409	10456	0.348609630085482	undirected	NA	NA
2409	10673	0.355726993018403	undirected	NA	NA
2409	11547	0.311670758374111	undirected	NA	NA
2409	11972	0.210065397257377	undirected	NA	NA
2409	12292	0.0743454079285629	undirected	NA	NA
2409	13138	0.228443410131052	undirected	NA	NA
2409	13797	0.0157589109407832	undirected	NA	NA
2409	13980	0.00998049823235885	undirected	NA	NA
2409	14167	0.00583241880103883	undirected	NA	NA
2409	14310	0.0568423664790942	undirected	NA	NA
2409	14506	0.130100380071817	undirected	NA	NA
2409	15099	0.0134553729232816	undirected	NA	NA
2904	2915	0.0861884858157994	undirected	NA	NA
2904	3037	0.00330041408606423	undirected	NA	NA
2904	3551	0.000579865206419202	undirected	NA	NA
2904	4666	0.00375623463714626	undirected	NA	NA
2904	5429	0.0246807814621535	undirected	NA	NA
2904	5483	0.000373634986258978	undirected	NA	NA
2904	5613	1.67650879791839e-05	undirected	NA	NA
2904	6131	0.0201056350498625	undirected	NA	NA
2904	6249	0.000119945481105664	undirected	NA	NA
2904	6292	8.15621790622638e-05	undirected	NA	NA
2904	6675	1.16114297713557e-05	undirected	NA	NA
2904	6700	0.103672166680696	undirected	NA	NA
2904	7034	0.000224153406742625	undirected	NA	NA
2904	7291	3.52690337205401e-05	undirected	NA	NA
2904	7299	0.0480604054205784	undirected	NA	NA
2904	7419	0.00983645376145462	undirected	NA	NA
2904	7990	0.0616863453414184	undirected	NA	NA
2904	8066	0.00469779861222653	undirected	NA	NA
2904	8445	1.81505147511518e-06	undirected	NA	NA
2904	9371	0.145372225921138	undirected	NA	NA
2904	9769	0.000190574031626403	undirected	NA	NA
2904	9861	0.00648240544202184	undirected	NA	NA
2904	10058	1.11033659018323e-07	undirected	NA	NA
2904	10188	0.151595380570403	undirected	NA	NA
2904	10456	9.19951863891407e-05	undirected	NA	NA
2904	10673	0.000183623213457632	undirected	NA	NA
2904	11547	1.22403977018538e-05	undirected	NA	NA
2904	11972	2.71091721686552e-05	undirected	NA	NA
2904	12292	0.0011806954752054	undirected	NA	NA
2904	13138	0.000302266262725803	undirected	NA	NA
2904	13797	0.00126715784362188	undirected	NA	NA
2904	13980	0.00674003041347104	undirected	NA	NA
2904	14167	0.0486097813035863	undirected	NA	NA
2904	14310	2.09165893334676e-06	undirected	NA	NA
2904	14506	0.000303575124079883	undirected	NA	NA
2904	15099	0.0208263041905199	undirected	NA	NA
2915	3037	0.114551917178835	undirected	NA	NA
2915	3551	0.0340036890494127	undirected	NA	NA
2915	4666	0.0863442571539617	undirected	NA	NA
2915	5429	0.167120182472313	undirected	NA	NA
2915	5483	0.0371869390989619	undirected	NA	NA
2915	5613	0.00397429551120019	undirected	NA	NA
2915	6131	0.247279288868513	undirected	NA	NA
2915	6249	0.0196350435456052	undirected	NA	NA
2915	6292	0.0158537707074287	undirected	NA	NA
2915	6675	0.00232408876377084	undirected	NA	NA
2915	6700	0.201703653312499	undirected	NA	NA
2915	7034	0.0348443188352476	undirected	NA	NA
2915	7291	0.00993209377020234	undirected	NA	NA
2915	7299	0.176684596387742	undirected	NA	NA
2915	7419	0.162986894391729	undirected	NA	NA
2915	7990	0.19077262856104	undirected	NA	NA
2915	8066	0.094770766892551	undirected	NA	NA
2915	8445	0.00286343622743639	undirected	NA	NA
2915	9371	0.217976420276263	undirected	NA	NA
2915	9769	0.0162326432591683	undirected	NA	NA
2915	9861	0.0958704761937285	undirected	NA	NA
2915	10058	0.000501593270785492	undirected	NA	NA
2915	10188	0.211157025448825	undirected	NA	NA
2915	10456	0.0109529317907895	undirected	NA	NA
2915	10673	0.0195866771365879	undirected	NA	NA
2915	11547	0.00622601920628775	undirected	NA	NA
2915	11972	0.0104886836604479	undirected	NA	NA
2915	12292	0.0545262332810541	undirected	NA	NA
2915	13138	0.0278817289695068	undirected	NA	NA
2915	13797	0.0563503279120189	undirected	NA	NA
2915	13980	0.0578845099718567	undirected	NA	NA
2915	14167	0.1445122841516	undirected	NA	NA
2915	14310	0.00034824847795467	undirected	NA	NA
2915	14506	0.0340048338030459	undirected	NA	NA
2915	15099	0.229102462767019	undirected	NA	NA
3037	3551	0.19946165104469	undirected	NA	NA
3037	4666	0.0066944601582761	undirected	NA	NA
3037	5429	0.200112180329479	undirected	NA	NA
3037	5483	0.211789210597479	undirected	NA	NA
3037	5613	0.0834356167536719	undirected	NA	NA
3037	6131	0.194628985154891	undirected	NA	NA
3037	6249	0.181342896019705	undirected	NA	NA
3037	6292	0.158333933766499	undirected	NA	NA
3037	6675	0.0320954779305184	undirected	NA	NA
3037	6700	0.0304158014193685	undirected	NA	NA
3037	7034	0.118998981172014	undirected	NA	NA
3037	7291	0.12235617591664	undirected	NA	NA
3037	7299	0.046760565042643	undirected	NA	NA
3037	7419	0.216949387304155	undirected	NA	NA
3037	7990	0.0329678241154162	undirected	NA	NA
3037	8066	0.304141860433043	undirected	NA	NA
3037	8445	0.0524435227289888	undirected	NA	NA
3037	9371	0.0357848267773461	undirected	NA	NA
3037	9769	0.142243611363841	undirected	NA	NA
3037	9861	0.218357479907517	undirected	NA	NA
3037	10058	0.0288173346123551	undirected	NA	NA
3037	10188	0.0116462802160431	undirected	NA	NA
3037	10456	0.121472764189709	undirected	NA	NA
3037	10673	0.161228483051538	undirected	NA	NA
3037	11547	0.118991836092517	undirected	NA	NA
3037	11972	0.0762587635430964	undirected	NA	NA
3037	12292	0.177285878326527	undirected	NA	NA
3037	13138	0.137581248466955	undirected	NA	NA
3037	13797	0.105891334236524	undirected	NA	NA
3037	13980	0.167906157076581	undirected	NA	NA
3037	14167	0.0605522114947442	undirected	NA	NA
3037	14310	0.013756522848179	undirected	NA	NA
3037	14506	0.171444680387519	undirected	NA	NA
3037	15099	0.121605780112804	undirected	NA	NA
3551	4666	0.00147554906588948	undirected	NA	NA
3551	5429	0.145036309063998	undirected	NA	NA
3551	5483	0.135220101712571	undirected	NA	NA
3551	5613	0.0426199352883673	undirected	NA	NA
3551	6131	0.0779865743823256	undirected	NA	NA
3551	6249	0.278478148210094	undirected	NA	NA
3551	6292	0.20239618845979	undirected	NA	NA
3551	6675	0.00638376169666833	undirected	NA	NA
3551	6700	0.00366400321283551	undirected	NA	NA
3551	7034	0.0815201128852096	undirected	NA	NA
3551	7291	0.0962531671820668	undirected	NA	NA
3551	7299	0.00995572446689925	undirected	NA	NA
3551	7419	0.195463832490747	undirected	NA	NA
3551	7990	0.00456172683571934	undirected	NA	NA
3551	8066	0.284279758380293	undirected	NA	NA
3551	8445	0.0358498289017937	undirected	NA	NA
3551	9371	0.00798600198705806	undirected	NA	NA
3551	9769	0.279553168246405	undirected	NA	NA
3551	9861	0.197783089988575	undirected	NA	NA
3551	10058	0.0130384738168691	undirected	NA	NA
3551	10188	0.00119035847460776	undirected	NA	NA
3551	10456	0.0586209330464944	undirected	NA	NA
3551	10673	0.0863059667153182	undirected	NA	NA
3551	11547	0.164232618184332	undirected	NA	NA
3551	11972	0.125707152474596	undirected	NA	NA
3551	12292	0.248396975395359	undirected	NA	NA
3551	13138	0.101216073645219	undirected	NA	NA
3551	13797	0.184074458537209	undirected	NA	NA
3551	13980	0.247927711430147	undirected	NA	NA
3551	14167	0.0122813877924822	undirected	NA	NA
3551	14310	0.00333914150078685	undirected	NA	NA
3551	14506	0.269676860143273	undirected	NA	NA
3551	15099	0.0595781023346909	undirected	NA	NA
4666	5429	0.0354955659894678	undirected	NA	NA
4666	5483	0.00463355069986894	undirected	NA	NA
4666	5613	0.000309601915870778	undirected	NA	NA
4666	6131	0.0544073611982831	undirected	NA	NA
4666	6249	0.00128693647659257	undirected	NA	NA
4666	6292	0.0017440839246881	undirected	NA	NA
4666	6675	0.00185775074220579	undirected	NA	NA
4666	6700	0.0500937829758355	undirected	NA	NA
4666	7034	0.00726780599264018	undirected	NA	NA
4666	7291	0.00143319973997254	undirected	NA	NA
4666	7299	0.0113508043324047	undirected	NA	NA
4666	7419	0.0378441133072946	undirected	NA	NA
4666	7990	0.0828256995663866	undirected	NA	NA
4666	8066	0.0103598837286046	undirected	NA	NA
4666	8445	0.00119966317199153	undirected	NA	NA
4666	9371	0.0279030939046474	undirected	NA	NA
4666	9769	0.000662969548871615	undirected	NA	NA
4666	9861	0.00999294205477233	undirected	NA	NA
4666	10058	0.000133462138742723	undirected	NA	NA
4666	10188	0.0284298182183917	undirected	NA	NA
4666	10456	0.00139323574335292	undirected	NA	NA
4666	10673	0.00223192630196252	undirected	NA	NA
4666	11547	0.000635177828118725	undirected	NA	NA
4666	11972	0.00172064508029364	undirected	NA	NA
4666	12292	0.00952072363975781	undirected	NA	NA
4666	13138	0.00506991104280368	undirected	NA	NA
4666	13797	0.00381425134000549	undirected	NA	NA
4666	13980	0.00445913099456395	undirected	NA	NA
4666	14167	0.0311625662360139	undirected	NA	NA
4666	14310	3.97813216948334e-05	undirected	NA	NA
4666	14506	0.00289399253699376	undirected	NA	NA
4666	15099	0.0558887221351885	undirected	NA	NA
5429	5483	0.0679213391518027	undirected	NA	NA
5429	5613	0.00881080302468956	undirected	NA	NA
5429	6131	0.239390911296848	undirected	NA	NA
5429	6249	0.0872856605662417	undirected	NA	NA
5429	6292	0.0631695168901245	undirected	NA	NA
5429	6675	0.00184436512014161	undirected	NA	NA
5429	6700	0.0593065055271565	undirected	NA	NA
5429	7034	0.0494112546490365	undirected	NA	NA
5429	7291	0.0231752806762691	undirected	NA	NA
5429	7299	0.0573336646956224	undirected	NA	NA
5429	7419	0.257769045541339	undirected	NA	NA
5429	7990	0.0589619370200071	undirected	NA	NA
5429	8066	0.191431778941318	undirected	NA	NA
5429	8445	0.00669470158342532	undirected	NA	NA
5429	9371	0.0945027514638656	undirected	NA	NA
5429	9769	0.100229565310867	undirected	NA	NA
5429	9861	0.165463798008314	undirected	NA	NA
5429	10058	0.00119724717327004	undirected	NA	NA
5429	10188	0.0474325545956452	undirected	NA	NA
5429	10456	0.0183653305957176	undirected	NA	NA
5429	10673	0.0347916654320902	undirected	NA	NA
5429	11547	0.0287829800954649	undirected	NA	NA
5429	11972	0.040679831807933	undirected	NA	NA
5429	12292	0.15430044720407	undirected	NA	NA
5429	13138	0.0482634385581678	undirected	NA	NA
5429	13797	0.177303978573458	undirected	NA	NA
5429	13980	0.183358660184807	undirected	NA	NA
5429	14167	0.0580367470131258	undirected	NA	NA
5429	14310	0.000453791253369493	undirected	NA	NA
5429	14506	0.128567256780955	undirected	NA	NA
5429	15099	0.24260764771293	undirected	NA	NA
5483	5613	0.298799312343594	undirected	NA	NA
5483	6131	0.0969710599660774	undirected	NA	NA
5483	6249	0.270750689789803	undirected	NA	NA
5483	6292	0.288967919025632	undirected	NA	NA
5483	6675	0.097407927613316	undirected	NA	NA
5483	6700	0.00894687998936975	undirected	NA	NA
5483	7034	0.336998157230221	undirected	NA	NA
5483	7291	0.417233917016714	undirected	NA	NA
5483	7299	0.0235194747361122	undirected	NA	NA
5483	7419	0.101512027999642	undirected	NA	NA
5483	7990	0.0119949776306058	undirected	NA	NA
5483	8066	0.168768783643343	undirected	NA	NA
5483	8445	0.29324342989216	undirected	NA	NA
5483	9371	0.00898530201104139	undirected	NA	NA
5483	9769	0.112745036981846	undirected	NA	NA
5483	9861	0.114035922766175	undirected	NA	NA
5483	10058	0.148922083437934	undirected	NA	NA
5483	10188	0.00284881508122819	undirected	NA	NA
5483	10456	0.377705005501241	undirected	NA	NA
5483	10673	0.361435057931944	undirected	NA	NA
5483	11547	0.38710087370603	undirected	NA	NA
5483	11972	0.247161671526947	undirected	NA	NA
5483	12292	0.133398029907078	undirected	NA	NA
5483	13138	0.261597144861032	undirected	NA	NA
5483	13797	0.0630901350787038	undirected	NA	NA
5483	13980	0.0567690476854205	undirected	NA	NA
5483	14167	0.0263469811435697	undirected	NA	NA
5483	14310	0.0599650282786032	undirected	NA	NA
5483	14506	0.184866199288994	undirected	NA	NA
5483	15099	0.0525879925866863	undirected	NA	NA
5613	6131	0.0318515356531148	undirected	NA	NA
5613	6249	0.117786091534771	undirected	NA	NA
5613	6292	0.146966982900508	undirected	NA	NA
5613	6675	0.100023823871533	undirected	NA	NA
5613	6700	0.00135159862968461	undirected	NA	NA
5613	7034	0.196617908260861	undirected	NA	NA
5613	7291	0.245266146376824	undirected	NA	NA
5613	7299	0.00876742125469213	undirected	NA	NA
5613	7419	0.0198395841845414	undirected	NA	NA
5613	7990	0.00183524741766371	undirected	NA	NA
5613	8066	0.0584825166648339	undirected	NA	NA
5613	8445	0.154478349467437	undirected	NA	NA
5613	9371	0.000967363891482632	undirected	NA	NA
5613	9769	0.0310436813302577	undirected	NA	NA
5613	9861	0.0418219807123903	undirected	NA	NA
5613	10058	0.180266258577047	undirected	NA	NA
5613	10188	0.000153400980088062	undirected	NA	NA
5613	10456	0.343186901008868	undirected	NA	NA
5613	10673	0.333238493793396	undirected	NA	NA
5613	11547	0.16088971577195	undirected	NA	NA
5613	11972	0.0883916680967542	undirected	NA	NA
5613	12292	0.0354240874845516	undirected	NA	NA
5613	13138	0.174763962088647	undirected	NA	NA
5613	13797	0.00820479533906423	undirected	NA	NA
5613	13980	0.00759802977628067	undirected	NA	NA
5613	14167	0.0106037577718886	undirected	NA	NA
5613	14310	0.12103212418667	undirected	NA	NA
5613	14506	0.0640761565877332	undirected	NA	NA
5613	15099	0.00757917500543977	undirected	NA	NA
6131	6249	0.0664036771214403	undirected	NA	NA
6131	6292	0.0589005742555176	undirected	NA	NA
6131	6675	0.015770026908395	undirected	NA	NA
6131	6700	0.11233362136873	undirected	NA	NA
6131	7034	0.0831952711034078	undirected	NA	NA
6131	7291	0.0541632946087107	undirected	NA	NA
6131	7299	0.112928128589645	undirected	NA	NA
6131	7419	0.246184667860541	undirected	NA	NA
6131	7990	0.14056467164489	undirected	NA	NA
6131	8066	0.191238450840262	undirected	NA	NA
6131	8445	0.029996703439315	undirected	NA	NA
6131	9371	0.111238781577059	undirected	NA	NA
6131	9769	0.0453509373571154	undirected	NA	NA
6131	9861	0.161977864711547	undirected	NA	NA
6131	10058	0.00882688517992195	undirected	NA	NA
6131	10188	0.0794286901840501	undirected	NA	NA
6131	10456	0.0543488082821356	undirected	NA	NA
6131	10673	0.0683436750879603	undirected	NA	NA
6131	11547	0.042893553065743	undirected	NA	NA
6131	11972	0.0441727271431674	undirected	NA	NA
6131	12292	0.117835907422061	undirected	NA	NA
6131	13138	0.0745473855383311	undirected	NA	NA
6131	13797	0.0893041024102441	undirected	NA	NA
6131	13980	0.102173926243412	undirected	NA	NA
6131	14167	0.135299439757089	undirected	NA	NA
6131	14310	0.004097870734848	undirected	NA	NA
6131	14506	0.0791974266049182	undirected	NA	NA
6131	15099	0.237979170386497	undirected	NA	NA
6249	6292	0.3495669356197	undirected	NA	NA
6249	6675	0.0240059436054703	undirected	NA	NA
6249	6700	0.00210419972149629	undirected	NA	NA
6249	7034	0.19515211880189	undirected	NA	NA
6249	7291	0.245194871021797	undirected	NA	NA
6249	7299	0.00632413159089229	undirected	NA	NA
6249	7419	0.144299430332761	undirected	NA	NA
6249	7990	0.00277693440994896	undirected	NA	NA
6249	8066	0.233159480180066	undirected	NA	NA
6249	8445	0.136106517067149	undirected	NA	NA
6249	9371	0.003640563393994	undirected	NA	NA
6249	9769	0.267164913004139	undirected	NA	NA
6249	9861	0.139174448559647	undirected	NA	NA
6249	10058	0.055541883054794	undirected	NA	NA
6249	10188	0.000550990154797381	undirected	NA	NA
6249	10456	0.15693450425756	undirected	NA	NA
6249	10673	0.196647123217694	undirected	NA	NA
6249	11547	0.344419071798945	undirected	NA	NA
6249	11972	0.258683634388256	undirected	NA	NA
6249	12292	0.251660810517625	undirected	NA	NA
6249	13138	0.193450855486858	undirected	NA	NA
6249	13797	0.13442729320268	undirected	NA	NA
6249	13980	0.141020773002107	undirected	NA	NA
6249	14167	0.0082825057894876	undirected	NA	NA
6249	14310	0.0129799990784299	undirected	NA	NA
6249	14506	0.32432130732584	undirected	NA	NA
6249	15099	0.03935928451389	undirected	NA	NA
6292	6675	0.0266319413134486	undirected	NA	NA
6292	6700	0.00212050272022901	undirected	NA	NA
6292	7034	0.265638840975357	undirected	NA	NA
6292	7291	0.273834360071806	undirected	NA	NA
6292	7299	0.00511526434207016	undirected	NA	NA
6292	7419	0.127420439473298	undirected	NA	NA
6292	7990	0.00342707853291996	undirected	NA	NA
6292	8066	0.183389549637512	undirected	NA	NA
6292	8445	0.206692262586397	undirected	NA	NA
6292	9371	0.0030054088572376	undirected	NA	NA
6292	9769	0.200538526207423	undirected	NA	NA
6292	9861	0.1286445181068	undirected	NA	NA
6292	10058	0.0630226707980533	undirected	NA	NA
6292	10188	0.000501845836514911	undirected	NA	NA
6292	10456	0.194161824076737	undirected	NA	NA
6292	10673	0.235720944148555	undirected	NA	NA
6292	11547	0.351477691525786	undirected	NA	NA
6292	11972	0.331784562744908	undirected	NA	NA
6292	12292	0.213752263515048	undirected	NA	NA
6292	13138	0.236387741896657	undirected	NA	NA
6292	13797	0.0891227639821149	undirected	NA	NA
6292	13980	0.0909762576986795	undirected	NA	NA
6292	14167	0.00871194706222269	undirected	NA	NA
6292	14310	0.016506771770163	undirected	NA	NA
6292	14506	0.279677953738397	undirected	NA	NA
6292	15099	0.0325383126039563	undirected	NA	NA
6675	6700	0.000852467234957909	undirected	NA	NA
6675	7034	0.0592348272995661	undirected	NA	NA
6675	7291	0.122139433985899	undirected	NA	NA
6675	7299	0.00700571891833158	undirected	NA	NA
6675	7419	0.002305899842047	undirected	NA	NA
6675	7990	0.000596619311149805	undirected	NA	NA
6675	8066	0.00971942218432535	undirected	NA	NA
6675	8445	0.0474331382212274	undirected	NA	NA
6675	9371	0.000366671446072687	undirected	NA	NA
6675	9769	0.00374798773594068	undirected	NA	NA
6675	9861	0.0037757368975501	undirected	NA	NA
6675	10058	0.12452859430343	undirected	NA	NA
6675	10188	0.000235293324179105	undirected	NA	NA
6675	10456	0.153944253053554	undirected	NA	NA
6675	10673	0.0994159007683394	undirected	NA	NA
6675	11547	0.0540060490888569	undirected	NA	NA
6675	11972	0.0154771145689468	undirected	NA	NA
6675	12292	0.00426621790988759	undirected	NA	NA
6675	13138	0.0296353317579842	undirected	NA	NA
6675	13797	0.00187612007576669	undirected	NA	NA
6675	13980	0.000608832514349125	undirected	NA	NA
6675	14167	0.00353546980124511	undirected	NA	NA
6675	14310	0.0922294145336122	undirected	NA	NA
6675	14506	0.0113551206735471	undirected	NA	NA
6675	15099	0.00587204986094747	undirected	NA	NA
6700	7034	0.011329531887042	undirected	NA	NA
6700	7291	0.00159956804050181	undirected	NA	NA
6700	7299	0.251204029997627	undirected	NA	NA
6700	7419	0.0558087640326163	undirected	NA	NA
6700	7990	0.276190692876822	undirected	NA	NA
6700	8066	0.0271507282795321	undirected	NA	NA
6700	8445	0.00074394160349592	undirected	NA	NA
6700	9371	0.223320289489007	undirected	NA	NA
6700	9769	0.00125359575583386	undirected	NA	NA
6700	9861	0.0431596300675523	undirected	NA	NA
6700	10058	8.37553186030336e-05	undirected	NA	NA
6700	10188	0.271854785168802	undirected	NA	NA
6700	10456	0.00363754991000433	undirected	NA	NA
6700	10673	0.00700395884355619	undirected	NA	NA
6700	11547	0.000627536529380108	undirected	NA	NA
6700	11972	0.00150786483098488	undirected	NA	NA
6700	12292	0.0100879238708957	undirected	NA	NA
6700	13138	0.0118831862542155	undirected	NA	NA
6700	13797	0.00569602851672103	undirected	NA	NA
6700	13980	0.0103819980182016	undirected	NA	NA
6700	14167	0.211692554300876	undirected	NA	NA
6700	14310	0.000256000305862698	undirected	NA	NA
6700	14506	0.0037670852077932	undirected	NA	NA
6700	15099	0.0761423134837735	undirected	NA	NA
7034	7291	0.285015793043229	undirected	NA	NA
7034	7299	0.0135628737153343	undirected	NA	NA
7034	7419	0.0918811515329674	undirected	NA	NA
7034	7990	0.0193257359899469	undirected	NA	NA
7034	8066	0.119347042541318	undirected	NA	NA
7034	8445	0.298858776485343	undirected	NA	NA
7034	9371	0.00864900812058782	undirected	NA	NA
7034	9769	0.0683617989859262	undirected	NA	NA
7034	9861	0.0944699420279465	undirected	NA	NA
7034	10058	0.100225426834553	undirected	NA	NA
7034	10188	0.00249423908427699	undirected	NA	NA
7034	10456	0.262015909856847	undirected	NA	NA
7034	10673	0.308388587845962	undirected	NA	NA
7034	11547	0.24984166928612	undirected	NA	NA
7034	11972	0.227333803577939	undirected	NA	NA
7034	12292	0.11292342331928	undirected	NA	NA
7034	13138	0.273007263775706	undirected	NA	NA
7034	13797	0.0275587767368604	undirected	NA	NA
7034	13980	0.031308885368033	undirected	NA	NA
7034	14167	0.0309917933415805	undirected	NA	NA
7034	14310	0.0349694170077188	undirected	NA	NA
7034	14506	0.1405835527094	undirected	NA	NA
7034	15099	0.0359023998975067	undirected	NA	NA
7291	7299	0.00871729394635036	undirected	NA	NA
7291	7419	0.0403358293884539	undirected	NA	NA
7291	7990	0.00175605312265353	undirected	NA	NA
7291	8066	0.0975173885310326	undirected	NA	NA
7291	8445	0.252322358519878	undirected	NA	NA
7291	9371	0.00162542839357645	undirected	NA	NA
7291	9769	0.0838508884919083	undirected	NA	NA
7291	9861	0.0476662904054119	undirected	NA	NA
7291	10058	0.199265772013834	undirected	NA	NA
7291	10188	0.000336248750053942	undirected	NA	NA
7291	10456	0.365134028915953	undirected	NA	NA
7291	10673	0.366147683958473	undirected	NA	NA
7291	11547	0.38596774303014	undirected	NA	NA
7291	11972	0.177553977651604	undirected	NA	NA
7291	12292	0.0857757314579886	undirected	NA	NA
7291	13138	0.20802807500173	undirected	NA	NA
7291	13797	0.0312488696410008	undirected	NA	NA
7291	13980	0.0215764813577808	undirected	NA	NA
7291	14167	0.0075416062678883	undirected	NA	NA
7291	14310	0.066562368375612	undirected	NA	NA
7291	14506	0.15672079517116	undirected	NA	NA
7291	15099	0.0199687532838428	undirected	NA	NA
7299	7419	0.0460439303348576	undirected	NA	NA
7299	7990	0.209276154311552	undirected	NA	NA
7299	8066	0.0436044454376917	undirected	NA	NA
7299	8445	0.00127390534011797	undirected	NA	NA
7299	9371	0.199847372956324	undirected	NA	NA
7299	9769	0.00350282024554255	undirected	NA	NA
7299	9861	0.0483404409182474	undirected	NA	NA
7299	10058	0.00104339263186859	undirected	NA	NA
7299	10188	0.155604482955183	undirected	NA	NA
7299	10456	0.016618243503083	undirected	NA	NA
7299	10673	0.019876515128686	undirected	NA	NA
7299	11547	0.00263093008832966	undirected	NA	NA
7299	11972	0.0019044678535059	undirected	NA	NA
7299	12292	0.0130354551877149	undirected	NA	NA
7299	13138	0.0174854142905653	undirected	NA	NA
7299	13797	0.00513999251875182	undirected	NA	NA
7299	13980	0.0134930908296641	undirected	NA	NA
7299	14167	0.253716693293942	undirected	NA	NA
7299	14310	0.00383759020402584	undirected	NA	NA
7299	14506	0.00729437000666176	undirected	NA	NA
7299	15099	0.0559641583198661	undirected	NA	NA
7419	7990	0.0566072223407237	undirected	NA	NA
7419	8066	0.251160129112508	undirected	NA	NA
7419	8445	0.0244531647094442	undirected	NA	NA
7419	9371	0.0857765973505522	undirected	NA	NA
7419	9769	0.15135237893855	undirected	NA	NA
7419	9861	0.187997124308314	undirected	NA	NA
7419	10058	0.00310103030884553	undirected	NA	NA
7419	10188	0.0271420374864102	undirected	NA	NA
7419	10456	0.0329011002631889	undirected	NA	NA
7419	10673	0.0642657021361489	undirected	NA	NA
7419	11547	0.053582761669099	undirected	NA	NA
7419	11972	0.102510768461749	undirected	NA	NA
7419	12292	0.236828125319756	undirected	NA	NA
7419	13138	0.107992888323542	undirected	NA	NA
7419	13797	0.144895549228745	undirected	NA	NA
7419	13980	0.200257640497439	undirected	NA	NA
7419	14167	0.0718207309156634	undirected	NA	NA
7419	14310	0.00104062268884966	undirected	NA	NA
7419	14506	0.192257256357442	undirected	NA	NA
7419	15099	0.208607324457307	undirected	NA	NA
7990	8066	0.0285185794750836	undirected	NA	NA
7990	8445	0.00156064210838215	undirected	NA	NA
7990	9371	0.221540354435069	undirected	NA	NA
7990	9769	0.00165427953266089	undirected	NA	NA
7990	9861	0.0435289353285932	undirected	NA	NA
7990	10058	8.28758686185642e-05	undirected	NA	NA
7990	10188	0.229756481960288	undirected	NA	NA
7990	10456	0.00466001838117154	undirected	NA	NA
7990	10673	0.0105214909944373	undirected	NA	NA
7990	11547	0.000697653949512244	undirected	NA	NA
7990	11972	0.00301673034764059	undirected	NA	NA
7990	12292	0.0132761970218964	undirected	NA	NA
7990	13138	0.0204555649589682	undirected	NA	NA
7990	13797	0.00578029985016969	undirected	NA	NA
7990	13980	0.00979032131757698	undirected	NA	NA
7990	14167	0.201792543166379	undirected	NA	NA
7990	14310	0.000242343272231347	undirected	NA	NA
7990	14506	0.00508471946025533	undirected	NA	NA
7990	15099	0.0864590188313238	undirected	NA	NA
8066	8445	0.0461358037942607	undirected	NA	NA
8066	9371	0.0456411981818234	undirected	NA	NA
8066	9769	0.221417939106206	undirected	NA	NA
8066	9861	0.260631211763421	undirected	NA	NA
8066	10058	0.0126452009488599	undirected	NA	NA
8066	10188	0.0126763751016637	undirected	NA	NA
8066	10456	0.0822001889215281	undirected	NA	NA
8066	10673	0.121491152991419	undirected	NA	NA
8066	11547	0.122594916303683	undirected	NA	NA
8066	11972	0.122084971549862	undirected	NA	NA
8066	12292	0.205676183492594	undirected	NA	NA
8066	13138	0.124452370134731	undirected	NA	NA
8066	13797	0.176908664691135	undirected	NA	NA
8066	13980	0.204250812165006	undirected	NA	NA
8066	14167	0.0473493427503211	undirected	NA	NA
8066	14310	0.00527290387686635	undirected	NA	NA
8066	14506	0.240527294848806	undirected	NA	NA
8066	15099	0.153631911685392	undirected	NA	NA
8445	9371	0.000343136283697063	undirected	NA	NA
8445	9769	0.0319491748269242	undirected	NA	NA
8445	9861	0.0305735707492316	undirected	NA	NA
8445	10058	0.0967470180568575	undirected	NA	NA
8445	10188	5.65551424791651e-05	undirected	NA	NA
8445	10456	0.26194061292222	undirected	NA	NA
8445	10673	0.278729463590747	undirected	NA	NA
8445	11547	0.149988653177506	undirected	NA	NA
8445	11972	0.188342526970891	undirected	NA	NA
8445	12292	0.0544861668064449	undirected	NA	NA
8445	13138	0.209733405616934	undirected	NA	NA
8445	13797	0.00474690483713835	undirected	NA	NA
8445	13980	0.00457779443115919	undirected	NA	NA
8445	14167	0.00511095616480875	undirected	NA	NA
8445	14310	0.041314100337806	undirected	NA	NA
8445	14506	0.086972514489326	undirected	NA	NA
8445	15099	0.00722188227845668	undirected	NA	NA
9371	9769	0.00322669452681412	undirected	NA	NA
9371	9861	0.0695827400473245	undirected	NA	NA
9371	10058	3.78731943721462e-05	undirected	NA	NA
9371	10188	0.234196025201042	undirected	NA	NA
9371	10456	0.00266820303708643	undirected	NA	NA
9371	10673	0.00562375133012295	undirected	NA	NA
9371	11547	0.000853761583942614	undirected	NA	NA
9371	11972	0.00170163954482965	undirected	NA	NA
9371	12292	0.0181799117100024	undirected	NA	NA
9371	13138	0.0118443824634874	undirected	NA	NA
9371	13797	0.0106859289147883	undirected	NA	NA
9371	13980	0.0299796659306563	undirected	NA	NA
9371	14167	0.181857992992966	undirected	NA	NA
9371	14310	9.80405517837148e-05	undirected	NA	NA
9371	14506	0.00637235683386199	undirected	NA	NA
9371	15099	0.0793114706489975	undirected	NA	NA
9769	9861	0.141622946674423	undirected	NA	NA
9769	10058	0.010227570392433	undirected	NA	NA
9769	10188	0.000355376323554135	undirected	NA	NA
9769	10456	0.0421731172137736	undirected	NA	NA
9769	10673	0.0664665927015993	undirected	NA	NA
9769	11547	0.160174685415711	undirected	NA	NA
9769	11972	0.130850969536132	undirected	NA	NA
9769	12292	0.233235223195139	undirected	NA	NA
9769	13138	0.0849838679750304	undirected	NA	NA
9769	13797	0.160652663249927	undirected	NA	NA
9769	13980	0.210954681506353	undirected	NA	NA
9769	14167	0.00493952163823765	undirected	NA	NA
9769	14310	0.00180399816461929	undirected	NA	NA
9769	14506	0.2584388431665	undirected	NA	NA
9769	15099	0.0357949170581215	undirected	NA	NA
9861	10058	0.0053102363688508	undirected	NA	NA
9861	10188	0.0154035913241431	undirected	NA	NA
9861	10456	0.0512975542758286	undirected	NA	NA
9861	10673	0.097020468844864	undirected	NA	NA
9861	11547	0.0531912098802415	undirected	NA	NA
9861	11972	0.0901604594120519	undirected	NA	NA
9861	12292	0.169321092294319	undirected	NA	NA
9861	13138	0.154269754953735	undirected	NA	NA
9861	13797	0.0838188651889993	undirected	NA	NA
9861	13980	0.167888888357951	undirected	NA	NA
9861	14167	0.0845006587691143	undirected	NA	NA
9861	14310	0.00344078752373084	undirected	NA	NA
9861	14506	0.146384966742947	undirected	NA	NA
9861	15099	0.0996360038072086	undirected	NA	NA
10058	10188	9.68972454926322e-06	undirected	NA	NA
10058	10456	0.22548883737713	undirected	NA	NA
10058	10673	0.159312195340721	undirected	NA	NA
10058	11547	0.112804618216385	undirected	NA	NA
10058	11972	0.0412009636180961	undirected	NA	NA
10058	12292	0.0093843532478949	undirected	NA	NA
10058	13138	0.0551770096976023	undirected	NA	NA
10058	13797	0.00263087888555288	undirected	NA	NA
10058	13980	0.000771561815464204	undirected	NA	NA
10058	14167	0.00107002897183751	undirected	NA	NA
10058	14310	0.160944198177825	undirected	NA	NA
10058	14506	0.0269946671802763	undirected	NA	NA
10058	15099	0.00210301518552807	undirected	NA	NA
10188	10456	0.000788375697296312	undirected	NA	NA
10188	10673	0.00159529487064335	undirected	NA	NA
10188	11547	0.000113568485286251	undirected	NA	NA
10188	11972	0.000237312266687907	undirected	NA	NA
10188	12292	0.00409179961283185	undirected	NA	NA
10188	13138	0.0026777610903399	undirected	NA	NA
10188	13797	0.0023862342352456	undirected	NA	NA
10188	13980	0.00589690159696342	undirected	NA	NA
10188	14167	0.169883856006618	undirected	NA	NA
10188	14310	2.91888326656573e-05	undirected	NA	NA
10188	14506	0.00125386949241735	undirected	NA	NA
10188	15099	0.0603506386444471	undirected	NA	NA
10456	10673	0.383106414226819	undirected	NA	NA
10456	11547	0.275410788663406	undirected	NA	NA
10456	11972	0.124845303730987	undirected	NA	NA
10456	12292	0.0524831421372142	undirected	NA	NA
10456	13138	0.212713712060108	undirected	NA	NA
10456	13797	0.017480487940384	undirected	NA	NA
10456	13980	0.0127461483133299	undirected	NA	NA
10456	14167	0.0162083298240114	undirected	NA	NA
10456	14310	0.118984337092059	undirected	NA	NA
10456	14506	0.0902338123696906	undirected	NA	NA
10456	15099	0.0170470792845964	undirected	NA	NA
10673	11547	0.295587714979374	undirected	NA	NA
10673	11972	0.1950064520851	undirected	NA	NA
10673	12292	0.0860224031242959	undirected	NA	NA
10673	13138	0.258615586052289	undirected	NA	NA
10673	13797	0.0302625785181713	undirected	NA	NA
10673	13980	0.029122742361668	undirected	NA	NA
10673	14167	0.0276274486928122	undirected	NA	NA
10673	14310	0.0877823264638375	undirected	NA	NA
10673	14506	0.121908619502558	undirected	NA	NA
10673	15099	0.0263125582795267	undirected	NA	NA
11547	11972	0.223640269644987	undirected	NA	NA
11547	12292	0.142121393368899	undirected	NA	NA
11547	13138	0.191257976554315	undirected	NA	NA
11547	13797	0.0427545446832476	undirected	NA	NA
11547	13980	0.0428313880992841	undirected	NA	NA
11547	14167	0.00373257644425051	undirected	NA	NA
11547	14310	0.0311428369729544	undirected	NA	NA
11547	14506	0.24845102677021	undirected	NA	NA
11547	15099	0.018548896134651	undirected	NA	NA
11972	12292	0.180581028871473	undirected	NA	NA
11972	13138	0.232926231582831	undirected	NA	NA
11972	13797	0.0397162846663329	undirected	NA	NA
11972	13980	0.0509938364968808	undirected	NA	NA
11972	14167	0.00597945419672156	undirected	NA	NA
11972	14310	0.00847922183538189	undirected	NA	NA
11972	14506	0.2199731530827	undirected	NA	NA
11972	15099	0.0194425586269491	undirected	NA	NA
12292	13138	0.103831051501447	undirected	NA	NA
12292	13797	0.167436029157217	undirected	NA	NA
12292	13980	0.186467482305251	undirected	NA	NA
12292	14167	0.0173395887412327	undirected	NA	NA
12292	14310	0.00194648451451492	undirected	NA	NA
12292	14506	0.274959760383028	undirected	NA	NA
12292	15099	0.107372900760528	undirected	NA	NA
13138	13797	0.0332911446295791	undirected	NA	NA
13138	13980	0.0448626667018668	undirected	NA	NA
13138	14167	0.0372003438772352	undirected	NA	NA
13138	14310	0.0269471579080452	undirected	NA	NA
13138	14506	0.139879061406256	undirected	NA	NA
13138	15099	0.0348240544217875	undirected	NA	NA
13797	13980	0.208299052118822	undirected	NA	NA
13797	14167	0.010188569394841	undirected	NA	NA
13797	14310	0.000543530594181335	undirected	NA	NA
13797	14506	0.167737740354862	undirected	NA	NA
13797	15099	0.108626320718516	undirected	NA	NA
13980	14167	0.0163958687923623	undirected	NA	NA
13980	14310	0.000218444899698847	undirected	NA	NA
13980	14506	0.18280405847262	undirected	NA	NA
13980	15099	0.10773472850111	undirected	NA	NA
14167	14310	0.0024273317772104	undirected	NA	NA
14167	14506	0.0101457204878166	undirected	NA	NA
14167	15099	0.0744812218711441	undirected	NA	NA
14310	14506	0.00477169319668629	undirected	NA	NA
14310	15099	0.000776827070695342	undirected	NA	NA
14506	15099	0.0626457862626985	undirected	NA	NA
