fromNode	toNode	weight	direction	fromAltName	toAltName
95	1177	0.0665022559891087	undirected	NA	NA
95	1377	0.0240108605277686	undirected	NA	NA
95	1726	0.0511017782395836	undirected	NA	NA
95	1997	0.0500472840428182	undirected	NA	NA
95	2112	0.101803835019067	undirected	NA	NA
95	2171	0.102456964570463	undirected	NA	NA
95	2202	0.112752189729847	undirected	NA	NA
95	2219	0.119150638485364	undirected	NA	NA
95	2340	0.0512299639113544	undirected	NA	NA
95	2521	0.155390361182729	undirected	NA	NA
95	3101	0.0764254327202615	undirected	NA	NA
95	3469	0.0886000763975861	undirected	NA	NA
95	3892	0.103370683225257	undirected	NA	NA
95	4069	0.0511782500236529	undirected	NA	NA
95	4095	0.0605686217772327	undirected	NA	NA
95	4602	0.173232461829511	undirected	NA	NA
95	5384	0.223478638025192	undirected	NA	NA
95	5588	0.0569172173745145	undirected	NA	NA
95	5906	0.122490966628512	undirected	NA	NA
95	6163	0.21687841335398	undirected	NA	NA
95	6263	0.0408393891996537	undirected	NA	NA
95	6594	0.0936055220635432	undirected	NA	NA
95	6673	0.102299814826384	undirected	NA	NA
95	6779	0.241786556859769	undirected	NA	NA
95	6783	0.222551109738623	undirected	NA	NA
95	6784	0.0672108257995296	undirected	NA	NA
95	7049	0.0636241532188541	undirected	NA	NA
95	8116	0.215022923461781	undirected	NA	NA
95	8553	0.0859088900182872	undirected	NA	NA
95	8600	0.0489454702077416	undirected	NA	NA
95	8790	0.175391089612923	undirected	NA	NA
95	8854	0.07733288903902	undirected	NA	NA
95	9104	0.0293801288429623	undirected	NA	NA
95	9386	0.0719342953074935	undirected	NA	NA
95	9954	0.203319439341076	undirected	NA	NA
95	10193	0.145995415669877	undirected	NA	NA
95	10516	0.22955268461829	undirected	NA	NA
95	10638	0.0277453791155583	undirected	NA	NA
95	11087	0.0815509276720785	undirected	NA	NA
95	11139	0.13428006073244	undirected	NA	NA
95	11271	0.218283120085151	undirected	NA	NA
95	11802	0.0787319022263688	undirected	NA	NA
95	11886	0.112449098206344	undirected	NA	NA
95	11898	0.104325994147129	undirected	NA	NA
95	12184	0.0889241914662314	undirected	NA	NA
95	13244	0.0769342225708101	undirected	NA	NA
95	13255	0.165028855683977	undirected	NA	NA
95	13542	0.095995552632599	undirected	NA	NA
95	13583	0.121619576538285	undirected	NA	NA
95	13608	0.180763791988223	undirected	NA	NA
95	14061	0.148491914620766	undirected	NA	NA
95	14153	0.0499967421831386	undirected	NA	NA
95	14635	0.122379483426847	undirected	NA	NA
95	14662	0.139044275077263	undirected	NA	NA
95	14757	0.0950258776419335	undirected	NA	NA
95	14863	0.17184486326657	undirected	NA	NA
95	15623	0.242076866515883	undirected	NA	NA
1177	1377	0.0933386590695783	undirected	NA	NA
1177	1726	0.0331377734960274	undirected	NA	NA
1177	1997	0.0759676928866153	undirected	NA	NA
1177	2112	0.207569633328765	undirected	NA	NA
1177	2171	0.0670479907406314	undirected	NA	NA
1177	2202	0.166563156043818	undirected	NA	NA
1177	2219	0.0710636879814712	undirected	NA	NA
1177	2340	0.0478214004991567	undirected	NA	NA
1177	2521	0.204770771331983	undirected	NA	NA
1177	3101	0.18007725586235	undirected	NA	NA
1177	3469	0.185233814527895	undirected	NA	NA
1177	3892	0.205120608535902	undirected	NA	NA
1177	4069	0.0406476105775277	undirected	NA	NA
1177	4095	0.0823788713592147	undirected	NA	NA
1177	4602	0.152959319143583	undirected	NA	NA
1177	5384	0.0701698053139738	undirected	NA	NA
1177	5588	0.213211056480058	undirected	NA	NA
1177	5906	0.103568101027885	undirected	NA	NA
1177	6163	0.0857981245124113	undirected	NA	NA
1177	6263	0.110601590765213	undirected	NA	NA
1177	6594	0.103795561156878	undirected	NA	NA
1177	6673	0.0617416393163691	undirected	NA	NA
1177	6779	0.0610663722903539	undirected	NA	NA
1177	6783	0.057629614547208	undirected	NA	NA
1177	6784	0.102434707747597	undirected	NA	NA
1177	7049	0.215108077636452	undirected	NA	NA
1177	8116	0.154106759798943	undirected	NA	NA
1177	8553	0.183483264578723	undirected	NA	NA
1177	8600	0.176232173329513	undirected	NA	NA
1177	8790	0.0650704930793745	undirected	NA	NA
1177	8854	0.0474432180653014	undirected	NA	NA
1177	9104	0.12791450615551	undirected	NA	NA
1177	9386	0.040935355571642	undirected	NA	NA
1177	9954	0.18559882138275	undirected	NA	NA
1177	10193	0.178196141009498	undirected	NA	NA
1177	10516	0.0699861795517546	undirected	NA	NA
1177	10638	0.0112141587955131	undirected	NA	NA
1177	11087	0.107078988220445	undirected	NA	NA
1177	11139	0.0562643412137249	undirected	NA	NA
1177	11271	0.134281965032382	undirected	NA	NA
1177	11802	0.129992135892782	undirected	NA	NA
1177	11886	0.0855795175843275	undirected	NA	NA
1177	11898	0.110394816158617	undirected	NA	NA
1177	12184	0.107256919134939	undirected	NA	NA
1177	13244	0.118985455059542	undirected	NA	NA
1177	13255	0.136786191557585	undirected	NA	NA
1177	13542	0.210144721819019	undirected	NA	NA
1177	13583	0.10062516834163	undirected	NA	NA
1177	13608	0.167488809433584	undirected	NA	NA
1177	14061	0.184226247654578	undirected	NA	NA
1177	14153	0.142369761858318	undirected	NA	NA
1177	14635	0.0677928413563533	undirected	NA	NA
1177	14662	0.105945345094117	undirected	NA	NA
1177	14757	0.137705483285365	undirected	NA	NA
1177	14863	0.105731744828134	undirected	NA	NA
1177	15623	0.057729416446935	undirected	NA	NA
1377	1726	0.0900989067184356	undirected	NA	NA
1377	1997	0.107092106673135	undirected	NA	NA
1377	2112	0.0994438229205658	undirected	NA	NA
1377	2171	0.114787116581296	undirected	NA	NA
1377	2202	0.0925208510459084	undirected	NA	NA
1377	2219	0.203538491798517	undirected	NA	NA
1377	2340	0.132475828105094	undirected	NA	NA
1377	2521	0.0578184692172315	undirected	NA	NA
1377	3101	0.100686179891712	undirected	NA	NA
1377	3469	0.0639295916330457	undirected	NA	NA
1377	3892	0.0444803055742967	undirected	NA	NA
1377	4069	0.210169392196931	undirected	NA	NA
1377	4095	0.263395344161848	undirected	NA	NA
1377	4602	0.0791519410585556	undirected	NA	NA
1377	5384	0.0516187098518231	undirected	NA	NA
1377	5588	0.0355973363786075	undirected	NA	NA
1377	5906	0.0921257034080783	undirected	NA	NA
1377	6163	0.0218637208666463	undirected	NA	NA
1377	6263	0.21765503374373	undirected	NA	NA
1377	6594	0.232250418627105	undirected	NA	NA
1377	6673	0.00431791107749382	undirected	NA	NA
1377	6779	0.0134271289601282	undirected	NA	NA
1377	6783	0.0195891984412757	undirected	NA	NA
1377	6784	0.121633388394249	undirected	NA	NA
1377	7049	0.0353158170880628	undirected	NA	NA
1377	8116	0.0275203393104245	undirected	NA	NA
1377	8553	0.139160581134947	undirected	NA	NA
1377	8600	0.160268041198589	undirected	NA	NA
1377	8790	0.0208839810946681	undirected	NA	NA
1377	8854	0.0978997795221285	undirected	NA	NA
1377	9104	0.132175215783966	undirected	NA	NA
1377	9386	0.106603605943265	undirected	NA	NA
1377	9954	0.0408295984775165	undirected	NA	NA
1377	10193	0.136903393682046	undirected	NA	NA
1377	10516	0.0529120583926299	undirected	NA	NA
1377	10638	0.0466748966316326	undirected	NA	NA
1377	11087	0.0158761039635725	undirected	NA	NA
1377	11139	0.154664903938211	undirected	NA	NA
1377	11271	0.052117308963876	undirected	NA	NA
1377	11802	0.0925281952689713	undirected	NA	NA
1377	11886	0.00726982988441602	undirected	NA	NA
1377	11898	0.129031667957363	undirected	NA	NA
1377	12184	0.0173495298903173	undirected	NA	NA
1377	13244	0.163830000536422	undirected	NA	NA
1377	13255	0.0434679184258212	undirected	NA	NA
1377	13542	0.159160919754429	undirected	NA	NA
1377	13583	0.0536251614304419	undirected	NA	NA
1377	13608	0.0537498927890029	undirected	NA	NA
1377	14061	0.0609316893290668	undirected	NA	NA
1377	14153	0.222629229212524	undirected	NA	NA
1377	14635	0.00505377626640918	undirected	NA	NA
1377	14662	0.0823001411810186	undirected	NA	NA
1377	14757	0.107110768965208	undirected	NA	NA
1377	14863	0.0147162898677474	undirected	NA	NA
1377	15623	0.017612392974019	undirected	NA	NA
1726	1997	0.00544033142619036	undirected	NA	NA
1726	2112	0.106411823568873	undirected	NA	NA
1726	2171	0.00920451642707513	undirected	NA	NA
1726	2202	0.202015530204518	undirected	NA	NA
1726	2219	0.0482245751708957	undirected	NA	NA
1726	2340	0.0065621036946606	undirected	NA	NA
1726	2521	0.0343846526799921	undirected	NA	NA
1726	3101	0.123343295621134	undirected	NA	NA
1726	3469	0.00636875789145929	undirected	NA	NA
1726	3892	0.0169274565271145	undirected	NA	NA
1726	4069	0.0155492005054568	undirected	NA	NA
1726	4095	0.0531548526366245	undirected	NA	NA
1726	4602	0.192325247073776	undirected	NA	NA
1726	5384	0.0306191046534916	undirected	NA	NA
1726	5588	0.00624776501374673	undirected	NA	NA
1726	5906	0.253860747975335	undirected	NA	NA
1726	6163	0.0389055564199171	undirected	NA	NA
1726	6263	0.0180437511921955	undirected	NA	NA
1726	6594	0.147831985099437	undirected	NA	NA
1726	6673	0.00237261333273476	undirected	NA	NA
1726	6779	0.0322192258207833	undirected	NA	NA
1726	6783	0.0411887777119754	undirected	NA	NA
1726	6784	0.336220727659355	undirected	NA	NA
1726	7049	0.0072800567149454	undirected	NA	NA
1726	8116	0.0340493256537767	undirected	NA	NA
1726	8553	0.258075060738104	undirected	NA	NA
1726	8600	0.0163976608300361	undirected	NA	NA
1726	8790	0.0968079276561587	undirected	NA	NA
1726	8854	0.00552869810316494	undirected	NA	NA
1726	9104	0.254414072386727	undirected	NA	NA
1726	9386	0.00598532493853396	undirected	NA	NA
1726	9954	0.0385125759895464	undirected	NA	NA
1726	10193	0.0744233565905939	undirected	NA	NA
1726	10516	0.074830173577404	undirected	NA	NA
1726	10638	0.000680107698661877	undirected	NA	NA
1726	11087	0.000902620281573915	undirected	NA	NA
1726	11139	0.115093555225954	undirected	NA	NA
1726	11271	0.087870258079746	undirected	NA	NA
1726	11802	0.240484483392427	undirected	NA	NA
1726	11886	0.00258387284796997	undirected	NA	NA
1726	11898	0.333355130848427	undirected	NA	NA
1726	12184	0.00276825305630616	undirected	NA	NA
1726	13244	0.318893864992359	undirected	NA	NA
1726	13255	0.106752736235691	undirected	NA	NA
1726	13542	0.189810710562271	undirected	NA	NA
1726	13583	0.23314080100774	undirected	NA	NA
1726	13608	0.0618731531760397	undirected	NA	NA
1726	14061	0.0220932095240307	undirected	NA	NA
1726	14153	0.11788825010278	undirected	NA	NA
1726	14635	0.00242076271655798	undirected	NA	NA
1726	14662	0.187627730766236	undirected	NA	NA
1726	14757	0.205960886588197	undirected	NA	NA
1726	14863	0.00867461880422752	undirected	NA	NA
1726	15623	0.0613109582529472	undirected	NA	NA
1997	2112	0.0510808179904461	undirected	NA	NA
1997	2171	0.183703298905302	undirected	NA	NA
1997	2202	0.0256112699524674	undirected	NA	NA
1997	2219	0.150445233343924	undirected	NA	NA
1997	2340	0.154176115292413	undirected	NA	NA
1997	2521	0.100314248507247	undirected	NA	NA
1997	3101	0.0370737034694816	undirected	NA	NA
1997	3469	0.1467883810537	undirected	NA	NA
1997	3892	0.0773954432033311	undirected	NA	NA
1997	4069	0.169423262736794	undirected	NA	NA
1997	4095	0.145498553465716	undirected	NA	NA
1997	4602	0.0439994211193939	undirected	NA	NA
1997	5384	0.103035383526555	undirected	NA	NA
1997	5588	0.102165966447247	undirected	NA	NA
1997	5906	0.0249942436775268	undirected	NA	NA
1997	6163	0.0501149006070551	undirected	NA	NA
1997	6263	0.188995480614934	undirected	NA	NA
1997	6594	0.0963274005816952	undirected	NA	NA
1997	6673	0.020819311747618	undirected	NA	NA
1997	6779	0.0232789338040015	undirected	NA	NA
1997	6783	0.0473114264757004	undirected	NA	NA
1997	6784	0.0144223179156742	undirected	NA	NA
1997	7049	0.0825799682158126	undirected	NA	NA
1997	8116	0.0479191524140238	undirected	NA	NA
1997	8553	0.0383043484649259	undirected	NA	NA
1997	8600	0.174114740690176	undirected	NA	NA
1997	8790	0.0186477980176595	undirected	NA	NA
1997	8854	0.158621195388159	undirected	NA	NA
1997	9104	0.0161973893475496	undirected	NA	NA
1997	9386	0.16491396770009	undirected	NA	NA
1997	9954	0.0621364541797264	undirected	NA	NA
1997	10193	0.160629813386056	undirected	NA	NA
1997	10516	0.0549481416851584	undirected	NA	NA
1997	10638	0.0929464947457693	undirected	NA	NA
1997	11087	0.0583128825081519	undirected	NA	NA
1997	11139	0.0572710147993387	undirected	NA	NA
1997	11271	0.0503934194125411	undirected	NA	NA
1997	11802	0.0193355559905923	undirected	NA	NA
1997	11886	0.0449505743883209	undirected	NA	NA
1997	11898	0.025908456019966	undirected	NA	NA
1997	12184	0.0550816119133746	undirected	NA	NA
1997	13244	0.0395154204240204	undirected	NA	NA
1997	13255	0.0180421722068562	undirected	NA	NA
1997	13542	0.0701128002593881	undirected	NA	NA
1997	13583	0.0119828968823799	undirected	NA	NA
1997	13608	0.0686431882922126	undirected	NA	NA
1997	14061	0.150049159893401	undirected	NA	NA
1997	14153	0.130173465264764	undirected	NA	NA
1997	14635	0.0313407070971614	undirected	NA	NA
1997	14662	0.0369653086559549	undirected	NA	NA
1997	14757	0.0383839497241796	undirected	NA	NA
1997	14863	0.0628548289943584	undirected	NA	NA
1997	15623	0.024728420903197	undirected	NA	NA
2112	2171	0.0407510810843419	undirected	NA	NA
2112	2202	0.241437425914905	undirected	NA	NA
2112	2219	0.0777467645171746	undirected	NA	NA
2112	2340	0.0226913307543244	undirected	NA	NA
2112	2521	0.199486755680174	undirected	NA	NA
2112	3101	0.1882328473707	undirected	NA	NA
2112	3469	0.101364526773917	undirected	NA	NA
2112	3892	0.201670888994318	undirected	NA	NA
2112	4069	0.0292766461349846	undirected	NA	NA
2112	4095	0.0780743750092543	undirected	NA	NA
2112	4602	0.24491974597174	undirected	NA	NA
2112	5384	0.0819852804226139	undirected	NA	NA
2112	5588	0.162456384108514	undirected	NA	NA
2112	5906	0.17073726006594	undirected	NA	NA
2112	6163	0.132508085470582	undirected	NA	NA
2112	6263	0.0807694291005898	undirected	NA	NA
2112	6594	0.150965076936458	undirected	NA	NA
2112	6673	0.0389004498270757	undirected	NA	NA
2112	6779	0.0769980133390153	undirected	NA	NA
2112	6783	0.0874201233960129	undirected	NA	NA
2112	6784	0.215300053502156	undirected	NA	NA
2112	7049	0.13753233486496	undirected	NA	NA
2112	8116	0.207130136855646	undirected	NA	NA
2112	8553	0.267833698972545	undirected	NA	NA
2112	8600	0.117386224247373	undirected	NA	NA
2112	8790	0.136284889981295	undirected	NA	NA
2112	8854	0.0227901639126743	undirected	NA	NA
2112	9104	0.192732527881595	undirected	NA	NA
2112	9386	0.0204301987206193	undirected	NA	NA
2112	9954	0.203149327520321	undirected	NA	NA
2112	10193	0.183660355053785	undirected	NA	NA
2112	10516	0.0949138641451262	undirected	NA	NA
2112	10638	0.0033339188906056	undirected	NA	NA
2112	11087	0.0426887426984278	undirected	NA	NA
2112	11139	0.0892141703082096	undirected	NA	NA
2112	11271	0.163181786928393	undirected	NA	NA
2112	11802	0.188884443923233	undirected	NA	NA
2112	11886	0.0588794707224544	undirected	NA	NA
2112	11898	0.205710638140063	undirected	NA	NA
2112	12184	0.0494103068490282	undirected	NA	NA
2112	13244	0.198232248203302	undirected	NA	NA
2112	13255	0.201556529063871	undirected	NA	NA
2112	13542	0.280515215243908	undirected	NA	NA
2112	13583	0.191976460619433	undirected	NA	NA
2112	13608	0.227338165906532	undirected	NA	NA
2112	14061	0.151897516947451	undirected	NA	NA
2112	14153	0.159992858916677	undirected	NA	NA
2112	14635	0.0513108726467594	undirected	NA	NA
2112	14662	0.152125104413936	undirected	NA	NA
2112	14757	0.180352415345971	undirected	NA	NA
2112	14863	0.0943193820836192	undirected	NA	NA
2112	15623	0.0973706617020216	undirected	NA	NA
2171	2202	0.0342285473667879	undirected	NA	NA
2171	2219	0.225859530623668	undirected	NA	NA
2171	2340	0.326358053284209	undirected	NA	NA
2171	2521	0.118247011203962	undirected	NA	NA
2171	3101	0.055325746596722	undirected	NA	NA
2171	3469	0.193976011817293	undirected	NA	NA
2171	3892	0.062986644105459	undirected	NA	NA
2171	4069	0.298940933611079	undirected	NA	NA
2171	4095	0.21930929125749	undirected	NA	NA
2171	4602	0.0660708983930015	undirected	NA	NA
2171	5384	0.188240900340578	undirected	NA	NA
2171	5588	0.0745739102034012	undirected	NA	NA
2171	5906	0.0511235285792979	undirected	NA	NA
2171	6163	0.0668615433202563	undirected	NA	NA
2171	6263	0.222689814434735	undirected	NA	NA
2171	6594	0.132996005282444	undirected	NA	NA
2171	6673	0.0479264897856366	undirected	NA	NA
2171	6779	0.0621004490242026	undirected	NA	NA
2171	6783	0.0983866806418203	undirected	NA	NA
2171	6784	0.0182752835823469	undirected	NA	NA
2171	7049	0.0783937870010409	undirected	NA	NA
2171	8116	0.0557293066885397	undirected	NA	NA
2171	8553	0.0438592640120391	undirected	NA	NA
2171	8600	0.202538510928951	undirected	NA	NA
2171	8790	0.0341065545458511	undirected	NA	NA
2171	8854	0.341576384485388	undirected	NA	NA
2171	9104	0.015501654069552	undirected	NA	NA
2171	9386	0.357064937640658	undirected	NA	NA
2171	9954	0.0801980060062519	undirected	NA	NA
2171	10193	0.235021238481138	undirected	NA	NA
2171	10516	0.138446616261842	undirected	NA	NA
2171	10638	0.287344394990212	undirected	NA	NA
2171	11087	0.0972990778421208	undirected	NA	NA
2171	11139	0.112917007136629	undirected	NA	NA
2171	11271	0.0887405299240595	undirected	NA	NA
2171	11802	0.0335189601070335	undirected	NA	NA
2171	11886	0.0735434710197827	undirected	NA	NA
2171	11898	0.0421554026846263	undirected	NA	NA
2171	12184	0.109764992978129	undirected	NA	NA
2171	13244	0.0552723797362812	undirected	NA	NA
2171	13255	0.028198785915982	undirected	NA	NA
2171	13542	0.0736743715755284	undirected	NA	NA
2171	13583	0.0240068436425189	undirected	NA	NA
2171	13608	0.0766090529056475	undirected	NA	NA
2171	14061	0.208372366956794	undirected	NA	NA
2171	14153	0.150074109420581	undirected	NA	NA
2171	14635	0.0525511938727954	undirected	NA	NA
2171	14662	0.079679813534392	undirected	NA	NA
2171	14757	0.067305861226588	undirected	NA	NA
2171	14863	0.091477600847004	undirected	NA	NA
2171	15623	0.0562740444804524	undirected	NA	NA
2202	2219	0.0847415775308616	undirected	NA	NA
2202	2340	0.0247993450186347	undirected	NA	NA
2202	2521	0.145710531842958	undirected	NA	NA
2202	3101	0.270519734572885	undirected	NA	NA
2202	3469	0.0660955766005393	undirected	NA	NA
2202	3892	0.128145889106079	undirected	NA	NA
2202	4069	0.031627717669591	undirected	NA	NA
2202	4095	0.0873478915720663	undirected	NA	NA
2202	4602	0.284988252526795	undirected	NA	NA
2202	5384	0.0831222767383901	undirected	NA	NA
2202	5588	0.0734308314334324	undirected	NA	NA
2202	5906	0.334055146029796	undirected	NA	NA
2202	6163	0.105750874919565	undirected	NA	NA
2202	6263	0.0533016191464729	undirected	NA	NA
2202	6594	0.177363702114064	undirected	NA	NA
2202	6673	0.0404601227634345	undirected	NA	NA
2202	6779	0.121514103057756	undirected	NA	NA
2202	6783	0.0946508581506283	undirected	NA	NA
2202	6784	0.290777908716862	undirected	NA	NA
2202	7049	0.0808077056041946	undirected	NA	NA
2202	8116	0.176273438231089	undirected	NA	NA
2202	8553	0.308307372619825	undirected	NA	NA
2202	8600	0.078642477547679	undirected	NA	NA
2202	8790	0.160361460481253	undirected	NA	NA
2202	8854	0.0230589849298554	undirected	NA	NA
2202	9104	0.237444860857457	undirected	NA	NA
2202	9386	0.0211374526865721	undirected	NA	NA
2202	9954	0.195997103235498	undirected	NA	NA
2202	10193	0.177450148455216	undirected	NA	NA
2202	10516	0.158813967007963	undirected	NA	NA
2202	10638	0.00422923622252026	undirected	NA	NA
2202	11087	0.0292071365807463	undirected	NA	NA
2202	11139	0.180088509956063	undirected	NA	NA
2202	11271	0.218819649610266	undirected	NA	NA
2202	11802	0.338485977755362	undirected	NA	NA
2202	11886	0.0429351140813254	undirected	NA	NA
2202	11898	0.336717532255126	undirected	NA	NA
2202	12184	0.0454257645064687	undirected	NA	NA
2202	13244	0.290369408584542	undirected	NA	NA
2202	13255	0.300164565609675	undirected	NA	NA
2202	13542	0.260661311655161	undirected	NA	NA
2202	13583	0.33201995374385	undirected	NA	NA
2202	13608	0.171126507580588	undirected	NA	NA
2202	14061	0.11382811757342	undirected	NA	NA
2202	14153	0.151880572656841	undirected	NA	NA
2202	14635	0.0430743411617755	undirected	NA	NA
2202	14662	0.294777318577817	undirected	NA	NA
2202	14757	0.315856741445545	undirected	NA	NA
2202	14863	0.0723250342963417	undirected	NA	NA
2202	15623	0.122521696515504	undirected	NA	NA
2219	2340	0.21538616625809	undirected	NA	NA
2219	2521	0.107499565716835	undirected	NA	NA
2219	3101	0.0961138006257271	undirected	NA	NA
2219	3469	0.123237038936464	undirected	NA	NA
2219	3892	0.0547419992253205	undirected	NA	NA
2219	4069	0.277425372580582	undirected	NA	NA
2219	4095	0.27577256684718	undirected	NA	NA
2219	4602	0.125355599684791	undirected	NA	NA
2219	5384	0.182791285956983	undirected	NA	NA
2219	5588	0.0502558714677421	undirected	NA	NA
2219	5906	0.125402906812169	undirected	NA	NA
2219	6163	0.0796752631589991	undirected	NA	NA
2219	6263	0.225941990326433	undirected	NA	NA
2219	6594	0.238366357741507	undirected	NA	NA
2219	6673	0.019558910910005	undirected	NA	NA
2219	6779	0.0582527022925929	undirected	NA	NA
2219	6783	0.109625609395792	undirected	NA	NA
2219	6784	0.0735324667443815	undirected	NA	NA
2219	7049	0.0488891746861354	undirected	NA	NA
2219	8116	0.0603913793656301	undirected	NA	NA
2219	8553	0.116441006042499	undirected	NA	NA
2219	8600	0.18105910615295	undirected	NA	NA
2219	8790	0.0620921290400364	undirected	NA	NA
2219	8854	0.209015467335149	undirected	NA	NA
2219	9104	0.0642680608346109	undirected	NA	NA
2219	9386	0.224753326686649	undirected	NA	NA
2219	9954	0.077308074529648	undirected	NA	NA
2219	10193	0.261856542249093	undirected	NA	NA
2219	10516	0.15933107207388	undirected	NA	NA
2219	10638	0.136533832141465	undirected	NA	NA
2219	11087	0.041134415697459	undirected	NA	NA
2219	11139	0.188102055006817	undirected	NA	NA
2219	11271	0.108141479750511	undirected	NA	NA
2219	11802	0.0950146842809632	undirected	NA	NA
2219	11886	0.0350334828727328	undirected	NA	NA
2219	11898	0.126555670736205	undirected	NA	NA
2219	12184	0.0508322575846383	undirected	NA	NA
2219	13244	0.154787005312322	undirected	NA	NA
2219	13255	0.0525768362111297	undirected	NA	NA
2219	13542	0.148243169328089	undirected	NA	NA
2219	13583	0.0710748707480104	undirected	NA	NA
2219	13608	0.0968101426087966	undirected	NA	NA
2219	14061	0.166591335687101	undirected	NA	NA
2219	14153	0.247755076398752	undirected	NA	NA
2219	14635	0.0244007727616751	undirected	NA	NA
2219	14662	0.144612330995101	undirected	NA	NA
2219	14757	0.138655873806476	undirected	NA	NA
2219	14863	0.059867816208809	undirected	NA	NA
2219	15623	0.074191098849295	undirected	NA	NA
2340	2521	0.0702546477296931	undirected	NA	NA
2340	3101	0.0549582691453445	undirected	NA	NA
2340	3469	0.17224150640509	undirected	NA	NA
2340	3892	0.0307363718085384	undirected	NA	NA
2340	4069	0.302634907268285	undirected	NA	NA
2340	4095	0.251030179065436	undirected	NA	NA
2340	4602	0.0397143352095944	undirected	NA	NA
2340	5384	0.140135613296396	undirected	NA	NA
2340	5588	0.0411456177998218	undirected	NA	NA
2340	5906	0.0466009953438608	undirected	NA	NA
2340	6163	0.0249802864107977	undirected	NA	NA
2340	6263	0.23327065625395	undirected	NA	NA
2340	6594	0.125201175303445	undirected	NA	NA
2340	6673	0.0268788117475959	undirected	NA	NA
2340	6779	0.0301270038002149	undirected	NA	NA
2340	6783	0.0471248914922239	undirected	NA	NA
2340	6784	0.01499260025978	undirected	NA	NA
2340	7049	0.050307659901049	undirected	NA	NA
2340	8116	0.0210150275386039	undirected	NA	NA
2340	8553	0.0349466701457303	undirected	NA	NA
2340	8600	0.20330095480955	undirected	NA	NA
2340	8790	0.013553952302294	undirected	NA	NA
2340	8854	0.367378362069336	undirected	NA	NA
2340	9104	0.0156028945053535	undirected	NA	NA
2340	9386	0.367361129597685	undirected	NA	NA
2340	9954	0.0402232185698048	undirected	NA	NA
2340	10193	0.20431825555672	undirected	NA	NA
2340	10516	0.110806457280894	undirected	NA	NA
2340	10638	0.354377406823499	undirected	NA	NA
2340	11087	0.0836277021806496	undirected	NA	NA
2340	11139	0.0997334101132921	undirected	NA	NA
2340	11271	0.05534180397374	undirected	NA	NA
2340	11802	0.0333877998086206	undirected	NA	NA
2340	11886	0.0380169822090271	undirected	NA	NA
2340	11898	0.0364939959395955	undirected	NA	NA
2340	12184	0.104483054603825	undirected	NA	NA
2340	13244	0.0522249159135882	undirected	NA	NA
2340	13255	0.0155677653767127	undirected	NA	NA
2340	13542	0.0558794330674177	undirected	NA	NA
2340	13583	0.0174445316598595	undirected	NA	NA
2340	13608	0.0365486909959901	undirected	NA	NA
2340	14061	0.158345330687268	undirected	NA	NA
2340	14153	0.154030308114313	undirected	NA	NA
2340	14635	0.0223285209139079	undirected	NA	NA
2340	14662	0.0738809627156844	undirected	NA	NA
2340	14757	0.0683368171137295	undirected	NA	NA
2340	14863	0.0438591210590845	undirected	NA	NA
2340	15623	0.02335197492055	undirected	NA	NA
2521	3101	0.13713352758509	undirected	NA	NA
2521	3469	0.237656730906232	undirected	NA	NA
2521	3892	0.252134308617525	undirected	NA	NA
2521	4069	0.0564919202547355	undirected	NA	NA
2521	4095	0.0856081934520975	undirected	NA	NA
2521	4602	0.192658560936567	undirected	NA	NA
2521	5384	0.157681104151891	undirected	NA	NA
2521	5588	0.212534076304443	undirected	NA	NA
2521	5906	0.116319359930253	undirected	NA	NA
2521	6163	0.169495240204339	undirected	NA	NA
2521	6263	0.104016913925794	undirected	NA	NA
2521	6594	0.10829947846213	undirected	NA	NA
2521	6673	0.121129101960217	undirected	NA	NA
2521	6779	0.158876252905648	undirected	NA	NA
2521	6783	0.141803206944789	undirected	NA	NA
2521	6784	0.0850196450831872	undirected	NA	NA
2521	7049	0.206895941763555	undirected	NA	NA
2521	8116	0.279455061771486	undirected	NA	NA
2521	8553	0.139249360871928	undirected	NA	NA
2521	8600	0.15803378273701	undirected	NA	NA
2521	8790	0.128261083285217	undirected	NA	NA
2521	8854	0.0854896188422575	undirected	NA	NA
2521	9104	0.0681854729678671	undirected	NA	NA
2521	9386	0.0745157139675853	undirected	NA	NA
2521	9954	0.299833089623069	undirected	NA	NA
2521	10193	0.222943192024496	undirected	NA	NA
2521	10516	0.146376502472071	undirected	NA	NA
2521	10638	0.0234874971800592	undirected	NA	NA
2521	11087	0.178126023769359	undirected	NA	NA
2521	11139	0.0841436856830682	undirected	NA	NA
2521	11271	0.216210652087177	undirected	NA	NA
2521	11802	0.107160778339261	undirected	NA	NA
2521	11886	0.16761191943181	undirected	NA	NA
2521	11898	0.10898310053313	undirected	NA	NA
2521	12184	0.170728086081668	undirected	NA	NA
2521	13244	0.099338389865554	undirected	NA	NA
2521	13255	0.191965532756572	undirected	NA	NA
2521	13542	0.16791037613195	undirected	NA	NA
2521	13583	0.120332550059997	undirected	NA	NA
2521	13608	0.229759805668806	undirected	NA	NA
2521	14061	0.268703048996072	undirected	NA	NA
2521	14153	0.106243650528506	undirected	NA	NA
2521	14635	0.154357057028998	undirected	NA	NA
2521	14662	0.132364678288583	undirected	NA	NA
2521	14757	0.125220832662272	undirected	NA	NA
2521	14863	0.205482894227656	undirected	NA	NA
2521	15623	0.130633515586523	undirected	NA	NA
3101	3469	0.0846778415922242	undirected	NA	NA
3101	3892	0.111217580674438	undirected	NA	NA
3101	4069	0.055632659377223	undirected	NA	NA
3101	4095	0.110487150839105	undirected	NA	NA
3101	4602	0.194257951643951	undirected	NA	NA
3101	5384	0.074521514596285	undirected	NA	NA
3101	5588	0.062316245210766	undirected	NA	NA
3101	5906	0.282517227077923	undirected	NA	NA
3101	6163	0.0734333036754318	undirected	NA	NA
3101	6263	0.0753947529961233	undirected	NA	NA
3101	6594	0.158775742670131	undirected	NA	NA
3101	6673	0.0450303961049233	undirected	NA	NA
3101	6779	0.104542730796187	undirected	NA	NA
3101	6783	0.0633934952401413	undirected	NA	NA
3101	6784	0.192486573847623	undirected	NA	NA
3101	7049	0.087830903829262	undirected	NA	NA
3101	8116	0.12359825709352	undirected	NA	NA
3101	8553	0.242422396370332	undirected	NA	NA
3101	8600	0.102197277593742	undirected	NA	NA
3101	8790	0.0875099542640314	undirected	NA	NA
3101	8854	0.0484030573238281	undirected	NA	NA
3101	9104	0.18009785745643	undirected	NA	NA
3101	9386	0.0451176529516471	undirected	NA	NA
3101	9954	0.165182947871536	undirected	NA	NA
3101	10193	0.167809019392129	undirected	NA	NA
3101	10516	0.144069120060584	undirected	NA	NA
3101	10638	0.0174640122169512	undirected	NA	NA
3101	11087	0.0428651833637449	undirected	NA	NA
3101	11139	0.177713992562871	undirected	NA	NA
3101	11271	0.199956302935129	undirected	NA	NA
3101	11802	0.28949504376629	undirected	NA	NA
3101	11886	0.037676306661072	undirected	NA	NA
3101	11898	0.256905151961146	undirected	NA	NA
3101	12184	0.0608360097004988	undirected	NA	NA
3101	13244	0.233414666983765	undirected	NA	NA
3101	13255	0.236171556602211	undirected	NA	NA
3101	13542	0.218198229543218	undirected	NA	NA
3101	13583	0.23106231789356	undirected	NA	NA
3101	13608	0.130445784564822	undirected	NA	NA
3101	14061	0.108228248028853	undirected	NA	NA
3101	14153	0.149037309759327	undirected	NA	NA
3101	14635	0.0403971779623991	undirected	NA	NA
3101	14662	0.265031089437299	undirected	NA	NA
3101	14757	0.289603596306603	undirected	NA	NA
3101	14863	0.0659800137962368	undirected	NA	NA
3101	15623	0.0901624411145192	undirected	NA	NA
3469	3892	0.200389803158369	undirected	NA	NA
3469	4069	0.127568794953477	undirected	NA	NA
3469	4095	0.109208468972171	undirected	NA	NA
3469	4602	0.0884897423514106	undirected	NA	NA
3469	5384	0.106311463825516	undirected	NA	NA
3469	5588	0.205686461610749	undirected	NA	NA
3469	5906	0.040098476897615	undirected	NA	NA
3469	6163	0.100855221127055	undirected	NA	NA
3469	6263	0.141631969956627	undirected	NA	NA
3469	6594	0.0681618128055689	undirected	NA	NA
3469	6673	0.134038013703815	undirected	NA	NA
3469	6779	0.101225013523259	undirected	NA	NA
3469	6783	0.0864598791769137	undirected	NA	NA
3469	6784	0.0162896127489439	undirected	NA	NA
3469	7049	0.23603638602693	undirected	NA	NA
3469	8116	0.150266865800027	undirected	NA	NA
3469	8553	0.0641886850634935	undirected	NA	NA
3469	8600	0.170463232351172	undirected	NA	NA
3469	8790	0.0374966182790679	undirected	NA	NA
3469	8854	0.187505935444164	undirected	NA	NA
3469	9104	0.0223479297552904	undirected	NA	NA
3469	9386	0.176776982371591	undirected	NA	NA
3469	9954	0.205585533481791	undirected	NA	NA
3469	10193	0.17996600255884	undirected	NA	NA
3469	10516	0.0805791316893365	undirected	NA	NA
3469	10638	0.105789666868376	undirected	NA	NA
3469	11087	0.194334318208293	undirected	NA	NA
3469	11139	0.0575907209868447	undirected	NA	NA
3469	11271	0.148081070565922	undirected	NA	NA
3469	11802	0.0382821867359164	undirected	NA	NA
3469	11886	0.172202458065375	undirected	NA	NA
3469	11898	0.0298271861279803	undirected	NA	NA
3469	12184	0.177449292566448	undirected	NA	NA
3469	13244	0.0372154131229072	undirected	NA	NA
3469	13255	0.076044479204628	undirected	NA	NA
3469	13542	0.102917966214862	undirected	NA	NA
3469	13583	0.028942211034132	undirected	NA	NA
3469	13608	0.14590082091956	undirected	NA	NA
3469	14061	0.238233532415033	undirected	NA	NA
3469	14153	0.0963749529835251	undirected	NA	NA
3469	14635	0.150341220060715	undirected	NA	NA
3469	14662	0.0622699858244799	undirected	NA	NA
3469	14757	0.0614333746378488	undirected	NA	NA
3469	14863	0.198539984981492	undirected	NA	NA
3469	15623	0.0690372716639517	undirected	NA	NA
3892	4069	0.0226393843112071	undirected	NA	NA
3892	4095	0.0459549902163327	undirected	NA	NA
3892	4602	0.157818809011984	undirected	NA	NA
3892	5384	0.0932686140591299	undirected	NA	NA
3892	5588	0.262382889032802	undirected	NA	NA
3892	5906	0.0662599317455028	undirected	NA	NA
3892	6163	0.148507620318068	undirected	NA	NA
3892	6263	0.0765649660042097	undirected	NA	NA
3892	6594	0.0677540265379498	undirected	NA	NA
3892	6673	0.097697672281607	undirected	NA	NA
3892	6779	0.0926726835328868	undirected	NA	NA
3892	6783	0.0941226086693389	undirected	NA	NA
3892	6784	0.0629672083143025	undirected	NA	NA
3892	7049	0.238397042782009	undirected	NA	NA
3892	8116	0.240283926689624	undirected	NA	NA
3892	8553	0.125008278568287	undirected	NA	NA
3892	8600	0.135550511899882	undirected	NA	NA
3892	8790	0.0954646229391031	undirected	NA	NA
3892	8854	0.038473220995871	undirected	NA	NA
3892	9104	0.0609245843130442	undirected	NA	NA
3892	9386	0.0314602724420175	undirected	NA	NA
3892	9954	0.242821505021878	undirected	NA	NA
3892	10193	0.166484051559012	undirected	NA	NA
3892	10516	0.0757666382265785	undirected	NA	NA
3892	10638	0.00671197056016559	undirected	NA	NA
3892	11087	0.137560650181779	undirected	NA	NA
3892	11139	0.0339284916706081	undirected	NA	NA
3892	11271	0.157673553654033	undirected	NA	NA
3892	11802	0.071418871629061	undirected	NA	NA
3892	11886	0.145759599995126	undirected	NA	NA
3892	11898	0.0678169449160648	undirected	NA	NA
3892	12184	0.126250346896416	undirected	NA	NA
3892	13244	0.066135225471177	undirected	NA	NA
3892	13255	0.142170540613622	undirected	NA	NA
3892	13542	0.162957483422624	undirected	NA	NA
3892	13583	0.080418578665535	undirected	NA	NA
3892	13608	0.226055169929198	undirected	NA	NA
3892	14061	0.221803426814264	undirected	NA	NA
3892	14153	0.0847313525449033	undirected	NA	NA
3892	14635	0.12646761801163	undirected	NA	NA
3892	14662	0.075796374224646	undirected	NA	NA
3892	14757	0.0806728435757836	undirected	NA	NA
3892	14863	0.177076744189319	undirected	NA	NA
3892	15623	0.0917101761210449	undirected	NA	NA
4069	4095	0.325698469268534	undirected	NA	NA
4069	4602	0.0516812452150492	undirected	NA	NA
4069	5384	0.140267795392352	undirected	NA	NA
4069	5588	0.0288034689888773	undirected	NA	NA
4069	5906	0.0648286272412424	undirected	NA	NA
4069	6163	0.0248671220405252	undirected	NA	NA
4069	6263	0.278462364212687	undirected	NA	NA
4069	6594	0.205692328833546	undirected	NA	NA
4069	6673	0.00913159496253425	undirected	NA	NA
4069	6779	0.0195315780391555	undirected	NA	NA
4069	6783	0.0450886474985885	undirected	NA	NA
4069	6784	0.0324951090931697	undirected	NA	NA
4069	7049	0.0293144581443502	undirected	NA	NA
4069	8116	0.0166487738028655	undirected	NA	NA
4069	8553	0.0540600048493172	undirected	NA	NA
4069	8600	0.208245231741169	undirected	NA	NA
4069	8790	0.017849626558683	undirected	NA	NA
4069	8854	0.300304032618543	undirected	NA	NA
4069	9104	0.0301777233939727	undirected	NA	NA
4069	9386	0.308319744228884	undirected	NA	NA
4069	9954	0.0292677059036905	undirected	NA	NA
4069	10193	0.225043395018212	undirected	NA	NA
4069	10516	0.106078446542086	undirected	NA	NA
4069	10638	0.221047365347963	undirected	NA	NA
4069	11087	0.0414632226196795	undirected	NA	NA
4069	11139	0.143495324083538	undirected	NA	NA
4069	11271	0.0467450518927697	undirected	NA	NA
4069	11802	0.0453197557902007	undirected	NA	NA
4069	11886	0.0173807300132417	undirected	NA	NA
4069	11898	0.065842732530629	undirected	NA	NA
4069	12184	0.0503248092700399	undirected	NA	NA
4069	13244	0.094751201443208	undirected	NA	NA
4069	13255	0.0147976959780261	undirected	NA	NA
4069	13542	0.0809263414075044	undirected	NA	NA
4069	13583	0.0248810860197871	undirected	NA	NA
4069	13608	0.0378024650342824	undirected	NA	NA
4069	14061	0.133064992992266	undirected	NA	NA
4069	14153	0.229177509990218	undirected	NA	NA
4069	14635	0.00903520360753997	undirected	NA	NA
4069	14662	0.084519631662068	undirected	NA	NA
4069	14757	0.084382321619931	undirected	NA	NA
4069	14863	0.025747419001323	undirected	NA	NA
4069	15623	0.0218695358653364	undirected	NA	NA
4095	4602	0.101570511986553	undirected	NA	NA
4095	5384	0.114661652662394	undirected	NA	NA
4095	5588	0.0445061171215986	undirected	NA	NA
4095	5906	0.114993804282586	undirected	NA	NA
4095	6163	0.0392791711198604	undirected	NA	NA
4095	6263	0.242270085183647	undirected	NA	NA
4095	6594	0.22672940377644	undirected	NA	NA
4095	6673	0.0115793405488285	undirected	NA	NA
4095	6779	0.0301338604136339	undirected	NA	NA
4095	6783	0.0523400029626741	undirected	NA	NA
4095	6784	0.0749759563800843	undirected	NA	NA
4095	7049	0.0460887587125729	undirected	NA	NA
4095	8116	0.035920201704785	undirected	NA	NA
4095	8553	0.12786287841394	undirected	NA	NA
4095	8600	0.197419234032455	undirected	NA	NA
4095	8790	0.033687649793094	undirected	NA	NA
4095	8854	0.220435514331374	undirected	NA	NA
4095	9104	0.0885606047701967	undirected	NA	NA
4095	9386	0.239109269071584	undirected	NA	NA
4095	9954	0.0556628989772244	undirected	NA	NA
4095	10193	0.230298719010468	undirected	NA	NA
4095	10516	0.106046777714013	undirected	NA	NA
4095	10638	0.15392046232764	undirected	NA	NA
4095	11087	0.0320153010731129	undirected	NA	NA
4095	11139	0.189116090377788	undirected	NA	NA
4095	11271	0.0809774047462253	undirected	NA	NA
4095	11802	0.103044419634574	undirected	NA	NA
4095	11886	0.0200451192059391	undirected	NA	NA
4095	11898	0.120131771240169	undirected	NA	NA
4095	12184	0.0414150369202714	undirected	NA	NA
4095	13244	0.160600948950433	undirected	NA	NA
4095	13255	0.0449774894162683	undirected	NA	NA
4095	13542	0.158163357477742	undirected	NA	NA
4095	13583	0.0625653625842274	undirected	NA	NA
4095	13608	0.0689090855305556	undirected	NA	NA
4095	14061	0.130150515900158	undirected	NA	NA
4095	14153	0.283509093823629	undirected	NA	NA
4095	14635	0.0126049689194335	undirected	NA	NA
4095	14662	0.12732994452976	undirected	NA	NA
4095	14757	0.142763042552725	undirected	NA	NA
4095	14863	0.0336990132208604	undirected	NA	NA
4095	15623	0.0359991260236791	undirected	NA	NA
4602	5384	0.147367336119882	undirected	NA	NA
4602	5588	0.0813402166121842	undirected	NA	NA
4602	5906	0.290001477360093	undirected	NA	NA
4602	6163	0.181308992254749	undirected	NA	NA
4602	6263	0.0641828381752942	undirected	NA	NA
4602	6594	0.189692427413932	undirected	NA	NA
4602	6673	0.0605988837026502	undirected	NA	NA
4602	6779	0.179894497919467	undirected	NA	NA
4602	6783	0.152085509355677	undirected	NA	NA
4602	6784	0.246150397911941	undirected	NA	NA
4602	7049	0.088542300895095	undirected	NA	NA
4602	8116	0.246241944813492	undirected	NA	NA
4602	8553	0.249539093800991	undirected	NA	NA
4602	8600	0.082375030654951	undirected	NA	NA
4602	8790	0.200664993775635	undirected	NA	NA
4602	8854	0.0442469347627718	undirected	NA	NA
4602	9104	0.157846143704921	undirected	NA	NA
4602	9386	0.0415589985667177	undirected	NA	NA
4602	9954	0.249565298219892	undirected	NA	NA
4602	10193	0.202429790376167	undirected	NA	NA
4602	10516	0.205267069827634	undirected	NA	NA
4602	10638	0.0100146663167249	undirected	NA	NA
4602	11087	0.0464280567934186	undirected	NA	NA
4602	11139	0.203691104730415	undirected	NA	NA
4602	11271	0.266769824604204	undirected	NA	NA
4602	11802	0.253598331192055	undirected	NA	NA
4602	11886	0.0643341322692502	undirected	NA	NA
4602	11898	0.297243545630143	undirected	NA	NA
4602	12184	0.0606307187635488	undirected	NA	NA
4602	13244	0.247939101855328	undirected	NA	NA
4602	13255	0.299656736241757	undirected	NA	NA
4602	13542	0.238606999014064	undirected	NA	NA
4602	13583	0.286660664738938	undirected	NA	NA
4602	13608	0.232576691342507	undirected	NA	NA
4602	14061	0.152429425871443	undirected	NA	NA
4602	14153	0.136507580115327	undirected	NA	NA
4602	14635	0.0739164843610464	undirected	NA	NA
4602	14662	0.265989934139606	undirected	NA	NA
4602	14757	0.252808985246862	undirected	NA	NA
4602	14863	0.124050362506147	undirected	NA	NA
4602	15623	0.193740034712199	undirected	NA	NA
5384	5588	0.0681405629733016	undirected	NA	NA
5384	5906	0.090600502926231	undirected	NA	NA
5384	6163	0.18410438937224	undirected	NA	NA
5384	6263	0.0885758024004083	undirected	NA	NA
5384	6594	0.109898505588642	undirected	NA	NA
5384	6673	0.089742417675067	undirected	NA	NA
5384	6779	0.183819346243333	undirected	NA	NA
5384	6783	0.223282337146813	undirected	NA	NA
5384	6784	0.0380816107506994	undirected	NA	NA
5384	7049	0.0725268404672054	undirected	NA	NA
5384	8116	0.154772325728171	undirected	NA	NA
5384	8553	0.0770068296554711	undirected	NA	NA
5384	8600	0.0805531989942193	undirected	NA	NA
5384	8790	0.122944307414967	undirected	NA	NA
5384	8854	0.173381171021223	undirected	NA	NA
5384	9104	0.026673504486774	undirected	NA	NA
5384	9386	0.172946194719788	undirected	NA	NA
5384	9954	0.162180673668718	undirected	NA	NA
5384	10193	0.172672116319715	undirected	NA	NA
5384	10516	0.1865730780385	undirected	NA	NA
5384	10638	0.100605980643629	undirected	NA	NA
5384	11087	0.0813250032651719	undirected	NA	NA
5384	11139	0.147515756105731	undirected	NA	NA
5384	11271	0.183225342490092	undirected	NA	NA
5384	11802	0.0633239612861395	undirected	NA	NA
5384	11886	0.115158377712212	undirected	NA	NA
5384	11898	0.0689850495999228	undirected	NA	NA
5384	12184	0.0835327779850802	undirected	NA	NA
5384	13244	0.0668587469159811	undirected	NA	NA
5384	13255	0.0981737349791808	undirected	NA	NA
5384	13542	0.0991833663713336	undirected	NA	NA
5384	13583	0.0729666835988002	undirected	NA	NA
5384	13608	0.157024827581319	undirected	NA	NA
5384	14061	0.171895049891134	undirected	NA	NA
5384	14153	0.0842080764635354	undirected	NA	NA
5384	14635	0.106775657806324	undirected	NA	NA
5384	14662	0.120261911038053	undirected	NA	NA
5384	14757	0.0893407010933202	undirected	NA	NA
5384	14863	0.162523535864448	undirected	NA	NA
5384	15623	0.186956318312923	undirected	NA	NA
5588	5906	0.0302081651976987	undirected	NA	NA
5588	6163	0.103833420396845	undirected	NA	NA
5588	6263	0.0866720640145646	undirected	NA	NA
5588	6594	0.0474235904903649	undirected	NA	NA
5588	6673	0.0798576693171677	undirected	NA	NA
5588	6779	0.0670680535961062	undirected	NA	NA
5588	6783	0.0519269218739855	undirected	NA	NA
5588	6784	0.0285303584944407	undirected	NA	NA
5588	7049	0.228106867672239	undirected	NA	NA
5588	8116	0.194237665166264	undirected	NA	NA
5588	8553	0.0689096975671539	undirected	NA	NA
5588	8600	0.140558059847595	undirected	NA	NA
5588	8790	0.0423803024413036	undirected	NA	NA
5588	8854	0.0493193318301476	undirected	NA	NA
5588	9104	0.0293837672552247	undirected	NA	NA
5588	9386	0.0412265590901928	undirected	NA	NA
5588	9954	0.212619105073516	undirected	NA	NA
5588	10193	0.12736994820668	undirected	NA	NA
5588	10516	0.0445888357286001	undirected	NA	NA
5588	10638	0.0108159635231136	undirected	NA	NA
5588	11087	0.143231331583321	undirected	NA	NA
5588	11139	0.0213253458425127	undirected	NA	NA
5588	11271	0.11445561480278	undirected	NA	NA
5588	11802	0.0321004646918989	undirected	NA	NA
5588	11886	0.108585309640132	undirected	NA	NA
5588	11898	0.0315543593122789	undirected	NA	NA
5588	12184	0.115071020865062	undirected	NA	NA
5588	13244	0.034434530874647	undirected	NA	NA
5588	13255	0.0914774919451908	undirected	NA	NA
5588	13542	0.108183332824117	undirected	NA	NA
5588	13583	0.031591668019993	undirected	NA	NA
5588	13608	0.167960677968975	undirected	NA	NA
5588	14061	0.180833809216829	undirected	NA	NA
5588	14153	0.0639925312842133	undirected	NA	NA
5588	14635	0.114904070792565	undirected	NA	NA
5588	14662	0.0383850365922994	undirected	NA	NA
5588	14757	0.0421243932097646	undirected	NA	NA
5588	14863	0.151719284442643	undirected	NA	NA
5588	15623	0.0516411068045072	undirected	NA	NA
5906	6163	0.0980285393189897	undirected	NA	NA
5906	6263	0.0501621487654025	undirected	NA	NA
5906	6594	0.197281957759019	undirected	NA	NA
5906	6673	0.0305496691086153	undirected	NA	NA
5906	6779	0.143522160226487	undirected	NA	NA
5906	6783	0.108014317410257	undirected	NA	NA
5906	6784	0.243876355316686	undirected	NA	NA
5906	7049	0.0411806457912603	undirected	NA	NA
5906	8116	0.115929434045158	undirected	NA	NA
5906	8553	0.310008142937267	undirected	NA	NA
5906	8600	0.0534817615256644	undirected	NA	NA
5906	8790	0.135091415384758	undirected	NA	NA
5906	8854	0.0436521840324528	undirected	NA	NA
5906	9104	0.200919343425307	undirected	NA	NA
5906	9386	0.0436331298715958	undirected	NA	NA
5906	9954	0.144988632894232	undirected	NA	NA
5906	10193	0.146555160267341	undirected	NA	NA
5906	10516	0.190131725737173	undirected	NA	NA
5906	10638	0.0153374397881522	undirected	NA	NA
5906	11087	0.0164194712759306	undirected	NA	NA
5906	11139	0.287038703062912	undirected	NA	NA
5906	11271	0.252858567984207	undirected	NA	NA
5906	11802	0.354498378730289	undirected	NA	NA
5906	11886	0.0268426709231442	undirected	NA	NA
5906	11898	0.329363394486959	undirected	NA	NA
5906	12184	0.0285250661788903	undirected	NA	NA
5906	13244	0.273539921784617	undirected	NA	NA
5906	13255	0.273256674091811	undirected	NA	NA
5906	13542	0.252208690850244	undirected	NA	NA
5906	13583	0.299333880914873	undirected	NA	NA
5906	13608	0.138966037907678	undirected	NA	NA
5906	14061	0.0768187025179908	undirected	NA	NA
5906	14153	0.139884953330213	undirected	NA	NA
5906	14635	0.027577055116804	undirected	NA	NA
5906	14662	0.337544104593198	undirected	NA	NA
5906	14757	0.343165250526881	undirected	NA	NA
5906	14863	0.0558051058610756	undirected	NA	NA
5906	15623	0.153952999594454	undirected	NA	NA
6163	6263	0.0362820002730691	undirected	NA	NA
6163	6594	0.0752883676563949	undirected	NA	NA
6163	6673	0.0816870190774209	undirected	NA	NA
6163	6779	0.167575601855024	undirected	NA	NA
6163	6783	0.20503147295749	undirected	NA	NA
6163	6784	0.0701862596554289	undirected	NA	NA
6163	7049	0.0902886777886804	undirected	NA	NA
6163	8116	0.258660913101184	undirected	NA	NA
6163	8553	0.0911011660995217	undirected	NA	NA
6163	8600	0.0539007567027851	undirected	NA	NA
6163	8790	0.208382163088629	undirected	NA	NA
6163	8854	0.039210021086699	undirected	NA	NA
6163	9104	0.0354696686940436	undirected	NA	NA
6163	9386	0.034597520372659	undirected	NA	NA
6163	9954	0.219018377565154	undirected	NA	NA
6163	10193	0.144278538879456	undirected	NA	NA
6163	10516	0.162685139807511	undirected	NA	NA
6163	10638	0.00803068850860184	undirected	NA	NA
6163	11087	0.080626684406429	undirected	NA	NA
6163	11139	0.0749775309704413	undirected	NA	NA
6163	11271	0.176232152387709	undirected	NA	NA
6163	11802	0.071387215453063	undirected	NA	NA
6163	11886	0.122249898959136	undirected	NA	NA
6163	11898	0.0912398689398713	undirected	NA	NA
6163	12184	0.0833846895543125	undirected	NA	NA
6163	13244	0.068311800443769	undirected	NA	NA
6163	13255	0.159484972129486	undirected	NA	NA
6163	13542	0.105644779247491	undirected	NA	NA
6163	13583	0.121715914699669	undirected	NA	NA
6163	13608	0.201782599386764	undirected	NA	NA
6163	14061	0.170788518462255	undirected	NA	NA
6163	14153	0.0495579798849293	undirected	NA	NA
6163	14635	0.11873594376607	undirected	NA	NA
6163	14662	0.10905005265611	undirected	NA	NA
6163	14757	0.0809063555711799	undirected	NA	NA
6163	14863	0.164149208297252	undirected	NA	NA
6163	15623	0.184925585018657	undirected	NA	NA
6263	6594	0.154366091178074	undirected	NA	NA
6263	6673	0.0164887748704892	undirected	NA	NA
6263	6779	0.0206589051651134	undirected	NA	NA
6263	6783	0.0360476243424268	undirected	NA	NA
6263	6784	0.0359292083022097	undirected	NA	NA
6263	7049	0.0826181488739542	undirected	NA	NA
6263	8116	0.0422463435891605	undirected	NA	NA
6263	8553	0.084036981566562	undirected	NA	NA
6263	8600	0.217439492087449	undirected	NA	NA
6263	8790	0.0180843642051364	undirected	NA	NA
6263	8854	0.209625344470305	undirected	NA	NA
6263	9104	0.0536938886856195	undirected	NA	NA
6263	9386	0.220960892035072	undirected	NA	NA
6263	9954	0.0638453658463516	undirected	NA	NA
6263	10193	0.196740680783002	undirected	NA	NA
6263	10516	0.0605179027689102	undirected	NA	NA
6263	10638	0.131210936945016	undirected	NA	NA
6263	11087	0.0500626703616777	undirected	NA	NA
6263	11139	0.108900424379344	undirected	NA	NA
6263	11271	0.0606585404960093	undirected	NA	NA
6263	11802	0.0486983403445564	undirected	NA	NA
6263	11886	0.0316562577616385	undirected	NA	NA
6263	11898	0.0557138699557581	undirected	NA	NA
6263	12184	0.0527924832882101	undirected	NA	NA
6263	13244	0.0879526523591289	undirected	NA	NA
6263	13255	0.028570262928798	undirected	NA	NA
6263	13542	0.126860275621107	undirected	NA	NA
6263	13583	0.0248320698183853	undirected	NA	NA
6263	13608	0.0710441205195423	undirected	NA	NA
6263	14061	0.144786833873617	undirected	NA	NA
6263	14153	0.229667797785834	undirected	NA	NA
6263	14635	0.0208197868746132	undirected	NA	NA
6263	14662	0.0629360434508723	undirected	NA	NA
6263	14757	0.0783926844047656	undirected	NA	NA
6263	14863	0.046379744330397	undirected	NA	NA
6263	15623	0.0213328770211158	undirected	NA	NA
6594	6673	0.0124235395157764	undirected	NA	NA
6594	6779	0.0532516587557561	undirected	NA	NA
6594	6783	0.0819293077044729	undirected	NA	NA
6594	6784	0.158133653889669	undirected	NA	NA
6594	7049	0.0460822299295284	undirected	NA	NA
6594	8116	0.0728249952304955	undirected	NA	NA
6594	8553	0.232537835878237	undirected	NA	NA
6594	8600	0.130245953340628	undirected	NA	NA
6594	8790	0.078758937345546	undirected	NA	NA
6594	8854	0.108820643049094	undirected	NA	NA
6594	9104	0.169429670898905	undirected	NA	NA
6594	9386	0.119031382923729	undirected	NA	NA
6594	9954	0.0897533073679616	undirected	NA	NA
6594	10193	0.215535768290432	undirected	NA	NA
6594	10516	0.126941915081416	undirected	NA	NA
6594	10638	0.0492609731631018	undirected	NA	NA
6594	11087	0.0172905329644289	undirected	NA	NA
6594	11139	0.230726423231499	undirected	NA	NA
6594	11271	0.130359042940153	undirected	NA	NA
6594	11802	0.185490903359689	undirected	NA	NA
6594	11886	0.020408653027955	undirected	NA	NA
6594	11898	0.213728629337662	undirected	NA	NA
6594	12184	0.0248581768505918	undirected	NA	NA
6594	13244	0.247572751887593	undirected	NA	NA
6594	13255	0.101373285723881	undirected	NA	NA
6594	13542	0.244385251438319	undirected	NA	NA
6594	13583	0.140952470805188	undirected	NA	NA
6594	13608	0.118540020499055	undirected	NA	NA
6594	14061	0.112405704712837	undirected	NA	NA
6594	14153	0.272027884355817	undirected	NA	NA
6594	14635	0.0158675657125168	undirected	NA	NA
6594	14662	0.190273585573375	undirected	NA	NA
6594	14757	0.210454011710035	undirected	NA	NA
6594	14863	0.0426175853204499	undirected	NA	NA
6594	15623	0.075069603509869	undirected	NA	NA
6673	6779	0.1879072048491	undirected	NA	NA
6673	6783	0.103667861594172	undirected	NA	NA
6673	6784	0.00749796787631653	undirected	NA	NA
6673	7049	0.109364829391647	undirected	NA	NA
6673	8116	0.151033379212357	undirected	NA	NA
6673	8553	0.022486846958846	undirected	NA	NA
6673	8600	0.0387063775128003	undirected	NA	NA
6673	8790	0.0527450565939071	undirected	NA	NA
6673	8854	0.0461796148586143	undirected	NA	NA
6673	9104	0.00504789564173678	undirected	NA	NA
6673	9386	0.0343471014010647	undirected	NA	NA
6673	9954	0.177974887740645	undirected	NA	NA
6673	10193	0.0676372985573395	undirected	NA	NA
6673	10516	0.0953663873232863	undirected	NA	NA
6673	10638	0.0162158792908395	undirected	NA	NA
6673	11087	0.238532256624413	undirected	NA	NA
6673	11139	0.0176002934019972	undirected	NA	NA
6673	11271	0.131652059898691	undirected	NA	NA
6673	11802	0.0238112087826027	undirected	NA	NA
6673	11886	0.234015089175486	undirected	NA	NA
6673	11898	0.0157660869601642	undirected	NA	NA
6673	12184	0.229804478861805	undirected	NA	NA
6673	13244	0.0108619161641574	undirected	NA	NA
6673	13255	0.102397695026513	undirected	NA	NA
6673	13542	0.028270970677339	undirected	NA	NA
6673	13583	0.0367220562300611	undirected	NA	NA
6673	13608	0.0801774640032238	undirected	NA	NA
6673	14061	0.138648259712869	undirected	NA	NA
6673	14153	0.011906466484924	undirected	NA	NA
6673	14635	0.22539991109918	undirected	NA	NA
6673	14662	0.0487079808283921	undirected	NA	NA
6673	14757	0.0318924134437231	undirected	NA	NA
6673	14863	0.193812312830789	undirected	NA	NA
6673	15623	0.0983099396279673	undirected	NA	NA
6779	6783	0.233022434649554	undirected	NA	NA
6779	6784	0.0538461927087943	undirected	NA	NA
6779	7049	0.0844358808819629	undirected	NA	NA
6779	8116	0.194752007201248	undirected	NA	NA
6779	8553	0.0800274493233586	undirected	NA	NA
6779	8600	0.0370348478449057	undirected	NA	NA
6779	8790	0.190800410927022	undirected	NA	NA
6779	8854	0.0518219805304046	undirected	NA	NA
6779	9104	0.029035235332475	undirected	NA	NA
6779	9386	0.0431703359137934	undirected	NA	NA
6779	9954	0.203721141561763	undirected	NA	NA
6779	10193	0.12822366663193	undirected	NA	NA
6779	10516	0.248311009076015	undirected	NA	NA
6779	10638	0.0174103177293132	undirected	NA	NA
6779	11087	0.139785535241787	undirected	NA	NA
6779	11139	0.0919155640686448	undirected	NA	NA
6779	11271	0.236328238980135	undirected	NA	NA
6779	11802	0.10594365197981	undirected	NA	NA
6779	11886	0.192147684111015	undirected	NA	NA
6779	11898	0.094267575652631	undirected	NA	NA
6779	12184	0.164633213790815	undirected	NA	NA
6779	13244	0.0628445217700892	undirected	NA	NA
6779	13255	0.189425386002858	undirected	NA	NA
6779	13542	0.0777018691958401	undirected	NA	NA
6779	13583	0.165826823853408	undirected	NA	NA
6779	13608	0.151841231089106	undirected	NA	NA
6779	14061	0.166529045910811	undirected	NA	NA
6779	14153	0.0332103286637485	undirected	NA	NA
6779	14635	0.173456371511411	undirected	NA	NA
6779	14662	0.173090654697927	undirected	NA	NA
6779	14757	0.11721210483477	undirected	NA	NA
6779	14863	0.202162542020011	undirected	NA	NA
6779	15623	0.249681239167736	undirected	NA	NA
6783	6784	0.0560858150069364	undirected	NA	NA
6783	7049	0.0582230895101827	undirected	NA	NA
6783	8116	0.200779234201847	undirected	NA	NA
6783	8553	0.0699353072965232	undirected	NA	NA
6783	8600	0.0442306573125661	undirected	NA	NA
6783	8790	0.172493159836278	undirected	NA	NA
6783	8854	0.0742228554097552	undirected	NA	NA
6783	9104	0.0233772265632386	undirected	NA	NA
6783	9386	0.068364473389153	undirected	NA	NA
6783	9954	0.187808512395244	undirected	NA	NA
6783	10193	0.136689583089567	undirected	NA	NA
6783	10516	0.224646905461489	undirected	NA	NA
6783	10638	0.0266668643695609	undirected	NA	NA
6783	11087	0.0866229054161013	undirected	NA	NA
6783	11139	0.119768364496563	undirected	NA	NA
6783	11271	0.198660325005295	undirected	NA	NA
6783	11802	0.0671092826211641	undirected	NA	NA
6783	11886	0.113088241443607	undirected	NA	NA
6783	11898	0.0894871143711832	undirected	NA	NA
6783	12184	0.0928205307858413	undirected	NA	NA
6783	13244	0.0644270553902097	undirected	NA	NA
6783	13255	0.146658066741121	undirected	NA	NA
6783	13542	0.0800227360201303	undirected	NA	NA
6783	13583	0.109734788657771	undirected	NA	NA
6783	13608	0.16445838419007	undirected	NA	NA
6783	14061	0.145554235997385	undirected	NA	NA
6783	14153	0.0426081117865826	undirected	NA	NA
6783	14635	0.123761893282364	undirected	NA	NA
6783	14662	0.126213760555717	undirected	NA	NA
6783	14757	0.0826775612237298	undirected	NA	NA
6783	14863	0.167239544299777	undirected	NA	NA
6783	15623	0.228398418489967	undirected	NA	NA
6784	7049	0.0299579224592871	undirected	NA	NA
6784	8116	0.085729521289982	undirected	NA	NA
6784	8553	0.336391562653709	undirected	NA	NA
6784	8600	0.0361796564895089	undirected	NA	NA
6784	8790	0.10596481689442	undirected	NA	NA
6784	8854	0.0117048522289745	undirected	NA	NA
6784	9104	0.287501123088026	undirected	NA	NA
6784	9386	0.0124357429352393	undirected	NA	NA
6784	9954	0.0948318265928814	undirected	NA	NA
6784	10193	0.107586744588707	undirected	NA	NA
6784	10516	0.0795067629396445	undirected	NA	NA
6784	10638	0.00220085785564294	undirected	NA	NA
6784	11087	0.00329512246611444	undirected	NA	NA
6784	11139	0.151695661484453	undirected	NA	NA
6784	11271	0.14416608095149	undirected	NA	NA
6784	11802	0.266520352371751	undirected	NA	NA
6784	11886	0.00875850721081916	undirected	NA	NA
6784	11898	0.279764923848663	undirected	NA	NA
6784	12184	0.00684789249338904	undirected	NA	NA
6784	13244	0.289019117448355	undirected	NA	NA
6784	13255	0.184597589059575	undirected	NA	NA
6784	13542	0.285263652901128	undirected	NA	NA
6784	13583	0.231471489846997	undirected	NA	NA
6784	13608	0.124751466042493	undirected	NA	NA
6784	14061	0.0452089673174004	undirected	NA	NA
6784	14153	0.158878194077902	undirected	NA	NA
6784	14635	0.00897810682842729	undirected	NA	NA
6784	14662	0.199851589762341	undirected	NA	NA
6784	14757	0.236334642695602	undirected	NA	NA
6784	14863	0.0248747338259747	undirected	NA	NA
6784	15623	0.0834006671736186	undirected	NA	NA
7049	8116	0.184984986248568	undirected	NA	NA
7049	8553	0.0720984455844433	undirected	NA	NA
7049	8600	0.148217200284972	undirected	NA	NA
7049	8790	0.0448753973579807	undirected	NA	NA
7049	8854	0.0593210353088982	undirected	NA	NA
7049	9104	0.0345376355333913	undirected	NA	NA
7049	9386	0.0482260281541015	undirected	NA	NA
7049	9954	0.223516390014645	undirected	NA	NA
7049	10193	0.137139573570882	undirected	NA	NA
7049	10516	0.0564938856609664	undirected	NA	NA
7049	10638	0.0155201355412901	undirected	NA	NA
7049	11087	0.192404863561909	undirected	NA	NA
7049	11139	0.0254725045983384	undirected	NA	NA
7049	11271	0.129837109214107	undirected	NA	NA
7049	11802	0.0458440377174344	undirected	NA	NA
7049	11886	0.137936175674652	undirected	NA	NA
7049	11898	0.0373622728663068	undirected	NA	NA
7049	12184	0.168377024021213	undirected	NA	NA
7049	13244	0.0389053463212215	undirected	NA	NA
7049	13255	0.110050674780791	undirected	NA	NA
7049	13542	0.0985789951520155	undirected	NA	NA
7049	13583	0.0421153858447324	undirected	NA	NA
7049	13608	0.146690759473112	undirected	NA	NA
7049	14061	0.200637248594754	undirected	NA	NA
7049	14153	0.064090984355432	undirected	NA	NA
7049	14635	0.132839446066555	undirected	NA	NA
7049	14662	0.0527546376933968	undirected	NA	NA
7049	14757	0.057679674695869	undirected	NA	NA
7049	14863	0.159752978355956	undirected	NA	NA
7049	15623	0.0554533811498067	undirected	NA	NA
8116	8553	0.141701240751549	undirected	NA	NA
8116	8600	0.0781432798284295	undirected	NA	NA
8116	8790	0.219537541417441	undirected	NA	NA
8116	8854	0.0319228551730536	undirected	NA	NA
8116	9104	0.0576818664817656	undirected	NA	NA
8116	9386	0.0260032886740256	undirected	NA	NA
8116	9954	0.280090207272657	undirected	NA	NA
8116	10193	0.17494408938599	undirected	NA	NA
8116	10516	0.152768460118035	undirected	NA	NA
8116	10638	0.00497971186501465	undirected	NA	NA
8116	11087	0.124177389952529	undirected	NA	NA
8116	11139	0.0577038254402831	undirected	NA	NA
8116	11271	0.25286049156786	undirected	NA	NA
8116	11802	0.102485904315354	undirected	NA	NA
8116	11886	0.19936105946994	undirected	NA	NA
8116	11898	0.104275331279905	undirected	NA	NA
8116	12184	0.13149025318787	undirected	NA	NA
8116	13244	0.0811528874388883	undirected	NA	NA
8116	13255	0.211011594357208	undirected	NA	NA
8116	13542	0.162553598108976	undirected	NA	NA
8116	13583	0.160714112919755	undirected	NA	NA
8116	13608	0.296371969515495	undirected	NA	NA
8116	14061	0.231744433055535	undirected	NA	NA
8116	14153	0.0634560434423294	undirected	NA	NA
8116	14635	0.191272258018466	undirected	NA	NA
8116	14662	0.129758944057311	undirected	NA	NA
8116	14757	0.108616596253435	undirected	NA	NA
8116	14863	0.253005191175878	undirected	NA	NA
8116	15623	0.216002864488627	undirected	NA	NA
8553	8600	0.101723173139592	undirected	NA	NA
8553	8790	0.124390620576408	undirected	NA	NA
8553	8854	0.0293400701456722	undirected	NA	NA
8553	9104	0.269409191511479	undirected	NA	NA
8553	9386	0.0285926685266046	undirected	NA	NA
8553	9954	0.161283032899211	undirected	NA	NA
8553	10193	0.187564395622485	undirected	NA	NA
8553	10516	0.13417020931419	undirected	NA	NA
8553	10638	0.00593307522305233	undirected	NA	NA
8553	11087	0.0211319111984732	undirected	NA	NA
8553	11139	0.203527440462242	undirected	NA	NA
8553	11271	0.185192953891378	undirected	NA	NA
8553	11802	0.313305211966757	undirected	NA	NA
8553	11886	0.0251887622566441	undirected	NA	NA
8553	11898	0.357856423086892	undirected	NA	NA
8553	12184	0.0311285353521196	undirected	NA	NA
8553	13244	0.33250118937632	undirected	NA	NA
8553	13255	0.240206454715698	undirected	NA	NA
8553	13542	0.287904063632723	undirected	NA	NA
8553	13583	0.280005356319537	undirected	NA	NA
8553	13608	0.16664247399445	undirected	NA	NA
8553	14061	0.103484961521683	undirected	NA	NA
8553	14153	0.200518833526095	undirected	NA	NA
8553	14635	0.026257188528551	undirected	NA	NA
8553	14662	0.261258854172926	undirected	NA	NA
8553	14757	0.29866958907114	undirected	NA	NA
8553	14863	0.0533360913158685	undirected	NA	NA
8553	15623	0.0931975866119486	undirected	NA	NA
8600	8790	0.0239491710992833	undirected	NA	NA
8600	8854	0.189307792703323	undirected	NA	NA
8600	9104	0.0590488470367483	undirected	NA	NA
8600	9386	0.190232612154533	undirected	NA	NA
8600	9954	0.11463157036882	undirected	NA	NA
8600	10193	0.187142542845124	undirected	NA	NA
8600	10516	0.0601894287377739	undirected	NA	NA
8600	10638	0.108212869424833	undirected	NA	NA
8600	11087	0.0922250890734721	undirected	NA	NA
8600	11139	0.0889218221546365	undirected	NA	NA
8600	11271	0.0930137711931763	undirected	NA	NA
8600	11802	0.0593980353529546	undirected	NA	NA
8600	11886	0.0610540743274424	undirected	NA	NA
8600	11898	0.0523922980245887	undirected	NA	NA
8600	12184	0.0843690697726049	undirected	NA	NA
8600	13244	0.0770466998923653	undirected	NA	NA
8600	13255	0.0533172010786119	undirected	NA	NA
8600	13542	0.146456766862061	undirected	NA	NA
8600	13583	0.0325833356741588	undirected	NA	NA
8600	13608	0.104685614691876	undirected	NA	NA
8600	14061	0.171118509490457	undirected	NA	NA
8600	14153	0.184943955135116	undirected	NA	NA
8600	14635	0.0458960512771441	undirected	NA	NA
8600	14662	0.0682271422155951	undirected	NA	NA
8600	14757	0.0855283862825502	undirected	NA	NA
8600	14863	0.0826885714687263	undirected	NA	NA
8600	15623	0.032013786461312	undirected	NA	NA
8790	8854	0.0201438496557959	undirected	NA	NA
8790	9104	0.0547884957186155	undirected	NA	NA
8790	9386	0.0185474836484627	undirected	NA	NA
8790	9954	0.185693874031887	undirected	NA	NA
8790	10193	0.0970547741476217	undirected	NA	NA
8790	10516	0.146161349410848	undirected	NA	NA
8790	10638	0.00380031706707454	undirected	NA	NA
8790	11087	0.0246600133636552	undirected	NA	NA
8790	11139	0.0981358213506719	undirected	NA	NA
8790	11271	0.202879497158913	undirected	NA	NA
8790	11802	0.100685098711204	undirected	NA	NA
8790	11886	0.0570909641711742	undirected	NA	NA
8790	11898	0.132100572045993	undirected	NA	NA
8790	12184	0.0324648035966083	undirected	NA	NA
8790	13244	0.0969235033009864	undirected	NA	NA
8790	13255	0.214242395695738	undirected	NA	NA
8790	13542	0.119796074841117	undirected	NA	NA
8790	13583	0.156138236282454	undirected	NA	NA
8790	13608	0.18433612770095	undirected	NA	NA
8790	14061	0.0840154414531732	undirected	NA	NA
8790	14153	0.0432697019679224	undirected	NA	NA
8790	14635	0.069838513460598	undirected	NA	NA
8790	14662	0.129218056758934	undirected	NA	NA
8790	14757	0.100651440305419	undirected	NA	NA
8790	14863	0.112959942239986	undirected	NA	NA
8790	15623	0.228279969539204	undirected	NA	NA
8854	9104	0.0100960536246893	undirected	NA	NA
8854	9386	0.398728456895624	undirected	NA	NA
8854	9954	0.0543391644458296	undirected	NA	NA
8854	10193	0.209109648151665	undirected	NA	NA
8854	10516	0.137517130733931	undirected	NA	NA
8854	10638	0.389469640512417	undirected	NA	NA
8854	11087	0.104064846371282	undirected	NA	NA
8854	11139	0.0963024477529361	undirected	NA	NA
8854	11271	0.0692748894980475	undirected	NA	NA
8854	11802	0.0276312122023007	undirected	NA	NA
8854	11886	0.0626157929135664	undirected	NA	NA
8854	11898	0.0312860506190386	undirected	NA	NA
8854	12184	0.124946033715134	undirected	NA	NA
8854	13244	0.0415456455423219	undirected	NA	NA
8854	13255	0.0183470807984383	undirected	NA	NA
8854	13542	0.0498404091632633	undirected	NA	NA
8854	13583	0.0173231937491781	undirected	NA	NA
8854	13608	0.0466263105844383	undirected	NA	NA
8854	14061	0.182681874927569	undirected	NA	NA
8854	14153	0.125194234389398	undirected	NA	NA
8854	14635	0.0417097506048256	undirected	NA	NA
8854	14662	0.0743818353313001	undirected	NA	NA
8854	14757	0.0604578832093507	undirected	NA	NA
8854	14863	0.0690631078472343	undirected	NA	NA
8854	15623	0.0390612521672885	undirected	NA	NA
9104	9386	0.010290217273297	undirected	NA	NA
9104	9954	0.0735839809140782	undirected	NA	NA
9104	10193	0.0979440875496139	undirected	NA	NA
9104	10516	0.0604385213470259	undirected	NA	NA
9104	10638	0.00166256462230415	undirected	NA	NA
9104	11087	0.00396835305361249	undirected	NA	NA
9104	11139	0.130212643723351	undirected	NA	NA
9104	11271	0.0992601061661363	undirected	NA	NA
9104	11802	0.219955517217356	undirected	NA	NA
9104	11886	0.00504991854125489	undirected	NA	NA
9104	11898	0.264136878943883	undirected	NA	NA
9104	12184	0.00795562588711111	undirected	NA	NA
9104	13244	0.264882762328203	undirected	NA	NA
9104	13255	0.14534497389443	undirected	NA	NA
9104	13542	0.234170875353412	undirected	NA	NA
9104	13583	0.172032100486031	undirected	NA	NA
9104	13608	0.085846154596267	undirected	NA	NA
9104	14061	0.0380032986473627	undirected	NA	NA
9104	14153	0.156207644899297	undirected	NA	NA
9104	14635	0.00520199157369828	undirected	NA	NA
9104	14662	0.155453402449207	undirected	NA	NA
9104	14757	0.199120544844884	undirected	NA	NA
9104	14863	0.0145183252625493	undirected	NA	NA
9104	15623	0.0390873890299192	undirected	NA	NA
9386	9954	0.0449307288116974	undirected	NA	NA
9386	10193	0.209706339269721	undirected	NA	NA
9386	10516	0.134336027865544	undirected	NA	NA
9386	10638	0.391149602906289	undirected	NA	NA
9386	11087	0.0898575928151646	undirected	NA	NA
9386	11139	0.103003319708779	undirected	NA	NA
9386	11271	0.0611775235944752	undirected	NA	NA
9386	11802	0.0269856577337068	undirected	NA	NA
9386	11886	0.0490181266338045	undirected	NA	NA
9386	11898	0.0327803825303258	undirected	NA	NA
9386	12184	0.108339536138216	undirected	NA	NA
9386	13244	0.0443228148439213	undirected	NA	NA
9386	13255	0.0154199182925239	undirected	NA	NA
9386	13542	0.0485623385287154	undirected	NA	NA
9386	13583	0.0164952344719132	undirected	NA	NA
9386	13608	0.0413207118085074	undirected	NA	NA
9386	14061	0.172506489771455	undirected	NA	NA
9386	14153	0.132815247196201	undirected	NA	NA
9386	14635	0.0309468735534102	undirected	NA	NA
9386	14662	0.0729615699143301	undirected	NA	NA
9386	14757	0.05974733735176	undirected	NA	NA
9386	14863	0.0562489590747144	undirected	NA	NA
9386	15623	0.0343416688095313	undirected	NA	NA
9954	10193	0.210491286834792	undirected	NA	NA
9954	10516	0.175305514858098	undirected	NA	NA
9954	10638	0.0118765556600177	undirected	NA	NA
9954	11087	0.175746489823928	undirected	NA	NA
9954	11139	0.0777595480237624	undirected	NA	NA
9954	11271	0.275776080261565	undirected	NA	NA
9954	11802	0.134535474670502	undirected	NA	NA
9954	11886	0.220016660269454	undirected	NA	NA
9954	11898	0.12402369974389	undirected	NA	NA
9954	12184	0.185669998062758	undirected	NA	NA
9954	13244	0.101992868336771	undirected	NA	NA
9954	13255	0.219884099926272	undirected	NA	NA
9954	13542	0.179783744449835	undirected	NA	NA
9954	13583	0.174104613293613	undirected	NA	NA
9954	13608	0.277077139323142	undirected	NA	NA
9954	14061	0.271060067309213	undirected	NA	NA
9954	14153	0.0850414420918335	undirected	NA	NA
9954	14635	0.198591727842691	undirected	NA	NA
9954	14662	0.16415089300977	undirected	NA	NA
9954	14757	0.145881717242254	undirected	NA	NA
9954	14863	0.260156682540537	undirected	NA	NA
9954	15623	0.200591142398818	undirected	NA	NA
10193	10516	0.16492973846135	undirected	NA	NA
10193	10638	0.10699048113101	undirected	NA	NA
10193	11087	0.0997091387054592	undirected	NA	NA
10193	11139	0.211660466212623	undirected	NA	NA
10193	11271	0.213841368156503	undirected	NA	NA
10193	11802	0.142248519088634	undirected	NA	NA
10193	11886	0.0916731665380862	undirected	NA	NA
10193	11898	0.150343691886052	undirected	NA	NA
10193	12184	0.0968559162597601	undirected	NA	NA
10193	13244	0.148484946565155	undirected	NA	NA
10193	13255	0.15255623107699	undirected	NA	NA
10193	13542	0.220882406738027	undirected	NA	NA
10193	13583	0.115259041292428	undirected	NA	NA
10193	13608	0.198762088972738	undirected	NA	NA
10193	14061	0.202161630456626	undirected	NA	NA
10193	14153	0.186600353853032	undirected	NA	NA
10193	14635	0.0819102622794109	undirected	NA	NA
10193	14662	0.166938408621391	undirected	NA	NA
10193	14757	0.171303984561954	undirected	NA	NA
10193	14863	0.143253922521125	undirected	NA	NA
10193	15623	0.128607550461256	undirected	NA	NA
10516	10638	0.0822537345380612	undirected	NA	NA
10516	11087	0.0653219759069464	undirected	NA	NA
10516	11139	0.219866324469267	undirected	NA	NA
10516	11271	0.251054366825409	undirected	NA	NA
10516	11802	0.156957932570601	undirected	NA	NA
10516	11886	0.0969372647184245	undirected	NA	NA
10516	11898	0.136353504755791	undirected	NA	NA
10516	12184	0.0773488202934304	undirected	NA	NA
10516	13244	0.119691856110664	undirected	NA	NA
10516	13255	0.176766817157394	undirected	NA	NA
10516	13542	0.131599075610522	undirected	NA	NA
10516	13583	0.156215491885683	undirected	NA	NA
10516	13608	0.150669203055844	undirected	NA	NA
10516	14061	0.142247695524125	undirected	NA	NA
10516	14153	0.0886177061987512	undirected	NA	NA
10516	14635	0.0937743793810832	undirected	NA	NA
10516	14662	0.224053495575408	undirected	NA	NA
10516	14757	0.181929776613624	undirected	NA	NA
10516	14863	0.142029332818521	undirected	NA	NA
10516	15623	0.231016102868063	undirected	NA	NA
10638	11087	0.0588408638984475	undirected	NA	NA
10638	11139	0.0602292721939018	undirected	NA	NA
10638	11271	0.0214931587290116	undirected	NA	NA
10638	11802	0.00788979680478116	undirected	NA	NA
10638	11886	0.0203249285172567	undirected	NA	NA
10638	11898	0.00859368057652204	undirected	NA	NA
10638	12184	0.0763917431727898	undirected	NA	NA
10638	13244	0.0126143890833331	undirected	NA	NA
10638	13255	0.00297355142865273	undirected	NA	NA
10638	13542	0.011715875850902	undirected	NA	NA
10638	13583	0.00357963794674149	undirected	NA	NA
10638	13608	0.00920724951347154	undirected	NA	NA
10638	14061	0.0867401300424851	undirected	NA	NA
10638	14153	0.0559726366395205	undirected	NA	NA
10638	14635	0.0107842742079756	undirected	NA	NA
10638	14662	0.0335262069825366	undirected	NA	NA
10638	14757	0.0245610467543254	undirected	NA	NA
10638	14863	0.0196909126762927	undirected	NA	NA
10638	15623	0.010159547815579	undirected	NA	NA
11087	11139	0.019166739977459	undirected	NA	NA
11087	11271	0.122296980662304	undirected	NA	NA
11087	11802	0.0134282678686879	undirected	NA	NA
11087	11886	0.257473429113583	undirected	NA	NA
11087	11898	0.00865995975862097	undirected	NA	NA
11087	12184	0.233226216749275	undirected	NA	NA
11087	13244	0.00944781140248401	undirected	NA	NA
11087	13255	0.0535997981636407	undirected	NA	NA
11087	13542	0.0384602349890178	undirected	NA	NA
11087	13583	0.0130109325634007	undirected	NA	NA
11087	13608	0.0917594529599598	undirected	NA	NA
11087	14061	0.187027482107014	undirected	NA	NA
11087	14153	0.0302677529122825	undirected	NA	NA
11087	14635	0.243492843487501	undirected	NA	NA
11087	14662	0.0329121998086127	undirected	NA	NA
11087	14757	0.0257656328744138	undirected	NA	NA
11087	14863	0.24164814377381	undirected	NA	NA
11087	15623	0.0690280144640478	undirected	NA	NA
11139	11271	0.163949476322596	undirected	NA	NA
11139	11802	0.239246651063035	undirected	NA	NA
11139	11886	0.0218701305960156	undirected	NA	NA
11139	11898	0.251661734938353	undirected	NA	NA
11139	12184	0.0332582667453365	undirected	NA	NA
11139	13244	0.256408222862282	undirected	NA	NA
11139	13255	0.116118985688215	undirected	NA	NA
11139	13542	0.18679971521511	undirected	NA	NA
11139	13583	0.191642938456195	undirected	NA	NA
11139	13608	0.0923945320589763	undirected	NA	NA
11139	14061	0.105926138256995	undirected	NA	NA
11139	14153	0.205284759593392	undirected	NA	NA
11139	14635	0.0165898011970491	undirected	NA	NA
11139	14662	0.296082543544493	undirected	NA	NA
11139	14757	0.274673769014992	undirected	NA	NA
11139	14863	0.0422987344344846	undirected	NA	NA
11139	15623	0.112135626756627	undirected	NA	NA
11271	11802	0.218065696142661	undirected	NA	NA
11271	11886	0.148645276090827	undirected	NA	NA
11271	11898	0.208396631170053	undirected	NA	NA
11271	12184	0.146530260073072	undirected	NA	NA
11271	13244	0.165157828165454	undirected	NA	NA
11271	13255	0.274888564923799	undirected	NA	NA
11271	13542	0.176111504396622	undirected	NA	NA
11271	13583	0.25593475974273	undirected	NA	NA
11271	13608	0.210085895429944	undirected	NA	NA
11271	14061	0.216524271086482	undirected	NA	NA
11271	14153	0.100147809934657	undirected	NA	NA
11271	14635	0.132273417713857	undirected	NA	NA
11271	14662	0.265654323652186	undirected	NA	NA
11271	14757	0.229575544157863	undirected	NA	NA
11271	14863	0.18181486245459	undirected	NA	NA
11271	15623	0.213421489620312	undirected	NA	NA
11802	11886	0.0189164661115529	undirected	NA	NA
11802	11898	0.340906686988492	undirected	NA	NA
11802	12184	0.0256173143306897	undirected	NA	NA
11802	13244	0.293070281436062	undirected	NA	NA
11802	13255	0.269687805747496	undirected	NA	NA
11802	13542	0.254581790424844	undirected	NA	NA
11802	13583	0.285611656342458	undirected	NA	NA
11802	13608	0.123623571293315	undirected	NA	NA
11802	14061	0.0659172812516555	undirected	NA	NA
11802	14153	0.13868592589645	undirected	NA	NA
11802	14635	0.0202904639057042	undirected	NA	NA
11802	14662	0.311784888073834	undirected	NA	NA
11802	14757	0.321223908779027	undirected	NA	NA
11802	14863	0.041143684046928	undirected	NA	NA
11802	15623	0.109140524727719	undirected	NA	NA
11886	11898	0.0167036273183732	undirected	NA	NA
11886	12184	0.22603193156626	undirected	NA	NA
11886	13244	0.0126496764542967	undirected	NA	NA
11886	13255	0.0986167208604802	undirected	NA	NA
11886	13542	0.0387438976334961	undirected	NA	NA
11886	13583	0.0304386302939525	undirected	NA	NA
11886	13608	0.120944075398117	undirected	NA	NA
11886	14061	0.173893204617708	undirected	NA	NA
11886	14153	0.0188501127337611	undirected	NA	NA
11886	14635	0.269972445796921	undirected	NA	NA
11886	14662	0.0432818480733385	undirected	NA	NA
11886	14757	0.0284877744301955	undirected	NA	NA
11886	14863	0.252925900107786	undirected	NA	NA
11886	15623	0.110006717887285	undirected	NA	NA
11898	12184	0.0150542337381394	undirected	NA	NA
11898	13244	0.318941708225515	undirected	NA	NA
11898	13255	0.233055559867292	undirected	NA	NA
11898	13542	0.300337964867805	undirected	NA	NA
11898	13583	0.28909516093073	undirected	NA	NA
11898	13608	0.143600991571907	undirected	NA	NA
11898	14061	0.0696296655101977	undirected	NA	NA
11898	14153	0.179558992873438	undirected	NA	NA
11898	14635	0.0164841214980822	undirected	NA	NA
11898	14662	0.296310545691366	undirected	NA	NA
11898	14757	0.322728154927665	undirected	NA	NA
11898	14863	0.0404669235304915	undirected	NA	NA
11898	15623	0.124058259306966	undirected	NA	NA
12184	13244	0.0150544045511866	undirected	NA	NA
12184	13255	0.0806389572439638	undirected	NA	NA
12184	13542	0.046413855420938	undirected	NA	NA
12184	13583	0.0238984112215644	undirected	NA	NA
12184	13608	0.0955664436999888	undirected	NA	NA
12184	14061	0.165901912572204	undirected	NA	NA
12184	14153	0.032172686536234	undirected	NA	NA
12184	14635	0.218368738877812	undirected	NA	NA
12184	14662	0.049428559644882	undirected	NA	NA
12184	14757	0.0401001882379094	undirected	NA	NA
12184	14863	0.220862854848646	undirected	NA	NA
12184	15623	0.0852806639932289	undirected	NA	NA
13244	13255	0.180024470777237	undirected	NA	NA
13244	13542	0.293107590453255	undirected	NA	NA
13244	13583	0.229593405718179	undirected	NA	NA
13244	13608	0.123744386035318	undirected	NA	NA
13244	14061	0.0666990919297512	undirected	NA	NA
13244	14153	0.204073954548547	undirected	NA	NA
13244	14635	0.0116182291519056	undirected	NA	NA
13244	14662	0.244301389438096	undirected	NA	NA
13244	14757	0.282046615677196	undirected	NA	NA
13244	14863	0.0309683615269883	undirected	NA	NA
13244	15623	0.0850788145153976	undirected	NA	NA
13255	13542	0.204086056281709	undirected	NA	NA
13255	13583	0.329642240648005	undirected	NA	NA
13255	13608	0.211306222537089	undirected	NA	NA
13255	14061	0.138343220811532	undirected	NA	NA
13255	14153	0.0855087654006896	undirected	NA	NA
13255	14635	0.097549514154741	undirected	NA	NA
13255	14662	0.263052628976504	undirected	NA	NA
13255	14757	0.247967375480006	undirected	NA	NA
13255	14863	0.138056636262534	undirected	NA	NA
13255	15623	0.203282277379809	undirected	NA	NA
13542	13583	0.225236002892362	undirected	NA	NA
13542	13608	0.188772222961252	undirected	NA	NA
13542	14061	0.143657932880148	undirected	NA	NA
13542	14153	0.224422631926694	undirected	NA	NA
13542	14635	0.0368781952595797	undirected	NA	NA
13542	14662	0.220367956792451	undirected	NA	NA
13542	14757	0.255124478827546	undirected	NA	NA
13542	14863	0.0721128761485837	undirected	NA	NA
13542	15623	0.0891436322806551	undirected	NA	NA
13583	13608	0.160116407601702	undirected	NA	NA
13583	14061	0.0626530964339091	undirected	NA	NA
13583	14153	0.0904343595558229	undirected	NA	NA
13583	14635	0.0362884994721918	undirected	NA	NA
13583	14662	0.262233160935813	undirected	NA	NA
13583	14757	0.258565119925546	undirected	NA	NA
13583	14863	0.0657774855572177	undirected	NA	NA
13583	15623	0.179959593454824	undirected	NA	NA
13608	14061	0.213626086739949	undirected	NA	NA
13608	14153	0.101977058334542	undirected	NA	NA
13608	14635	0.115108489256027	undirected	NA	NA
13608	14662	0.143178915149795	undirected	NA	NA
13608	14757	0.132592731090522	undirected	NA	NA
13608	14863	0.169937051553201	undirected	NA	NA
13608	15623	0.158600715402171	undirected	NA	NA
14061	14153	0.0982359435990156	undirected	NA	NA
14061	14635	0.167900934419812	undirected	NA	NA
14061	14662	0.0962422339312941	undirected	NA	NA
14061	14757	0.0889376665585694	undirected	NA	NA
14061	14863	0.23094413262206	undirected	NA	NA
14061	15623	0.136057445573352	undirected	NA	NA
14153	14635	0.0147542168081536	undirected	NA	NA
14153	14662	0.127131975405126	undirected	NA	NA
14153	14757	0.15582164515486	undirected	NA	NA
14153	14863	0.0362569475538545	undirected	NA	NA
14153	15623	0.0409645095706419	undirected	NA	NA
14635	14662	0.0439548267589608	undirected	NA	NA
14635	14757	0.0283781933263657	undirected	NA	NA
14635	14863	0.233751206914967	undirected	NA	NA
14635	15623	0.112748753977081	undirected	NA	NA
14662	14757	0.31281282801269	undirected	NA	NA
14662	14863	0.078362403848129	undirected	NA	NA
14662	15623	0.167446788671629	undirected	NA	NA
14757	14863	0.0553503676218622	undirected	NA	NA
14757	15623	0.116785491783256	undirected	NA	NA
14863	15623	0.147006373208476	undirected	NA	NA
