fromNode	toNode	weight	direction	fromAltName	toAltName
260	545	0.222070091275115	undirected	NA	NA
260	569	0.172608974920712	undirected	NA	NA
260	712	0.306684890825894	undirected	NA	NA
260	907	0.272461570566045	undirected	NA	NA
260	924	0.324047301320621	undirected	NA	NA
260	1638	0.213338293905763	undirected	NA	NA
260	1846	0.22273776412425	undirected	NA	NA
260	2418	0.287816465227635	undirected	NA	NA
260	2787	0.027013566280512	undirected	NA	NA
260	2840	0.268650876102556	undirected	NA	NA
260	2913	0.206042820139552	undirected	NA	NA
260	3026	0.318305528468151	undirected	NA	NA
260	3539	0.211116186140264	undirected	NA	NA
260	3790	0.217034092401579	undirected	NA	NA
260	4079	0.299702806652856	undirected	NA	NA
260	4218	0.243137494878309	undirected	NA	NA
260	4237	0.194032810228395	undirected	NA	NA
260	4333	0.239274936594707	undirected	NA	NA
260	4855	0.259739320250417	undirected	NA	NA
260	4932	0.28229216640194	undirected	NA	NA
260	5099	0.0276498293318096	undirected	NA	NA
260	5198	0.147897374608559	undirected	NA	NA
260	5238	0.118919567656798	undirected	NA	NA
260	5539	0.233670327579255	undirected	NA	NA
260	5848	0.14963963321107	undirected	NA	NA
260	5898	0.158148656161779	undirected	NA	NA
260	5937	0.276648738465731	undirected	NA	NA
260	6087	0.268587239015964	undirected	NA	NA
260	6586	0.252817842696254	undirected	NA	NA
260	6680	0.29898997645915	undirected	NA	NA
260	6733	0.0385478511632884	undirected	NA	NA
260	6887	0.249912509652675	undirected	NA	NA
260	6959	0.303170135214802	undirected	NA	NA
260	7529	0.319194849300684	undirected	NA	NA
260	7727	0.182292582096917	undirected	NA	NA
260	8019	0.293235418127037	undirected	NA	NA
260	8254	0.203690785365987	undirected	NA	NA
260	8255	0.17241233230687	undirected	NA	NA
260	8778	0.103082231655299	undirected	NA	NA
260	9180	0.281344104110072	undirected	NA	NA
260	9503	0.279927407140565	undirected	NA	NA
260	9529	0.210878091026903	undirected	NA	NA
260	9552	0.23245056806193	undirected	NA	NA
260	9783	0.168823762312019	undirected	NA	NA
260	9895	0.281518021567068	undirected	NA	NA
260	9964	0.141189154417108	undirected	NA	NA
260	10063	0.193633064077078	undirected	NA	NA
260	10520	0.318708842967582	undirected	NA	NA
260	10794	0.104431709610284	undirected	NA	NA
260	11097	0.183176389092374	undirected	NA	NA
260	11344	0.182962351283463	undirected	NA	NA
260	11671	0.153846976232924	undirected	NA	NA
260	12169	0.269435278713298	undirected	NA	NA
260	12565	0.201125045625529	undirected	NA	NA
260	12840	0.271222052607513	undirected	NA	NA
260	13343	0.271135220170479	undirected	NA	NA
260	13985	0.110202408851533	undirected	NA	NA
260	14074	0.29131906863448	undirected	NA	NA
260	14518	0.201617697091428	undirected	NA	NA
260	15002	0.294943860945665	undirected	NA	NA
260	15242	0.246206624794142	undirected	NA	NA
260	15315	0.14343775529966	undirected	NA	NA
260	15577	0.144046396571819	undirected	NA	NA
545	569	0.218666822003997	undirected	NA	NA
545	712	0.333052049987898	undirected	NA	NA
545	907	0.227653359616902	undirected	NA	NA
545	924	0.318118709589076	undirected	NA	NA
545	1638	0.289158004358286	undirected	NA	NA
545	1846	0.156442972312767	undirected	NA	NA
545	2418	0.346089895201038	undirected	NA	NA
545	2787	0.0191353486317186	undirected	NA	NA
545	2840	0.230533236198831	undirected	NA	NA
545	2913	0.236249237724096	undirected	NA	NA
545	3026	0.309560445104511	undirected	NA	NA
545	3539	0.267423459399293	undirected	NA	NA
545	3790	0.271196308580205	undirected	NA	NA
545	4079	0.27423563182947	undirected	NA	NA
545	4218	0.294099337053724	undirected	NA	NA
545	4237	0.267286423722678	undirected	NA	NA
545	4333	0.286639714898029	undirected	NA	NA
545	4855	0.191633444131528	undirected	NA	NA
545	4932	0.238755182797795	undirected	NA	NA
545	5099	0.0307191968891795	undirected	NA	NA
545	5198	0.249988682805072	undirected	NA	NA
545	5238	0.235240053409173	undirected	NA	NA
545	5539	0.310299374843157	undirected	NA	NA
545	5848	0.283005634466459	undirected	NA	NA
545	5898	0.280002039757004	undirected	NA	NA
545	5937	0.314099891213736	undirected	NA	NA
545	6087	0.240016854760878	undirected	NA	NA
545	6586	0.18414570289545	undirected	NA	NA
545	6680	0.17950641416133	undirected	NA	NA
545	6733	0.018557230119619	undirected	NA	NA
545	6887	0.1567843761396	undirected	NA	NA
545	6959	0.2680414909423	undirected	NA	NA
545	7529	0.275802916812112	undirected	NA	NA
545	7727	0.232483431796338	undirected	NA	NA
545	8019	0.180190663540155	undirected	NA	NA
545	8254	0.25612245849734	undirected	NA	NA
545	8255	0.263436367105806	undirected	NA	NA
545	8778	0.130716591571817	undirected	NA	NA
545	9180	0.17080306530776	undirected	NA	NA
545	9503	0.257934986613054	undirected	NA	NA
545	9529	0.223624802965833	undirected	NA	NA
545	9552	0.322296776727586	undirected	NA	NA
545	9783	0.244044491229357	undirected	NA	NA
545	9895	0.339828924184793	undirected	NA	NA
545	9964	0.231305536141155	undirected	NA	NA
545	10063	0.263828312499153	undirected	NA	NA
545	10520	0.334142689166139	undirected	NA	NA
545	10794	0.2022334764911	undirected	NA	NA
545	11097	0.297918744393339	undirected	NA	NA
545	11344	0.159462020427609	undirected	NA	NA
545	11671	0.247706451040423	undirected	NA	NA
545	12169	0.343318144588166	undirected	NA	NA
545	12565	0.237393105610416	undirected	NA	NA
545	12840	0.262978380178383	undirected	NA	NA
545	13343	0.335017212212624	undirected	NA	NA
545	13985	0.201973200284797	undirected	NA	NA
545	14074	0.25434742574426	undirected	NA	NA
545	14518	0.29882027009131	undirected	NA	NA
545	15002	0.234937526385152	undirected	NA	NA
545	15242	0.30801997579406	undirected	NA	NA
545	15315	0.24349001749211	undirected	NA	NA
545	15577	0.18981553740534	undirected	NA	NA
569	712	0.245648923036505	undirected	NA	NA
569	907	0.165347924972812	undirected	NA	NA
569	924	0.2235030104394	undirected	NA	NA
569	1638	0.280534295096979	undirected	NA	NA
569	1846	0.174434158606969	undirected	NA	NA
569	2418	0.240939601704421	undirected	NA	NA
569	2787	0.0344770122472218	undirected	NA	NA
569	2840	0.23866569866245	undirected	NA	NA
569	2913	0.201534563337181	undirected	NA	NA
569	3026	0.213723667287104	undirected	NA	NA
569	3539	0.132344123375578	undirected	NA	NA
569	3790	0.118826107275335	undirected	NA	NA
569	4079	0.275448070584998	undirected	NA	NA
569	4218	0.166007575078538	undirected	NA	NA
569	4237	0.285865451668749	undirected	NA	NA
569	4333	0.267597554053768	undirected	NA	NA
569	4855	0.148806062223439	undirected	NA	NA
569	4932	0.133987680381193	undirected	NA	NA
569	5099	0.0923464847763749	undirected	NA	NA
569	5198	0.286083763395044	undirected	NA	NA
569	5238	0.302352652976247	undirected	NA	NA
569	5539	0.226983707127204	undirected	NA	NA
569	5848	0.199703700817013	undirected	NA	NA
569	5898	0.278266048499516	undirected	NA	NA
569	5937	0.164008976009497	undirected	NA	NA
569	6087	0.153379672748334	undirected	NA	NA
569	6586	0.168782581185593	undirected	NA	NA
569	6680	0.149786325488343	undirected	NA	NA
569	6733	0.0350605052525356	undirected	NA	NA
569	6887	0.10418838479299	undirected	NA	NA
569	6959	0.200699490435939	undirected	NA	NA
569	7529	0.21562239321787	undirected	NA	NA
569	7727	0.312102467161634	undirected	NA	NA
569	8019	0.150509140786949	undirected	NA	NA
569	8254	0.155231896881432	undirected	NA	NA
569	8255	0.285484716582723	undirected	NA	NA
569	8778	0.170194411929943	undirected	NA	NA
569	9180	0.132237301290819	undirected	NA	NA
569	9503	0.208146286221525	undirected	NA	NA
569	9529	0.153864951171261	undirected	NA	NA
569	9552	0.221392565594062	undirected	NA	NA
569	9783	0.104162823190392	undirected	NA	NA
569	9895	0.239918230178271	undirected	NA	NA
569	9964	0.175067449619553	undirected	NA	NA
569	10063	0.148979122628813	undirected	NA	NA
569	10520	0.246308916634156	undirected	NA	NA
569	10794	0.252274949201437	undirected	NA	NA
569	11097	0.279888217251462	undirected	NA	NA
569	11344	0.165148679176202	undirected	NA	NA
569	11671	0.282748050748871	undirected	NA	NA
569	12169	0.23128717281029	undirected	NA	NA
569	12565	0.309015085849861	undirected	NA	NA
569	12840	0.18834585415662	undirected	NA	NA
569	13343	0.240992532681224	undirected	NA	NA
569	13985	0.125537732508046	undirected	NA	NA
569	14074	0.185857357401673	undirected	NA	NA
569	14518	0.230143436919504	undirected	NA	NA
569	15002	0.174979580837775	undirected	NA	NA
569	15242	0.204265083464784	undirected	NA	NA
569	15315	0.111263941618012	undirected	NA	NA
569	15577	0.289007715059949	undirected	NA	NA
712	907	0.319293281864989	undirected	NA	NA
712	924	0.342986542971656	undirected	NA	NA
712	1638	0.301336003839175	undirected	NA	NA
712	1846	0.269895103018184	undirected	NA	NA
712	2418	0.35553282591128	undirected	NA	NA
712	2787	0.0380619582388787	undirected	NA	NA
712	2840	0.315733893086112	undirected	NA	NA
712	2913	0.285501481176776	undirected	NA	NA
712	3026	0.351181435502249	undirected	NA	NA
712	3539	0.31564794692434	undirected	NA	NA
712	3790	0.287652132600573	undirected	NA	NA
712	4079	0.326403374107074	undirected	NA	NA
712	4218	0.338836410982308	undirected	NA	NA
712	4237	0.337927748100999	undirected	NA	NA
712	4333	0.36436988862771	undirected	NA	NA
712	4855	0.307126226671271	undirected	NA	NA
712	4932	0.284050264601957	undirected	NA	NA
712	5099	0.0485642552550496	undirected	NA	NA
712	5198	0.240248951375106	undirected	NA	NA
712	5238	0.23197745198209	undirected	NA	NA
712	5539	0.345064524081686	undirected	NA	NA
712	5848	0.293703322927831	undirected	NA	NA
712	5898	0.267857606582669	undirected	NA	NA
712	5937	0.339236343074703	undirected	NA	NA
712	6087	0.311712833554811	undirected	NA	NA
712	6586	0.311816663481185	undirected	NA	NA
712	6680	0.267011731187743	undirected	NA	NA
712	6733	0.0434617027190385	undirected	NA	NA
712	6887	0.264333360034876	undirected	NA	NA
712	6959	0.340608907108156	undirected	NA	NA
712	7529	0.325104554521737	undirected	NA	NA
712	7727	0.295315978997779	undirected	NA	NA
712	8019	0.269613033955354	undirected	NA	NA
712	8254	0.288870850340905	undirected	NA	NA
712	8255	0.28393801931506	undirected	NA	NA
712	8778	0.215391460775519	undirected	NA	NA
712	9180	0.266783550248658	undirected	NA	NA
712	9503	0.353597475499717	undirected	NA	NA
712	9529	0.287003567940305	undirected	NA	NA
712	9552	0.333727891635669	undirected	NA	NA
712	9783	0.273737394986311	undirected	NA	NA
712	9895	0.345287595071837	undirected	NA	NA
712	9964	0.302848626690397	undirected	NA	NA
712	10063	0.297477996800357	undirected	NA	NA
712	10520	0.362353559918752	undirected	NA	NA
712	10794	0.191648249447072	undirected	NA	NA
712	11097	0.2834008112309	undirected	NA	NA
712	11344	0.242733264806023	undirected	NA	NA
712	11671	0.294492816140533	undirected	NA	NA
712	12169	0.343066060853618	undirected	NA	NA
712	12565	0.268928153433069	undirected	NA	NA
712	12840	0.331664739849893	undirected	NA	NA
712	13343	0.33950634614037	undirected	NA	NA
712	13985	0.24380751297239	undirected	NA	NA
712	14074	0.334111429411619	undirected	NA	NA
712	14518	0.342719247328334	undirected	NA	NA
712	15002	0.316036616973928	undirected	NA	NA
712	15242	0.326287094712612	undirected	NA	NA
712	15315	0.221356666688048	undirected	NA	NA
712	15577	0.197561270331733	undirected	NA	NA
907	924	0.302833536060716	undirected	NA	NA
907	1638	0.196160889962176	undirected	NA	NA
907	1846	0.286448137173278	undirected	NA	NA
907	2418	0.316404740438382	undirected	NA	NA
907	2787	0.0711116551639159	undirected	NA	NA
907	2840	0.321084726941162	undirected	NA	NA
907	2913	0.300566070717996	undirected	NA	NA
907	3026	0.305764248052181	undirected	NA	NA
907	3539	0.261803532155043	undirected	NA	NA
907	3790	0.241913331117167	undirected	NA	NA
907	4079	0.276255536934041	undirected	NA	NA
907	4218	0.3115543294188	undirected	NA	NA
907	4237	0.233026852742525	undirected	NA	NA
907	4333	0.27909477569822	undirected	NA	NA
907	4855	0.326369033947998	undirected	NA	NA
907	4932	0.265228522255984	undirected	NA	NA
907	5099	0.0589686514625746	undirected	NA	NA
907	5198	0.200588233117819	undirected	NA	NA
907	5238	0.141082288772187	undirected	NA	NA
907	5539	0.267279773060659	undirected	NA	NA
907	5848	0.193873733677175	undirected	NA	NA
907	5898	0.165207842622129	undirected	NA	NA
907	5937	0.313090000198488	undirected	NA	NA
907	6087	0.316171013169952	undirected	NA	NA
907	6586	0.29445248887326	undirected	NA	NA
907	6680	0.312137840765361	undirected	NA	NA
907	6733	0.0665535932192132	undirected	NA	NA
907	6887	0.251802362596854	undirected	NA	NA
907	6959	0.311725999277466	undirected	NA	NA
907	7529	0.274528413906882	undirected	NA	NA
907	7727	0.216966327389921	undirected	NA	NA
907	8019	0.27359381300735	undirected	NA	NA
907	8254	0.268864358462238	undirected	NA	NA
907	8255	0.17113825704269	undirected	NA	NA
907	8778	0.162505149183487	undirected	NA	NA
907	9180	0.332372105036556	undirected	NA	NA
907	9503	0.292896066053368	undirected	NA	NA
907	9529	0.299603476693571	undirected	NA	NA
907	9552	0.233785122556443	undirected	NA	NA
907	9783	0.235545412841053	undirected	NA	NA
907	9895	0.273360040167858	undirected	NA	NA
907	9964	0.177019104212345	undirected	NA	NA
907	10063	0.266283149667178	undirected	NA	NA
907	10520	0.332234215577976	undirected	NA	NA
907	10794	0.100354422643384	undirected	NA	NA
907	11097	0.218496018540929	undirected	NA	NA
907	11344	0.296988696765657	undirected	NA	NA
907	11671	0.213274981898951	undirected	NA	NA
907	12169	0.279384020549159	undirected	NA	NA
907	12565	0.228129751902966	undirected	NA	NA
907	12840	0.336444330113899	undirected	NA	NA
907	13343	0.261296107801114	undirected	NA	NA
907	13985	0.152587583458862	undirected	NA	NA
907	14074	0.332570127780752	undirected	NA	NA
907	14518	0.228359220356662	undirected	NA	NA
907	15002	0.267216886420701	undirected	NA	NA
907	15242	0.311836147251149	undirected	NA	NA
907	15315	0.164792826535639	undirected	NA	NA
907	15577	0.137142583282642	undirected	NA	NA
924	1638	0.28585410129068	undirected	NA	NA
924	1846	0.239542120192531	undirected	NA	NA
924	2418	0.332507026168655	undirected	NA	NA
924	2787	0.0239767595349554	undirected	NA	NA
924	2840	0.288874937835302	undirected	NA	NA
924	2913	0.244086937408749	undirected	NA	NA
924	3026	0.34868063440448	undirected	NA	NA
924	3539	0.287413426882346	undirected	NA	NA
924	3790	0.282345569278698	undirected	NA	NA
924	4079	0.321912977379485	undirected	NA	NA
924	4218	0.302982750689052	undirected	NA	NA
924	4237	0.285676076391394	undirected	NA	NA
924	4333	0.323586692227757	undirected	NA	NA
924	4855	0.289399126865896	undirected	NA	NA
924	4932	0.300133521797935	undirected	NA	NA
924	5099	0.0293725927286937	undirected	NA	NA
924	5198	0.194638397684045	undirected	NA	NA
924	5238	0.185904831578565	undirected	NA	NA
924	5539	0.308504861957945	undirected	NA	NA
924	5848	0.248861394221851	undirected	NA	NA
924	5898	0.237416758622172	undirected	NA	NA
924	5937	0.326815641724077	undirected	NA	NA
924	6087	0.292768269031767	undirected	NA	NA
924	6586	0.292766167933411	undirected	NA	NA
924	6680	0.275788850084621	undirected	NA	NA
924	6733	0.0325285820392962	undirected	NA	NA
924	6887	0.279248852521992	undirected	NA	NA
924	6959	0.338453399446546	undirected	NA	NA
924	7529	0.338965696021357	undirected	NA	NA
924	7727	0.24643674081188	undirected	NA	NA
924	8019	0.288183468928971	undirected	NA	NA
924	8254	0.26544722374187	undirected	NA	NA
924	8255	0.255761535403831	undirected	NA	NA
924	8778	0.15893149627644	undirected	NA	NA
924	9180	0.265500331104043	undirected	NA	NA
924	9503	0.336456701649766	undirected	NA	NA
924	9529	0.253052847488814	undirected	NA	NA
924	9552	0.31913895505769	undirected	NA	NA
924	9783	0.241654932254174	undirected	NA	NA
924	9895	0.337837668857595	undirected	NA	NA
924	9964	0.253977876094263	undirected	NA	NA
924	10063	0.2548797025226	undirected	NA	NA
924	10520	0.349126374473684	undirected	NA	NA
924	10794	0.167064667797058	undirected	NA	NA
924	11097	0.246797060724933	undirected	NA	NA
924	11344	0.198065251915801	undirected	NA	NA
924	11671	0.231358252702458	undirected	NA	NA
924	12169	0.322118278279617	undirected	NA	NA
924	12565	0.235481617071828	undirected	NA	NA
924	12840	0.302196369496671	undirected	NA	NA
924	13343	0.327674323621036	undirected	NA	NA
924	13985	0.198852565131953	undirected	NA	NA
924	14074	0.321363057054266	undirected	NA	NA
924	14518	0.302160856341302	undirected	NA	NA
924	15002	0.326587983106305	undirected	NA	NA
924	15242	0.292395250690014	undirected	NA	NA
924	15315	0.205131349137896	undirected	NA	NA
924	15577	0.177782348048959	undirected	NA	NA
1638	1846	0.164586825855626	undirected	NA	NA
1638	2418	0.303516232529753	undirected	NA	NA
1638	2787	0.0214154331256089	undirected	NA	NA
1638	2840	0.241469693573023	undirected	NA	NA
1638	2913	0.222867510853102	undirected	NA	NA
1638	3026	0.274319252257493	undirected	NA	NA
1638	3539	0.194988424704518	undirected	NA	NA
1638	3790	0.190140093894322	undirected	NA	NA
1638	4079	0.287558280158786	undirected	NA	NA
1638	4218	0.22645630491251	undirected	NA	NA
1638	4237	0.296112263598327	undirected	NA	NA
1638	4333	0.293491012635734	undirected	NA	NA
1638	4855	0.172754391945601	undirected	NA	NA
1638	4932	0.190751406821809	undirected	NA	NA
1638	5099	0.0496172363843223	undirected	NA	NA
1638	5198	0.282765231536737	undirected	NA	NA
1638	5238	0.293461492383759	undirected	NA	NA
1638	5539	0.278232295509102	undirected	NA	NA
1638	5848	0.261172683909149	undirected	NA	NA
1638	5898	0.314737126287249	undirected	NA	NA
1638	5937	0.237984374939924	undirected	NA	NA
1638	6087	0.195271744815922	undirected	NA	NA
1638	6586	0.181953504556125	undirected	NA	NA
1638	6680	0.170494182213713	undirected	NA	NA
1638	6733	0.0226587740314286	undirected	NA	NA
1638	6887	0.134113331765797	undirected	NA	NA
1638	6959	0.240505204810603	undirected	NA	NA
1638	7529	0.262354911313196	undirected	NA	NA
1638	7727	0.284306585241134	undirected	NA	NA
1638	8019	0.176157850481691	undirected	NA	NA
1638	8254	0.212860527027223	undirected	NA	NA
1638	8255	0.307886812159646	undirected	NA	NA
1638	8778	0.149164050933356	undirected	NA	NA
1638	9180	0.152745480694438	undirected	NA	NA
1638	9503	0.240028966444687	undirected	NA	NA
1638	9529	0.182789826090001	undirected	NA	NA
1638	9552	0.288856958370448	undirected	NA	NA
1638	9783	0.162777400720999	undirected	NA	NA
1638	9895	0.307813041018958	undirected	NA	NA
1638	9964	0.220014215891785	undirected	NA	NA
1638	10063	0.201861741384105	undirected	NA	NA
1638	10520	0.301081060047789	undirected	NA	NA
1638	10794	0.259891659907461	undirected	NA	NA
1638	11097	0.314439748466174	undirected	NA	NA
1638	11344	0.156773699482645	undirected	NA	NA
1638	11671	0.278706029788454	undirected	NA	NA
1638	12169	0.301556095109385	undirected	NA	NA
1638	12565	0.285876902335684	undirected	NA	NA
1638	12840	0.22430172289709	undirected	NA	NA
1638	13343	0.307543754959085	undirected	NA	NA
1638	13985	0.165077862079174	undirected	NA	NA
1638	14074	0.220602936415673	undirected	NA	NA
1638	14518	0.277086961179167	undirected	NA	NA
1638	15002	0.215178943628573	undirected	NA	NA
1638	15242	0.257229722937563	undirected	NA	NA
1638	15315	0.17702163098902	undirected	NA	NA
1638	15577	0.257153835940896	undirected	NA	NA
1846	2418	0.246311139702919	undirected	NA	NA
1846	2787	0.127875843444797	undirected	NA	NA
1846	2840	0.279717180063428	undirected	NA	NA
1846	2913	0.2121142659625	undirected	NA	NA
1846	3026	0.248456752343026	undirected	NA	NA
1846	3539	0.183536400864871	undirected	NA	NA
1846	3790	0.141692433397894	undirected	NA	NA
1846	4079	0.265434586515858	undirected	NA	NA
1846	4218	0.237669180178765	undirected	NA	NA
1846	4237	0.202160748653805	undirected	NA	NA
1846	4333	0.264350329113361	undirected	NA	NA
1846	4855	0.289744928862563	undirected	NA	NA
1846	4932	0.18906100716518	undirected	NA	NA
1846	5099	0.105513262099903	undirected	NA	NA
1846	5198	0.112567634178087	undirected	NA	NA
1846	5238	0.086578321317916	undirected	NA	NA
1846	5539	0.22587570149498	undirected	NA	NA
1846	5848	0.110421767357346	undirected	NA	NA
1846	5898	0.107599142809334	undirected	NA	NA
1846	5937	0.208871383930447	undirected	NA	NA
1846	6087	0.278560973418664	undirected	NA	NA
1846	6586	0.267705937202438	undirected	NA	NA
1846	6680	0.211525267091063	undirected	NA	NA
1846	6733	0.123152784114829	undirected	NA	NA
1846	6887	0.217656087053573	undirected	NA	NA
1846	6959	0.254182028885103	undirected	NA	NA
1846	7529	0.235872337101499	undirected	NA	NA
1846	7727	0.188091248877689	undirected	NA	NA
1846	8019	0.213795428182338	undirected	NA	NA
1846	8254	0.154938795832261	undirected	NA	NA
1846	8255	0.146419004455145	undirected	NA	NA
1846	8778	0.142228346692575	undirected	NA	NA
1846	9180	0.219426433387857	undirected	NA	NA
1846	9503	0.286957530992843	undirected	NA	NA
1846	9529	0.24980329335207	undirected	NA	NA
1846	9552	0.163462381025195	undirected	NA	NA
1846	9783	0.148484121573169	undirected	NA	NA
1846	9895	0.201513841815319	undirected	NA	NA
1846	9964	0.149724402636706	undirected	NA	NA
1846	10063	0.206042023253634	undirected	NA	NA
1846	10520	0.269663792354418	undirected	NA	NA
1846	10794	0.0729590479328972	undirected	NA	NA
1846	11097	0.119600329521458	undirected	NA	NA
1846	11344	0.192194854196988	undirected	NA	NA
1846	11671	0.148285275758971	undirected	NA	NA
1846	12169	0.211324610413324	undirected	NA	NA
1846	12565	0.203929218689528	undirected	NA	NA
1846	12840	0.310036215263521	undirected	NA	NA
1846	13343	0.204268317337136	undirected	NA	NA
1846	13985	0.119162915836255	undirected	NA	NA
1846	14074	0.280173131227896	undirected	NA	NA
1846	14518	0.189978959801816	undirected	NA	NA
1846	15002	0.242117582202291	undirected	NA	NA
1846	15242	0.2415492900478	undirected	NA	NA
1846	15315	0.0938493668863677	undirected	NA	NA
1846	15577	0.14328132751384	undirected	NA	NA
2418	2787	0.0379071546312251	undirected	NA	NA
2418	2840	0.309746388881647	undirected	NA	NA
2418	2913	0.306267277555842	undirected	NA	NA
2418	3026	0.336033908723132	undirected	NA	NA
2418	3539	0.317274123172418	undirected	NA	NA
2418	3790	0.296219642198978	undirected	NA	NA
2418	4079	0.309482561326716	undirected	NA	NA
2418	4218	0.34483937652377	undirected	NA	NA
2418	4237	0.334137987282736	undirected	NA	NA
2418	4333	0.362898427073672	undirected	NA	NA
2418	4855	0.291904550983555	undirected	NA	NA
2418	4932	0.269713561777594	undirected	NA	NA
2418	5099	0.0470830585945163	undirected	NA	NA
2418	5198	0.268712025448311	undirected	NA	NA
2418	5238	0.246232111158342	undirected	NA	NA
2418	5539	0.339165473386233	undirected	NA	NA
2418	5848	0.32103058416969	undirected	NA	NA
2418	5898	0.284944811902504	undirected	NA	NA
2418	5937	0.346427132615188	undirected	NA	NA
2418	6087	0.298490345228921	undirected	NA	NA
2418	6586	0.282124576434118	undirected	NA	NA
2418	6680	0.252583664423306	undirected	NA	NA
2418	6733	0.0371277151949815	undirected	NA	NA
2418	6887	0.237804346610517	undirected	NA	NA
2418	6959	0.33423384345049	undirected	NA	NA
2418	7529	0.293979624656933	undirected	NA	NA
2418	7727	0.288923912368491	undirected	NA	NA
2418	8019	0.247095808996628	undirected	NA	NA
2418	8254	0.314593367513806	undirected	NA	NA
2418	8255	0.285436845671152	undirected	NA	NA
2418	8778	0.201065252820762	undirected	NA	NA
2418	9180	0.255704138004087	undirected	NA	NA
2418	9503	0.322997490226312	undirected	NA	NA
2418	9529	0.301306011208908	undirected	NA	NA
2418	9552	0.342630073994356	undirected	NA	NA
2418	9783	0.289067948660923	undirected	NA	NA
2418	9895	0.342740344732122	undirected	NA	NA
2418	9964	0.300507311666196	undirected	NA	NA
2418	10063	0.308696635491469	undirected	NA	NA
2418	10520	0.354354249376391	undirected	NA	NA
2418	10794	0.197617058909076	undirected	NA	NA
2418	11097	0.313245462267685	undirected	NA	NA
2418	11344	0.244872567164587	undirected	NA	NA
2418	11671	0.304607644256864	undirected	NA	NA
2418	12169	0.347977297572702	undirected	NA	NA
2418	12565	0.274503372489847	undirected	NA	NA
2418	12840	0.319288043989089	undirected	NA	NA
2418	13343	0.334654953102225	undirected	NA	NA
2418	13985	0.253499977535072	undirected	NA	NA
2418	14074	0.330793831538034	undirected	NA	NA
2418	14518	0.344486067971054	undirected	NA	NA
2418	15002	0.278503981417192	undirected	NA	NA
2418	15242	0.336997711791148	undirected	NA	NA
2418	15315	0.240097276498387	undirected	NA	NA
2418	15577	0.198369182101075	undirected	NA	NA
2787	2840	0.0984794234410988	undirected	NA	NA
2787	2913	0.0998260222584522	undirected	NA	NA
2787	3026	0.0258784170603709	undirected	NA	NA
2787	3539	0.0234477661986603	undirected	NA	NA
2787	3790	0.011894731776058	undirected	NA	NA
2787	4079	0.0415238506376707	undirected	NA	NA
2787	4218	0.0426868516340619	undirected	NA	NA
2787	4237	0.0608967675665846	undirected	NA	NA
2787	4333	0.0673138364495453	undirected	NA	NA
2787	4855	0.0885665772517605	undirected	NA	NA
2787	4932	0.014933202456708	undirected	NA	NA
2787	5099	0.150611183983963	undirected	NA	NA
2787	5198	0.0545646219533943	undirected	NA	NA
2787	5238	0.0257043711158926	undirected	NA	NA
2787	5539	0.0390508390222645	undirected	NA	NA
2787	5848	0.0243867275508305	undirected	NA	NA
2787	5898	0.018298766420816	undirected	NA	NA
2787	5937	0.0237336061717531	undirected	NA	NA
2787	6087	0.0504838592928606	undirected	NA	NA
2787	6586	0.0861322659152999	undirected	NA	NA
2787	6680	0.0426043567537831	undirected	NA	NA
2787	6733	0.197561752661754	undirected	NA	NA
2787	6887	0.0284807045434343	undirected	NA	NA
2787	6959	0.0403201954964335	undirected	NA	NA
2787	7529	0.0223175464630671	undirected	NA	NA
2787	7727	0.0737441990552765	undirected	NA	NA
2787	8019	0.0310411301929988	undirected	NA	NA
2787	8254	0.0364970554302967	undirected	NA	NA
2787	8255	0.0230681716143355	undirected	NA	NA
2787	8778	0.0906592434103689	undirected	NA	NA
2787	9180	0.0574953553750427	undirected	NA	NA
2787	9503	0.0501037212389672	undirected	NA	NA
2787	9529	0.0892255104555296	undirected	NA	NA
2787	9552	0.018604788341485	undirected	NA	NA
2787	9783	0.0228659433902821	undirected	NA	NA
2787	9895	0.0219058729846115	undirected	NA	NA
2787	9964	0.0304950682315201	undirected	NA	NA
2787	10063	0.0449853787175585	undirected	NA	NA
2787	10520	0.0400090276155504	undirected	NA	NA
2787	10794	0.010914172387991	undirected	NA	NA
2787	11097	0.0329629458086849	undirected	NA	NA
2787	11344	0.175649843215193	undirected	NA	NA
2787	11671	0.071036807043445	undirected	NA	NA
2787	12169	0.0245340452309435	undirected	NA	NA
2787	12565	0.0700192048114052	undirected	NA	NA
2787	12840	0.0779951436297006	undirected	NA	NA
2787	13343	0.0205040902315016	undirected	NA	NA
2787	13985	0.0271477648493243	undirected	NA	NA
2787	14074	0.058484411020466	undirected	NA	NA
2787	14518	0.0326118642392379	undirected	NA	NA
2787	15002	0.0254059575834502	undirected	NA	NA
2787	15242	0.0549120358267861	undirected	NA	NA
2787	15315	0.00880885362547366	undirected	NA	NA
2787	15577	0.031735933179563	undirected	NA	NA
2840	2913	0.273218803680877	undirected	NA	NA
2840	3026	0.285040951600955	undirected	NA	NA
2840	3539	0.197359088677843	undirected	NA	NA
2840	3790	0.171955318991703	undirected	NA	NA
2840	4079	0.328623430467485	undirected	NA	NA
2840	4218	0.257757395081359	undirected	NA	NA
2840	4237	0.240603449040492	undirected	NA	NA
2840	4333	0.320824007553558	undirected	NA	NA
2840	4855	0.286350980494537	undirected	NA	NA
2840	4932	0.212382202423844	undirected	NA	NA
2840	5099	0.109896414516002	undirected	NA	NA
2840	5198	0.234517682343654	undirected	NA	NA
2840	5238	0.175940182977129	undirected	NA	NA
2840	5539	0.267874198856536	undirected	NA	NA
2840	5848	0.164892289994562	undirected	NA	NA
2840	5898	0.174232737995842	undirected	NA	NA
2840	5937	0.248642338418532	undirected	NA	NA
2840	6087	0.272735099899741	undirected	NA	NA
2840	6586	0.256018255635201	undirected	NA	NA
2840	6680	0.261150423468016	undirected	NA	NA
2840	6733	0.08814036573001	undirected	NA	NA
2840	6887	0.216818269354503	undirected	NA	NA
2840	6959	0.314480845080158	undirected	NA	NA
2840	7529	0.274144875471437	undirected	NA	NA
2840	7727	0.254969465716301	undirected	NA	NA
2840	8019	0.236443034152249	undirected	NA	NA
2840	8254	0.213066076212727	undirected	NA	NA
2840	8255	0.209696146340746	undirected	NA	NA
2840	8778	0.180411688357587	undirected	NA	NA
2840	9180	0.26492412221235	undirected	NA	NA
2840	9503	0.296825745684257	undirected	NA	NA
2840	9529	0.289268104818963	undirected	NA	NA
2840	9552	0.234695778324703	undirected	NA	NA
2840	9783	0.164535321528204	undirected	NA	NA
2840	9895	0.272669513144859	undirected	NA	NA
2840	9964	0.175043608434081	undirected	NA	NA
2840	10063	0.223083825658298	undirected	NA	NA
2840	10520	0.333040108271692	undirected	NA	NA
2840	10794	0.12099350978159	undirected	NA	NA
2840	11097	0.224847861370942	undirected	NA	NA
2840	11344	0.288221385856697	undirected	NA	NA
2840	11671	0.235850198548272	undirected	NA	NA
2840	12169	0.267396773789626	undirected	NA	NA
2840	12565	0.270168757652178	undirected	NA	NA
2840	12840	0.320893841794798	undirected	NA	NA
2840	13343	0.258732406494596	undirected	NA	NA
2840	13985	0.141918852756935	undirected	NA	NA
2840	14074	0.328226717751944	undirected	NA	NA
2840	14518	0.241236056603018	undirected	NA	NA
2840	15002	0.252789873610613	undirected	NA	NA
2840	15242	0.297483444747088	undirected	NA	NA
2840	15315	0.127557468167519	undirected	NA	NA
2840	15577	0.208114049234601	undirected	NA	NA
2913	3026	0.240647138856301	undirected	NA	NA
2913	3539	0.21253180954048	undirected	NA	NA
2913	3790	0.183346108227936	undirected	NA	NA
2913	4079	0.260760087809212	undirected	NA	NA
2913	4218	0.276641239892393	undirected	NA	NA
2913	4237	0.231820480672171	undirected	NA	NA
2913	4333	0.308271993849976	undirected	NA	NA
2913	4855	0.247598819738808	undirected	NA	NA
2913	4932	0.175929980982363	undirected	NA	NA
2913	5099	0.105238317040032	undirected	NA	NA
2913	5198	0.264336656342545	undirected	NA	NA
2913	5238	0.179909455130504	undirected	NA	NA
2913	5539	0.269916142717052	undirected	NA	NA
2913	5848	0.198893656425925	undirected	NA	NA
2913	5898	0.179361680612176	undirected	NA	NA
2913	5937	0.25294341727872	undirected	NA	NA
2913	6087	0.245701188026994	undirected	NA	NA
2913	6586	0.192547677916002	undirected	NA	NA
2913	6680	0.188625586000985	undirected	NA	NA
2913	6733	0.0612657627607168	undirected	NA	NA
2913	6887	0.162954094577672	undirected	NA	NA
2913	6959	0.275601190460454	undirected	NA	NA
2913	7529	0.209191707395652	undirected	NA	NA
2913	7727	0.221117952675466	undirected	NA	NA
2913	8019	0.167647153550024	undirected	NA	NA
2913	8254	0.251117129770885	undirected	NA	NA
2913	8255	0.19691597997323	undirected	NA	NA
2913	8778	0.16842518239139	undirected	NA	NA
2913	9180	0.206114355169938	undirected	NA	NA
2913	9503	0.246513552236411	undirected	NA	NA
2913	9529	0.328347525954425	undirected	NA	NA
2913	9552	0.23859552923284	undirected	NA	NA
2913	9783	0.204316687211107	undirected	NA	NA
2913	9895	0.256724694837774	undirected	NA	NA
2913	9964	0.188353453459256	undirected	NA	NA
2913	10063	0.258077692321072	undirected	NA	NA
2913	10520	0.304828065050995	undirected	NA	NA
2913	10794	0.113111896784169	undirected	NA	NA
2913	11097	0.243118012586512	undirected	NA	NA
2913	11344	0.282740965289155	undirected	NA	NA
2913	11671	0.244249194062041	undirected	NA	NA
2913	12169	0.260000083148069	undirected	NA	NA
2913	12565	0.249433954825605	undirected	NA	NA
2913	12840	0.306116141812075	undirected	NA	NA
2913	13343	0.23750967183997	undirected	NA	NA
2913	13985	0.177836870805565	undirected	NA	NA
2913	14074	0.302269458629714	undirected	NA	NA
2913	14518	0.250929965984339	undirected	NA	NA
2913	15002	0.189488067354089	undirected	NA	NA
2913	15242	0.327079146593352	undirected	NA	NA
2913	15315	0.153074837327169	undirected	NA	NA
2913	15577	0.17834989521047	undirected	NA	NA
3026	3539	0.302534094249405	undirected	NA	NA
3026	3790	0.288399870965664	undirected	NA	NA
3026	4079	0.314777625339293	undirected	NA	NA
3026	4218	0.313582515533011	undirected	NA	NA
3026	4237	0.287673557952449	undirected	NA	NA
3026	4333	0.323552865237641	undirected	NA	NA
3026	4855	0.29764838916825	undirected	NA	NA
3026	4932	0.303666705068529	undirected	NA	NA
3026	5099	0.0304206390018446	undirected	NA	NA
3026	5198	0.184070502054959	undirected	NA	NA
3026	5238	0.178858084739722	undirected	NA	NA
3026	5539	0.318749950767495	undirected	NA	NA
3026	5848	0.246902795907555	undirected	NA	NA
3026	5898	0.225323388105157	undirected	NA	NA
3026	5937	0.330124607690678	undirected	NA	NA
3026	6087	0.305473942604228	undirected	NA	NA
3026	6586	0.304076217750269	undirected	NA	NA
3026	6680	0.27081613428103	undirected	NA	NA
3026	6733	0.0354378192149113	undirected	NA	NA
3026	6887	0.288953132281233	undirected	NA	NA
3026	6959	0.334255686669021	undirected	NA	NA
3026	7529	0.342145386947695	undirected	NA	NA
3026	7727	0.245240743380339	undirected	NA	NA
3026	8019	0.283724626533602	undirected	NA	NA
3026	8254	0.261345978219433	undirected	NA	NA
3026	8255	0.247431475520605	undirected	NA	NA
3026	8778	0.172137345939789	undirected	NA	NA
3026	9180	0.26586005459006	undirected	NA	NA
3026	9503	0.35020203805758	undirected	NA	NA
3026	9529	0.256889112928729	undirected	NA	NA
3026	9552	0.313857161013579	undirected	NA	NA
3026	9783	0.255846130204485	undirected	NA	NA
3026	9895	0.33483561255426	undirected	NA	NA
3026	9964	0.266137176642009	undirected	NA	NA
3026	10063	0.265516033885645	undirected	NA	NA
3026	10520	0.350249126223276	undirected	NA	NA
3026	10794	0.158511104805773	undirected	NA	NA
3026	11097	0.232685491986145	undirected	NA	NA
3026	11344	0.202891408591245	undirected	NA	NA
3026	11671	0.232073067328224	undirected	NA	NA
3026	12169	0.328060530288452	undirected	NA	NA
3026	12565	0.224911283363567	undirected	NA	NA
3026	12840	0.315975627059424	undirected	NA	NA
3026	13343	0.332502517065767	undirected	NA	NA
3026	13985	0.211032137648287	undirected	NA	NA
3026	14074	0.32179966720653	undirected	NA	NA
3026	14518	0.307605926706304	undirected	NA	NA
3026	15002	0.338409987446876	undirected	NA	NA
3026	15242	0.29739949361527	undirected	NA	NA
3026	15315	0.212355732867539	undirected	NA	NA
3026	15577	0.166310694677072	undirected	NA	NA
3539	3790	0.316182254322248	undirected	NA	NA
3539	4079	0.202690067022056	undirected	NA	NA
3539	4218	0.344470202854615	undirected	NA	NA
3539	4237	0.244166366167652	undirected	NA	NA
3539	4333	0.268210347949208	undirected	NA	NA
3539	4855	0.24771736544685	undirected	NA	NA
3539	4932	0.28227187202528	undirected	NA	NA
3539	5099	0.0225028402562195	undirected	NA	NA
3539	5198	0.144857572045564	undirected	NA	NA
3539	5238	0.144267435018535	undirected	NA	NA
3539	5539	0.332707668470199	undirected	NA	NA
3539	5848	0.275993958227835	undirected	NA	NA
3539	5898	0.174625868727797	undirected	NA	NA
3539	5937	0.329678268089043	undirected	NA	NA
3539	6087	0.321563115027739	undirected	NA	NA
3539	6586	0.233575434879801	undirected	NA	NA
3539	6680	0.171819954980611	undirected	NA	NA
3539	6733	0.0236257949748343	undirected	NA	NA
3539	6887	0.232663286327154	undirected	NA	NA
3539	6959	0.253619498183373	undirected	NA	NA
3539	7529	0.248336150517086	undirected	NA	NA
3539	7727	0.182144720528547	undirected	NA	NA
3539	8019	0.173885171087844	undirected	NA	NA
3539	8254	0.261106223972349	undirected	NA	NA
3539	8255	0.182104098287362	undirected	NA	NA
3539	8778	0.182865952768556	undirected	NA	NA
3539	9180	0.192562338428119	undirected	NA	NA
3539	9503	0.299385267474682	undirected	NA	NA
3539	9529	0.263719239153345	undirected	NA	NA
3539	9552	0.282325849284452	undirected	NA	NA
3539	9783	0.341123833195365	undirected	NA	NA
3539	9895	0.284203458387898	undirected	NA	NA
3539	9964	0.317724268916804	undirected	NA	NA
3539	10063	0.339770681403211	undirected	NA	NA
3539	10520	0.294588690498115	undirected	NA	NA
3539	10794	0.115951417375607	undirected	NA	NA
3539	11097	0.182767272440952	undirected	NA	NA
3539	11344	0.177580400254956	undirected	NA	NA
3539	11671	0.214639555132773	undirected	NA	NA
3539	12169	0.321576038910586	undirected	NA	NA
3539	12565	0.145420040966816	undirected	NA	NA
3539	12840	0.314788626494468	undirected	NA	NA
3539	13343	0.300917800281505	undirected	NA	NA
3539	13985	0.318293829112505	undirected	NA	NA
3539	14074	0.265845724402991	undirected	NA	NA
3539	14518	0.314292022680196	undirected	NA	NA
3539	15002	0.265931484562925	undirected	NA	NA
3539	15242	0.314437556427954	undirected	NA	NA
3539	15315	0.306739805070928	undirected	NA	NA
3539	15577	0.0961951037481762	undirected	NA	NA
3790	4079	0.192782771745317	undirected	NA	NA
3790	4218	0.29990255271354	undirected	NA	NA
3790	4237	0.196103831371607	undirected	NA	NA
3790	4333	0.231373913988742	undirected	NA	NA
3790	4855	0.216743848024606	undirected	NA	NA
3790	4932	0.291716742490602	undirected	NA	NA
3790	5099	0.0107374599303883	undirected	NA	NA
3790	5198	0.125630518781003	undirected	NA	NA
3790	5238	0.118933405634682	undirected	NA	NA
3790	5539	0.28625447665703	undirected	NA	NA
3790	5848	0.248076813083607	undirected	NA	NA
3790	5898	0.165327779670546	undirected	NA	NA
3790	5937	0.322195019576669	undirected	NA	NA
3790	6087	0.280881889207514	undirected	NA	NA
3790	6586	0.194479444142605	undirected	NA	NA
3790	6680	0.168358648052354	undirected	NA	NA
3790	6733	0.0133123749285115	undirected	NA	NA
3790	6887	0.228179508242774	undirected	NA	NA
3790	6959	0.250588025814336	undirected	NA	NA
3790	7529	0.244706183098446	undirected	NA	NA
3790	7727	0.14280980662276	undirected	NA	NA
3790	8019	0.175078329070465	undirected	NA	NA
3790	8254	0.257582351135835	undirected	NA	NA
3790	8255	0.165471931098055	undirected	NA	NA
3790	8778	0.112600993817322	undirected	NA	NA
3790	9180	0.180894313253619	undirected	NA	NA
3790	9503	0.259643221003439	undirected	NA	NA
3790	9529	0.23283874780847	undirected	NA	NA
3790	9552	0.283247942344376	undirected	NA	NA
3790	9783	0.319437543318697	undirected	NA	NA
3790	9895	0.283388618844859	undirected	NA	NA
3790	9964	0.251584233710636	undirected	NA	NA
3790	10063	0.283513438263183	undirected	NA	NA
3790	10520	0.280267643689201	undirected	NA	NA
3790	10794	0.104910121985362	undirected	NA	NA
3790	11097	0.17355675868827	undirected	NA	NA
3790	11344	0.133080462944969	undirected	NA	NA
3790	11671	0.162925637335514	undirected	NA	NA
3790	12169	0.301660773793128	undirected	NA	NA
3790	12565	0.127397393526417	undirected	NA	NA
3790	12840	0.269373621106842	undirected	NA	NA
3790	13343	0.284240787289658	undirected	NA	NA
3790	13985	0.254405936540063	undirected	NA	NA
3790	14074	0.251645810789726	undirected	NA	NA
3790	14518	0.272476097483833	undirected	NA	NA
3790	15002	0.251236499262112	undirected	NA	NA
3790	15242	0.284359474257873	undirected	NA	NA
3790	15315	0.304440773145518	undirected	NA	NA
3790	15577	0.087666038472085	undirected	NA	NA
4079	4218	0.242769128036383	undirected	NA	NA
4079	4237	0.295854736217347	undirected	NA	NA
4079	4333	0.318465899646879	undirected	NA	NA
4079	4855	0.269638766538528	undirected	NA	NA
4079	4932	0.239538750191244	undirected	NA	NA
4079	5099	0.0630834739442375	undirected	NA	NA
4079	5198	0.247143726107138	undirected	NA	NA
4079	5238	0.225776244987984	undirected	NA	NA
4079	5539	0.269753560441422	undirected	NA	NA
4079	5848	0.215238803694522	undirected	NA	NA
4079	5898	0.252001653472316	undirected	NA	NA
4079	5937	0.256983075359695	undirected	NA	NA
4079	6087	0.251428653919355	undirected	NA	NA
4079	6586	0.281505436407693	undirected	NA	NA
4079	6680	0.288686752170457	undirected	NA	NA
4079	6733	0.0511315829187311	undirected	NA	NA
4079	6887	0.221292590496321	undirected	NA	NA
4079	6959	0.309919888352748	undirected	NA	NA
4079	7529	0.314547423048692	undirected	NA	NA
4079	7727	0.295977267657057	undirected	NA	NA
4079	8019	0.285384915730812	undirected	NA	NA
4079	8254	0.230416618008602	undirected	NA	NA
4079	8255	0.270474788858921	undirected	NA	NA
4079	8778	0.16927958929629	undirected	NA	NA
4079	9180	0.266961384209023	undirected	NA	NA
4079	9503	0.291798178883607	undirected	NA	NA
4079	9529	0.226553544538593	undirected	NA	NA
4079	9552	0.264116267852519	undirected	NA	NA
4079	9783	0.159123710552984	undirected	NA	NA
4079	9895	0.30199499477116	undirected	NA	NA
4079	9964	0.201540338450882	undirected	NA	NA
4079	10063	0.203343566669882	undirected	NA	NA
4079	10520	0.331265644006328	undirected	NA	NA
4079	10794	0.190642934596405	undirected	NA	NA
4079	11097	0.274461429885466	undirected	NA	NA
4079	11344	0.229302207210531	undirected	NA	NA
4079	11671	0.258115744390094	undirected	NA	NA
4079	12169	0.293035841833648	undirected	NA	NA
4079	12565	0.305663664939831	undirected	NA	NA
4079	12840	0.274141629319923	undirected	NA	NA
4079	13343	0.299045887006164	undirected	NA	NA
4079	13985	0.141252920146968	undirected	NA	NA
4079	14074	0.292273290497781	undirected	NA	NA
4079	14518	0.25188811410858	undirected	NA	NA
4079	15002	0.278715064377309	undirected	NA	NA
4079	15242	0.263698011139122	undirected	NA	NA
4079	15315	0.146590505642403	undirected	NA	NA
4079	15577	0.243349694617925	undirected	NA	NA
4218	4237	0.291415455370324	undirected	NA	NA
4218	4333	0.319369715163233	undirected	NA	NA
4218	4855	0.298064633711253	undirected	NA	NA
4218	4932	0.277827321788178	undirected	NA	NA
4218	5099	0.0400399587299467	undirected	NA	NA
4218	5198	0.194734135143399	undirected	NA	NA
4218	5238	0.179271746894556	undirected	NA	NA
4218	5539	0.351771600769443	undirected	NA	NA
4218	5848	0.302645535241653	undirected	NA	NA
4218	5898	0.206723124311071	undirected	NA	NA
4218	5937	0.324357828126464	undirected	NA	NA
4218	6087	0.334977778560571	undirected	NA	NA
4218	6586	0.279257434123806	undirected	NA	NA
4218	6680	0.215539670875996	undirected	NA	NA
4218	6733	0.0386100937749853	undirected	NA	NA
4218	6887	0.251992058558447	undirected	NA	NA
4218	6959	0.295199975317712	undirected	NA	NA
4218	7529	0.265525286577814	undirected	NA	NA
4218	7727	0.231598347724302	undirected	NA	NA
4218	8019	0.207878277304794	undirected	NA	NA
4218	8254	0.301624796021308	undirected	NA	NA
4218	8255	0.213411800727102	undirected	NA	NA
4218	8778	0.222986652349308	undirected	NA	NA
4218	9180	0.241102764627653	undirected	NA	NA
4218	9503	0.326922445910094	undirected	NA	NA
4218	9529	0.315802438254467	undirected	NA	NA
4218	9552	0.30314294610496	undirected	NA	NA
4218	9783	0.33923079374729	undirected	NA	NA
4218	9895	0.305943314766743	undirected	NA	NA
4218	9964	0.327283648564173	undirected	NA	NA
4218	10063	0.337854134163532	undirected	NA	NA
4218	10520	0.328354538182442	undirected	NA	NA
4218	10794	0.135676643847575	undirected	NA	NA
4218	11097	0.229970036188635	undirected	NA	NA
4218	11344	0.244893251465074	undirected	NA	NA
4218	11671	0.266920886238198	undirected	NA	NA
4218	12169	0.332436121763588	undirected	NA	NA
4218	12565	0.194675841264309	undirected	NA	NA
4218	12840	0.350544443705802	undirected	NA	NA
4218	13343	0.310880527647019	undirected	NA	NA
4218	13985	0.313970355205922	undirected	NA	NA
4218	14074	0.312895544748099	undirected	NA	NA
4218	14518	0.336746918896904	undirected	NA	NA
4218	15002	0.278132143098528	undirected	NA	NA
4218	15242	0.349030183498389	undirected	NA	NA
4218	15315	0.27881553001732	undirected	NA	NA
4218	15577	0.125760162863917	undirected	NA	NA
4237	4333	0.347300381295998	undirected	NA	NA
4237	4855	0.197100272798527	undirected	NA	NA
4237	4932	0.186156259400164	undirected	NA	NA
4237	5099	0.112481193256923	undirected	NA	NA
4237	5198	0.273305473880114	undirected	NA	NA
4237	5238	0.279534519704905	undirected	NA	NA
4237	5539	0.337210748044486	undirected	NA	NA
4237	5848	0.233288064538622	undirected	NA	NA
4237	5898	0.24796221094594	undirected	NA	NA
4237	5937	0.257620684103042	undirected	NA	NA
4237	6087	0.250600013804303	undirected	NA	NA
4237	6586	0.193505407262509	undirected	NA	NA
4237	6680	0.144096996371659	undirected	NA	NA
4237	6733	0.0515966053741333	undirected	NA	NA
4237	6887	0.141342035979462	undirected	NA	NA
4237	6959	0.248434565030423	undirected	NA	NA
4237	7529	0.255132628463633	undirected	NA	NA
4237	7727	0.305461785919591	undirected	NA	NA
4237	8019	0.143215344828615	undirected	NA	NA
4237	8254	0.19161244093054	undirected	NA	NA
4237	8255	0.291209182881686	undirected	NA	NA
4237	8778	0.243227007804839	undirected	NA	NA
4237	9180	0.14399275639924	undirected	NA	NA
4237	9503	0.290741703700092	undirected	NA	NA
4237	9529	0.239834304095032	undirected	NA	NA
4237	9552	0.278860728130508	undirected	NA	NA
4237	9783	0.210518073090797	undirected	NA	NA
4237	9895	0.299523656151336	undirected	NA	NA
4237	9964	0.269950714750159	undirected	NA	NA
4237	10063	0.276030322561727	undirected	NA	NA
4237	10520	0.322064112547352	undirected	NA	NA
4237	10794	0.204787382933772	undirected	NA	NA
4237	11097	0.263029960626039	undirected	NA	NA
4237	11344	0.212832946174294	undirected	NA	NA
4237	11671	0.316586635464541	undirected	NA	NA
4237	12169	0.321438453293841	undirected	NA	NA
4237	12565	0.270851431247095	undirected	NA	NA
4237	12840	0.295317800308045	undirected	NA	NA
4237	13343	0.316476771351071	undirected	NA	NA
4237	13985	0.224572866100193	undirected	NA	NA
4237	14074	0.250331645131194	undirected	NA	NA
4237	14518	0.326344491811565	undirected	NA	NA
4237	15002	0.227128152768165	undirected	NA	NA
4237	15242	0.308300183606106	undirected	NA	NA
4237	15315	0.180963884985723	undirected	NA	NA
4237	15577	0.246943875913688	undirected	NA	NA
4333	4855	0.26149615146489	undirected	NA	NA
4333	4932	0.229667313834142	undirected	NA	NA
4333	5099	0.0983862206623495	undirected	NA	NA
4333	5198	0.312531090276117	undirected	NA	NA
4333	5238	0.286644160631115	undirected	NA	NA
4333	5539	0.342240387096973	undirected	NA	NA
4333	5848	0.281532762123497	undirected	NA	NA
4333	5898	0.283696289405	undirected	NA	NA
4333	5937	0.301089367614546	undirected	NA	NA
4333	6087	0.28652752519492	undirected	NA	NA
4333	6586	0.265320787315894	undirected	NA	NA
4333	6680	0.227581856232925	undirected	NA	NA
4333	6733	0.0588546057472258	undirected	NA	NA
4333	6887	0.181927627695762	undirected	NA	NA
4333	6959	0.293849785807418	undirected	NA	NA
4333	7529	0.289808403159648	undirected	NA	NA
4333	7727	0.335533368362141	undirected	NA	NA
4333	8019	0.213502762710026	undirected	NA	NA
4333	8254	0.260016023058653	undirected	NA	NA
4333	8255	0.287203787393821	undirected	NA	NA
4333	8778	0.241488479995621	undirected	NA	NA
4333	9180	0.228917106574537	undirected	NA	NA
4333	9503	0.313701865135014	undirected	NA	NA
4333	9529	0.274627735105774	undirected	NA	NA
4333	9552	0.298729264242611	undirected	NA	NA
4333	9783	0.233392038292375	undirected	NA	NA
4333	9895	0.327605095012081	undirected	NA	NA
4333	9964	0.261739856221526	undirected	NA	NA
4333	10063	0.291143730977055	undirected	NA	NA
4333	10520	0.359030067207889	undirected	NA	NA
4333	10794	0.212369385831524	undirected	NA	NA
4333	11097	0.318896602081696	undirected	NA	NA
4333	11344	0.275796312103748	undirected	NA	NA
4333	11671	0.342866290522316	undirected	NA	NA
4333	12169	0.342149539197027	undirected	NA	NA
4333	12565	0.31731490784192	undirected	NA	NA
4333	12840	0.327407673178175	undirected	NA	NA
4333	13343	0.33281085439604	undirected	NA	NA
4333	13985	0.214480940596755	undirected	NA	NA
4333	14074	0.297124413069545	undirected	NA	NA
4333	14518	0.321163921252277	undirected	NA	NA
4333	15002	0.261113000292222	undirected	NA	NA
4333	15242	0.337280680963399	undirected	NA	NA
4333	15315	0.196762766651559	undirected	NA	NA
4333	15577	0.234988405662399	undirected	NA	NA
4855	4932	0.258571645759464	undirected	NA	NA
4855	5099	0.0686872381574446	undirected	NA	NA
4855	5198	0.152201927271158	undirected	NA	NA
4855	5238	0.107980582184063	undirected	NA	NA
4855	5539	0.251059460381814	undirected	NA	NA
4855	5848	0.142272082759847	undirected	NA	NA
4855	5898	0.121033825701758	undirected	NA	NA
4855	5937	0.289495737903158	undirected	NA	NA
4855	6087	0.325583202133836	undirected	NA	NA
4855	6586	0.284707181849718	undirected	NA	NA
4855	6680	0.283595684793241	undirected	NA	NA
4855	6733	0.0904458137526367	undirected	NA	NA
4855	6887	0.262610478540882	undirected	NA	NA
4855	6959	0.298367076572552	undirected	NA	NA
4855	7529	0.271092202521108	undirected	NA	NA
4855	7727	0.190081206430049	undirected	NA	NA
4855	8019	0.24842207623447	undirected	NA	NA
4855	8254	0.206027187116546	undirected	NA	NA
4855	8255	0.139318402335181	undirected	NA	NA
4855	8778	0.163300399898731	undirected	NA	NA
4855	9180	0.305284431386786	undirected	NA	NA
4855	9503	0.301153548743451	undirected	NA	NA
4855	9529	0.285128185444706	undirected	NA	NA
4855	9552	0.202126179154918	undirected	NA	NA
4855	9783	0.214595928022894	undirected	NA	NA
4855	9895	0.245511291284143	undirected	NA	NA
4855	9964	0.155096637036411	undirected	NA	NA
4855	10063	0.251995952894048	undirected	NA	NA
4855	10520	0.31371236343752	undirected	NA	NA
4855	10794	0.0746645104229993	undirected	NA	NA
4855	11097	0.160701351712676	undirected	NA	NA
4855	11344	0.280878363880279	undirected	NA	NA
4855	11671	0.177733680042823	undirected	NA	NA
4855	12169	0.255511058606683	undirected	NA	NA
4855	12565	0.189863767073411	undirected	NA	NA
4855	12840	0.339753110963597	undirected	NA	NA
4855	13343	0.240862989633118	undirected	NA	NA
4855	13985	0.136944366121423	undirected	NA	NA
4855	14074	0.324010266770966	undirected	NA	NA
4855	14518	0.207783711797698	undirected	NA	NA
4855	15002	0.275561731720737	undirected	NA	NA
4855	15242	0.286914469409142	undirected	NA	NA
4855	15315	0.13814141980072	undirected	NA	NA
4855	15577	0.116715544987336	undirected	NA	NA
4932	5099	0.0129737400963645	undirected	NA	NA
4932	5198	0.108909258106485	undirected	NA	NA
4932	5238	0.0979097449974688	undirected	NA	NA
4932	5539	0.2426564849212	undirected	NA	NA
4932	5848	0.170801868358778	undirected	NA	NA
4932	5898	0.142062236222867	undirected	NA	NA
4932	5937	0.313540632984108	undirected	NA	NA
4932	6087	0.277807048966596	undirected	NA	NA
4932	6586	0.248677343316088	undirected	NA	NA
4932	6680	0.244111081005199	undirected	NA	NA
4932	6733	0.0231617282573793	undirected	NA	NA
4932	6887	0.290321591975459	undirected	NA	NA
4932	6959	0.284148918726116	undirected	NA	NA
4932	7529	0.294299657938935	undirected	NA	NA
4932	7727	0.150179248127557	undirected	NA	NA
4932	8019	0.25772811708091	undirected	NA	NA
4932	8254	0.217024040945751	undirected	NA	NA
4932	8255	0.158568032351281	undirected	NA	NA
4932	8778	0.103949288815924	undirected	NA	NA
4932	9180	0.244578301355089	undirected	NA	NA
4932	9503	0.285282599053949	undirected	NA	NA
4932	9529	0.211896107081253	undirected	NA	NA
4932	9552	0.245766175534349	undirected	NA	NA
4932	9783	0.245665620925077	undirected	NA	NA
4932	9895	0.270126146291666	undirected	NA	NA
4932	9964	0.186164431643739	undirected	NA	NA
4932	10063	0.225858726849159	undirected	NA	NA
4932	10520	0.285881173459907	undirected	NA	NA
4932	10794	0.0910090935453044	undirected	NA	NA
4932	11097	0.150969210624481	undirected	NA	NA
4932	11344	0.147560005122191	undirected	NA	NA
4932	11671	0.138592360328458	undirected	NA	NA
4932	12169	0.264603370617554	undirected	NA	NA
4932	12565	0.143007193582449	undirected	NA	NA
4932	12840	0.264627248199632	undirected	NA	NA
4932	13343	0.264765015983786	undirected	NA	NA
4932	13985	0.155598300534776	undirected	NA	NA
4932	14074	0.275542014241673	undirected	NA	NA
4932	14518	0.222415965003927	undirected	NA	NA
4932	15002	0.302252460951467	undirected	NA	NA
4932	15242	0.23930184136488	undirected	NA	NA
4932	15315	0.189957981932611	undirected	NA	NA
4932	15577	0.0992624054474105	undirected	NA	NA
5099	5198	0.0990651810922644	undirected	NA	NA
5099	5238	0.0750621630834806	undirected	NA	NA
5099	5539	0.0557152192282077	undirected	NA	NA
5099	5848	0.0393314824383029	undirected	NA	NA
5099	5898	0.0491300124402702	undirected	NA	NA
5099	5937	0.021650807716398	undirected	NA	NA
5099	6087	0.0430756979031677	undirected	NA	NA
5099	6586	0.0759041448671388	undirected	NA	NA
5099	6680	0.0338483289284039	undirected	NA	NA
5099	6733	0.108787968830082	undirected	NA	NA
5099	6887	0.019968604223338	undirected	NA	NA
5099	6959	0.0416092977692508	undirected	NA	NA
5099	7529	0.0281336083802514	undirected	NA	NA
5099	7727	0.140836389336231	undirected	NA	NA
5099	8019	0.0271102761284363	undirected	NA	NA
5099	8254	0.0346332404844842	undirected	NA	NA
5099	8255	0.0636818478241325	undirected	NA	NA
5099	8778	0.125083515415102	undirected	NA	NA
5099	9180	0.0402664262776234	undirected	NA	NA
5099	9503	0.0575690704837955	undirected	NA	NA
5099	9529	0.074769286594934	undirected	NA	NA
5099	9552	0.0293916513659042	undirected	NA	NA
5099	9783	0.018852441029056	undirected	NA	NA
5099	9895	0.0320766841945413	undirected	NA	NA
5099	9964	0.0549531456247263	undirected	NA	NA
5099	10063	0.0439408383181944	undirected	NA	NA
5099	10520	0.0479111850863352	undirected	NA	NA
5099	10794	0.044503289344428	undirected	NA	NA
5099	11097	0.0619363449714665	undirected	NA	NA
5099	11344	0.14828158509739	undirected	NA	NA
5099	11671	0.124876226466078	undirected	NA	NA
5099	12169	0.0348385072181897	undirected	NA	NA
5099	12565	0.128976787285265	undirected	NA	NA
5099	12840	0.0716776406139329	undirected	NA	NA
5099	13343	0.0330309510589753	undirected	NA	NA
5099	13985	0.0374045729886587	undirected	NA	NA
5099	14074	0.0530535901645351	undirected	NA	NA
5099	14518	0.0545864739328903	undirected	NA	NA
5099	15002	0.0268958980236998	undirected	NA	NA
5099	15242	0.0569834310821412	undirected	NA	NA
5099	15315	0.0105264542227948	undirected	NA	NA
5099	15577	0.0928451374871895	undirected	NA	NA
5198	5238	0.23351493592093	undirected	NA	NA
5198	5539	0.251123210129085	undirected	NA	NA
5198	5848	0.234836802170975	undirected	NA	NA
5198	5898	0.27259421228118	undirected	NA	NA
5198	5937	0.176559123631752	undirected	NA	NA
5198	6087	0.151608313951983	undirected	NA	NA
5198	6586	0.128840989308611	undirected	NA	NA
5198	6680	0.108045726758644	undirected	NA	NA
5198	6733	0.0289456565300858	undirected	NA	NA
5198	6887	0.0858491515327347	undirected	NA	NA
5198	6959	0.210253220398432	undirected	NA	NA
5198	7529	0.16404586771198	undirected	NA	NA
5198	7727	0.24971823482626	undirected	NA	NA
5198	8019	0.106701358056801	undirected	NA	NA
5198	8254	0.207366411492277	undirected	NA	NA
5198	8255	0.280342360769534	undirected	NA	NA
5198	8778	0.127309842009398	undirected	NA	NA
5198	9180	0.104884005284417	undirected	NA	NA
5198	9503	0.187884470665711	undirected	NA	NA
5198	9529	0.237104621776401	undirected	NA	NA
5198	9552	0.245323161665046	undirected	NA	NA
5198	9783	0.13541696866134	undirected	NA	NA
5198	9895	0.242657362680546	undirected	NA	NA
5198	9964	0.200004919693103	undirected	NA	NA
5198	10063	0.190726044016466	undirected	NA	NA
5198	10520	0.255609837022081	undirected	NA	NA
5198	10794	0.205705479751763	undirected	NA	NA
5198	11097	0.288494767259532	undirected	NA	NA
5198	11344	0.159953574562328	undirected	NA	NA
5198	11671	0.246456147437818	undirected	NA	NA
5198	12169	0.23713648553879	undirected	NA	NA
5198	12565	0.316406419343087	undirected	NA	NA
5198	12840	0.213709996802333	undirected	NA	NA
5198	13343	0.225414843552213	undirected	NA	NA
5198	13985	0.171912277082407	undirected	NA	NA
5198	14074	0.21488451908846	undirected	NA	NA
5198	14518	0.264676472342533	undirected	NA	NA
5198	15002	0.130114195065568	undirected	NA	NA
5198	15242	0.270745265436819	undirected	NA	NA
5198	15315	0.134219696426721	undirected	NA	NA
5198	15577	0.280300213140366	undirected	NA	NA
5238	5539	0.255363122108331	undirected	NA	NA
5238	5848	0.22728872263504	undirected	NA	NA
5238	5898	0.288474938256538	undirected	NA	NA
5238	5937	0.157663561623101	undirected	NA	NA
5238	6087	0.132815446299556	undirected	NA	NA
5238	6586	0.105051964043911	undirected	NA	NA
5238	6680	0.0706973026145975	undirected	NA	NA
5238	6733	0.0183057589616302	undirected	NA	NA
5238	6887	0.0654291862490289	undirected	NA	NA
5238	6959	0.164816452891626	undirected	NA	NA
5238	7529	0.15994900224263	undirected	NA	NA
5238	7727	0.25023500194278	undirected	NA	NA
5238	8019	0.079008528461395	undirected	NA	NA
5238	8254	0.148056014189195	undirected	NA	NA
5238	8255	0.31310409402832	undirected	NA	NA
5238	8778	0.136173802352246	undirected	NA	NA
5238	9180	0.0642272265315102	undirected	NA	NA
5238	9503	0.17944838475416	undirected	NA	NA
5238	9529	0.162410116317941	undirected	NA	NA
5238	9552	0.237221828671439	undirected	NA	NA
5238	9783	0.127924725858718	undirected	NA	NA
5238	9895	0.232627976831136	undirected	NA	NA
5238	9964	0.227486423358204	undirected	NA	NA
5238	10063	0.179503358529618	undirected	NA	NA
5238	10520	0.226544625860327	undirected	NA	NA
5238	10794	0.260453594729044	undirected	NA	NA
5238	11097	0.247235743598404	undirected	NA	NA
5238	11344	0.102875198349604	undirected	NA	NA
5238	11671	0.239422671225938	undirected	NA	NA
5238	12169	0.239345653335042	undirected	NA	NA
5238	12565	0.271674511095105	undirected	NA	NA
5238	12840	0.178940377958722	undirected	NA	NA
5238	13343	0.238939300737501	undirected	NA	NA
5238	13985	0.184505082451926	undirected	NA	NA
5238	14074	0.158757143606561	undirected	NA	NA
5238	14518	0.276942101004104	undirected	NA	NA
5238	15002	0.125333832251402	undirected	NA	NA
5238	15242	0.225473820488822	undirected	NA	NA
5238	15315	0.138722945073744	undirected	NA	NA
5238	15577	0.288167683531014	undirected	NA	NA
5539	5848	0.3166535594254	undirected	NA	NA
5539	5898	0.271775261054451	undirected	NA	NA
5539	5937	0.328938745909762	undirected	NA	NA
5539	6087	0.290407204729229	undirected	NA	NA
5539	6586	0.25490285625416	undirected	NA	NA
5539	6680	0.194817509795166	undirected	NA	NA
5539	6733	0.0372943862544382	undirected	NA	NA
5539	6887	0.196328963420491	undirected	NA	NA
5539	6959	0.279523747797468	undirected	NA	NA
5539	7529	0.266307240096131	undirected	NA	NA
5539	7727	0.289751660016179	undirected	NA	NA
5539	8019	0.194413843928803	undirected	NA	NA
5539	8254	0.268834954437184	undirected	NA	NA
5539	8255	0.277207559699449	undirected	NA	NA
5539	8778	0.236374605633394	undirected	NA	NA
5539	9180	0.200307592646544	undirected	NA	NA
5539	9503	0.304766911918349	undirected	NA	NA
5539	9529	0.266119705902937	undirected	NA	NA
5539	9552	0.311867172031325	undirected	NA	NA
5539	9783	0.305558765364716	undirected	NA	NA
5539	9895	0.308547068351762	undirected	NA	NA
5539	9964	0.325588579057008	undirected	NA	NA
5539	10063	0.327649170718166	undirected	NA	NA
5539	10520	0.319389927717396	undirected	NA	NA
5539	10794	0.201327976667663	undirected	NA	NA
5539	11097	0.283069590097101	undirected	NA	NA
5539	11344	0.224210065275107	undirected	NA	NA
5539	11671	0.316999802923856	undirected	NA	NA
5539	12169	0.342729964379652	undirected	NA	NA
5539	12565	0.249159310474822	undirected	NA	NA
5539	12840	0.301100705543427	undirected	NA	NA
5539	13343	0.33008149943261	undirected	NA	NA
5539	13985	0.278041549122813	undirected	NA	NA
5539	14074	0.279525351654687	undirected	NA	NA
5539	14518	0.344801089250404	undirected	NA	NA
5539	15002	0.251153759058346	undirected	NA	NA
5539	15242	0.311833415446776	undirected	NA	NA
5539	15315	0.24467662592967	undirected	NA	NA
5539	15577	0.184421159705883	undirected	NA	NA
5848	5898	0.233067793608017	undirected	NA	NA
5848	5937	0.282012179538951	undirected	NA	NA
5848	6087	0.210108504375705	undirected	NA	NA
5848	6586	0.119431582685843	undirected	NA	NA
5848	6680	0.0961960712226446	undirected	NA	NA
5848	6733	0.0163005552978698	undirected	NA	NA
5848	6887	0.104898597433662	undirected	NA	NA
5848	6959	0.210892948812576	undirected	NA	NA
5848	7529	0.198106315790102	undirected	NA	NA
5848	7727	0.196899385225529	undirected	NA	NA
5848	8019	0.0971141859679184	undirected	NA	NA
5848	8254	0.215642668324311	undirected	NA	NA
5848	8255	0.243570823434909	undirected	NA	NA
5848	8778	0.137905306412284	undirected	NA	NA
5848	9180	0.0989255202362622	undirected	NA	NA
5848	9503	0.218606523971188	undirected	NA	NA
5848	9529	0.229129261589528	undirected	NA	NA
5848	9552	0.296005292810768	undirected	NA	NA
5848	9783	0.279560506829877	undirected	NA	NA
5848	9895	0.292145457917509	undirected	NA	NA
5848	9964	0.260877819601244	undirected	NA	NA
5848	10063	0.299981520362454	undirected	NA	NA
5848	10520	0.285534925820906	undirected	NA	NA
5848	10794	0.173721402655905	undirected	NA	NA
5848	11097	0.250885497564298	undirected	NA	NA
5848	11344	0.13853037062493	undirected	NA	NA
5848	11671	0.241922248084261	undirected	NA	NA
5848	12169	0.318089869848499	undirected	NA	NA
5848	12565	0.190943870696869	undirected	NA	NA
5848	12840	0.246440250236838	undirected	NA	NA
5848	13343	0.297460559805548	undirected	NA	NA
5848	13985	0.263275498472079	undirected	NA	NA
5848	14074	0.212158145432527	undirected	NA	NA
5848	14518	0.31601597719892	undirected	NA	NA
5848	15002	0.168968547628166	undirected	NA	NA
5848	15242	0.312276489137502	undirected	NA	NA
5848	15315	0.259062081087043	undirected	NA	NA
5848	15577	0.170507475135345	undirected	NA	NA
5898	5937	0.206543492085332	undirected	NA	NA
5898	6087	0.157856154831349	undirected	NA	NA
5898	6586	0.112775033603153	undirected	NA	NA
5898	6680	0.0984675276230522	undirected	NA	NA
5898	6733	0.0152874871433397	undirected	NA	NA
5898	6887	0.0909606056598801	undirected	NA	NA
5898	6959	0.204378376227871	undirected	NA	NA
5898	7529	0.206218787080215	undirected	NA	NA
5898	7727	0.236491341090495	undirected	NA	NA
5898	8019	0.10457892439005	undirected	NA	NA
5898	8254	0.1757981206113	undirected	NA	NA
5898	8255	0.302043921567695	undirected	NA	NA
5898	8778	0.125597816922843	undirected	NA	NA
5898	9180	0.0894518810492744	undirected	NA	NA
5898	9503	0.200874756684425	undirected	NA	NA
5898	9529	0.175417945562264	undirected	NA	NA
5898	9552	0.284466853760982	undirected	NA	NA
5898	9783	0.154611011253183	undirected	NA	NA
5898	9895	0.284740499786357	undirected	NA	NA
5898	9964	0.218292601980157	undirected	NA	NA
5898	10063	0.195430791578258	undirected	NA	NA
5898	10520	0.268656091931285	undirected	NA	NA
5898	10794	0.242864440944957	undirected	NA	NA
5898	11097	0.282583264314927	undirected	NA	NA
5898	11344	0.118189004464339	undirected	NA	NA
5898	11671	0.253236691431872	undirected	NA	NA
5898	12169	0.282017951912942	undirected	NA	NA
5898	12565	0.241951834175264	undirected	NA	NA
5898	12840	0.196586601158597	undirected	NA	NA
5898	13343	0.282413809285322	undirected	NA	NA
5898	13985	0.182969151481989	undirected	NA	NA
5898	14074	0.189453193649199	undirected	NA	NA
5898	14518	0.286439896742736	undirected	NA	NA
5898	15002	0.161487637811616	undirected	NA	NA
5898	15242	0.251283700240562	undirected	NA	NA
5898	15315	0.177804621825141	undirected	NA	NA
5898	15577	0.256821966168835	undirected	NA	NA
5937	6087	0.323864463874194	undirected	NA	NA
5937	6586	0.264489954126046	undirected	NA	NA
5937	6680	0.236193784592787	undirected	NA	NA
5937	6733	0.0252407985274781	undirected	NA	NA
5937	6887	0.2766655320197	undirected	NA	NA
5937	6959	0.317578563515155	undirected	NA	NA
5937	7529	0.292434316700509	undirected	NA	NA
5937	7727	0.201496738815086	undirected	NA	NA
5937	8019	0.2356325888929	undirected	NA	NA
5937	8254	0.307461991081076	undirected	NA	NA
5937	8255	0.210202796121613	undirected	NA	NA
5937	8778	0.155067174041751	undirected	NA	NA
5937	9180	0.251606415994775	undirected	NA	NA
5937	9503	0.318804620825839	undirected	NA	NA
5937	9529	0.294974385449474	undirected	NA	NA
5937	9552	0.321419125302029	undirected	NA	NA
5937	9783	0.319099176833987	undirected	NA	NA
5937	9895	0.327434544721227	undirected	NA	NA
5937	9964	0.281604619827752	undirected	NA	NA
5937	10063	0.300514355711226	undirected	NA	NA
5937	10520	0.339775260920963	undirected	NA	NA
5937	10794	0.131158273095183	undirected	NA	NA
5937	11097	0.227684158606876	undirected	NA	NA
5937	11344	0.200050566928264	undirected	NA	NA
5937	11671	0.219303028334875	undirected	NA	NA
5937	12169	0.336416278757565	undirected	NA	NA
5937	12565	0.185727135655575	undirected	NA	NA
5937	12840	0.329119692696127	undirected	NA	NA
5937	13343	0.319859617508968	undirected	NA	NA
5937	13985	0.264687685919046	undirected	NA	NA
5937	14074	0.321913529577012	undirected	NA	NA
5937	14518	0.31481220585877	undirected	NA	NA
5937	15002	0.296873058846191	undirected	NA	NA
5937	15242	0.334786801991216	undirected	NA	NA
5937	15315	0.284716603674143	undirected	NA	NA
5937	15577	0.124793012628059	undirected	NA	NA
6087	6586	0.317660791343191	undirected	NA	NA
6087	6680	0.262585519020318	undirected	NA	NA
6087	6733	0.0580569189060186	undirected	NA	NA
6087	6887	0.29330351407527	undirected	NA	NA
6087	6959	0.297715633830858	undirected	NA	NA
6087	7529	0.27761340957773	undirected	NA	NA
6087	7727	0.211789787048854	undirected	NA	NA
6087	8019	0.253719520099097	undirected	NA	NA
6087	8254	0.249293096834144	undirected	NA	NA
6087	8255	0.177251518296088	undirected	NA	NA
6087	8778	0.199854255853477	undirected	NA	NA
6087	9180	0.286546575667876	undirected	NA	NA
6087	9503	0.328962446498785	undirected	NA	NA
6087	9529	0.280632654820575	undirected	NA	NA
6087	9552	0.246788348970093	undirected	NA	NA
6087	9783	0.288366030314407	undirected	NA	NA
6087	9895	0.267772191065068	undirected	NA	NA
6087	9964	0.24469147566205	undirected	NA	NA
6087	10063	0.29048869319212	undirected	NA	NA
6087	10520	0.306722265298623	undirected	NA	NA
6087	10794	0.102119826605326	undirected	NA	NA
6087	11097	0.179685344721393	undirected	NA	NA
6087	11344	0.249082349208243	undirected	NA	NA
6087	11671	0.212241551010643	undirected	NA	NA
6087	12169	0.27981987060303	undirected	NA	NA
6087	12565	0.182847976227971	undirected	NA	NA
6087	12840	0.332473874172945	undirected	NA	NA
6087	13343	0.26980677243912	undirected	NA	NA
6087	13985	0.210604975372644	undirected	NA	NA
6087	14074	0.313552582867874	undirected	NA	NA
6087	14518	0.265855414665006	undirected	NA	NA
6087	15002	0.299700435835384	undirected	NA	NA
6087	15242	0.29028850127065	undirected	NA	NA
6087	15315	0.190558619145634	undirected	NA	NA
6087	15577	0.114499935702377	undirected	NA	NA
6586	6680	0.231655809593156	undirected	NA	NA
6586	6733	0.100875701643388	undirected	NA	NA
6586	6887	0.252031077595623	undirected	NA	NA
6586	6959	0.279759809358488	undirected	NA	NA
6586	7529	0.285847096676885	undirected	NA	NA
6586	7727	0.186174447473658	undirected	NA	NA
6586	8019	0.230170054401037	undirected	NA	NA
6586	8254	0.166719843065837	undirected	NA	NA
6586	8255	0.153706723356193	undirected	NA	NA
6586	8778	0.167876716403299	undirected	NA	NA
6586	9180	0.241729705097993	undirected	NA	NA
6586	9503	0.316590505470111	undirected	NA	NA
6586	9529	0.246111872240662	undirected	NA	NA
6586	9552	0.196083510378384	undirected	NA	NA
6586	9783	0.188635810214139	undirected	NA	NA
6586	9895	0.242263374930974	undirected	NA	NA
6586	9964	0.163889132411538	undirected	NA	NA
6586	10063	0.23544019350249	undirected	NA	NA
6586	10520	0.305652085822597	undirected	NA	NA
6586	10794	0.0757557285766227	undirected	NA	NA
6586	11097	0.134080599733837	undirected	NA	NA
6586	11344	0.23302105893626	undirected	NA	NA
6586	11671	0.164471072202379	undirected	NA	NA
6586	12169	0.255775622003262	undirected	NA	NA
6586	12565	0.180867446090986	undirected	NA	NA
6586	12840	0.326889425956704	undirected	NA	NA
6586	13343	0.250408981169678	undirected	NA	NA
6586	13985	0.133112603823233	undirected	NA	NA
6586	14074	0.296364455907958	undirected	NA	NA
6586	14518	0.212270350876793	undirected	NA	NA
6586	15002	0.291969227218199	undirected	NA	NA
6586	15242	0.262077858249313	undirected	NA	NA
6586	15315	0.125814954798635	undirected	NA	NA
6586	15577	0.132364859768706	undirected	NA	NA
6680	6733	0.055642330555224	undirected	NA	NA
6680	6887	0.27248008143819	undirected	NA	NA
6680	6959	0.310628298819882	undirected	NA	NA
6680	7529	0.276131059967093	undirected	NA	NA
6680	7727	0.130301064056071	undirected	NA	NA
6680	8019	0.2851305801466	undirected	NA	NA
6680	8254	0.17843152439887	undirected	NA	NA
6680	8255	0.127130384228215	undirected	NA	NA
6680	8778	0.0819055115548214	undirected	NA	NA
6680	9180	0.26914005582354	undirected	NA	NA
6680	9503	0.262692780829614	undirected	NA	NA
6680	9529	0.238906735760224	undirected	NA	NA
6680	9552	0.184044113003524	undirected	NA	NA
6680	9783	0.138796895081675	undirected	NA	NA
6680	9895	0.230520470225241	undirected	NA	NA
6680	9964	0.107085638117129	undirected	NA	NA
6680	10063	0.169625806731314	undirected	NA	NA
6680	10520	0.29329209195627	undirected	NA	NA
6680	10794	0.0572939837269589	undirected	NA	NA
6680	11097	0.121702865292503	undirected	NA	NA
6680	11344	0.184812635646793	undirected	NA	NA
6680	11671	0.106685284274562	undirected	NA	NA
6680	12169	0.215000543497033	undirected	NA	NA
6680	12565	0.173633313265934	undirected	NA	NA
6680	12840	0.277812743812353	undirected	NA	NA
6680	13343	0.209428390893098	undirected	NA	NA
6680	13985	0.0865643161438402	undirected	NA	NA
6680	14074	0.317454513664587	undirected	NA	NA
6680	14518	0.162052487621842	undirected	NA	NA
6680	15002	0.265366418115119	undirected	NA	NA
6680	15242	0.233423847670101	undirected	NA	NA
6680	15315	0.101682270115604	undirected	NA	NA
6680	15577	0.123272973025906	undirected	NA	NA
6733	6887	0.0458009381491701	undirected	NA	NA
6733	6959	0.044685361758979	undirected	NA	NA
6733	7529	0.035211901509871	undirected	NA	NA
6733	7727	0.0611764576467237	undirected	NA	NA
6733	8019	0.0485137833128722	undirected	NA	NA
6733	8254	0.0254359317838777	undirected	NA	NA
6733	8255	0.0228967325765879	undirected	NA	NA
6733	8778	0.0719322436696221	undirected	NA	NA
6733	9180	0.0652944226095235	undirected	NA	NA
6733	9503	0.0624546686496748	undirected	NA	NA
6733	9529	0.0610494328397329	undirected	NA	NA
6733	9552	0.018792326019458	undirected	NA	NA
6733	9783	0.0185583616654661	undirected	NA	NA
6733	9895	0.0247301316663511	undirected	NA	NA
6733	9964	0.0267745495754173	undirected	NA	NA
6733	10063	0.0357972972837148	undirected	NA	NA
6733	10520	0.043289716814562	undirected	NA	NA
6733	10794	0.0105415229295076	undirected	NA	NA
6733	11097	0.0214252296772066	undirected	NA	NA
6733	11344	0.115101366548166	undirected	NA	NA
6733	11671	0.0466170455509664	undirected	NA	NA
6733	12169	0.0268262363452885	undirected	NA	NA
6733	12565	0.0542871050737894	undirected	NA	NA
6733	12840	0.0739944939792921	undirected	NA	NA
6733	13343	0.0250480545064398	undirected	NA	NA
6733	13985	0.0194259933682712	undirected	NA	NA
6733	14074	0.0575786874586906	undirected	NA	NA
6733	14518	0.0295511400921499	undirected	NA	NA
6733	15002	0.0420682811487404	undirected	NA	NA
6733	15242	0.042988524787518	undirected	NA	NA
6733	15315	0.00821249230011784	undirected	NA	NA
6733	15577	0.0295286485341636	undirected	NA	NA
6887	6959	0.251427712684424	undirected	NA	NA
6887	7529	0.273327281733253	undirected	NA	NA
6887	7727	0.125951446556764	undirected	NA	NA
6887	8019	0.264721496805341	undirected	NA	NA
6887	8254	0.167367894586206	undirected	NA	NA
6887	8255	0.106624333987178	undirected	NA	NA
6887	8778	0.0924442974295425	undirected	NA	NA
6887	9180	0.278047381071425	undirected	NA	NA
6887	9503	0.259882040119799	undirected	NA	NA
6887	9529	0.191225304241531	undirected	NA	NA
6887	9552	0.16934601882749	undirected	NA	NA
6887	9783	0.192959749782088	undirected	NA	NA
6887	9895	0.215869954651652	undirected	NA	NA
6887	9964	0.116364104541375	undirected	NA	NA
6887	10063	0.197759249093352	undirected	NA	NA
6887	10520	0.26344242485486	undirected	NA	NA
6887	10794	0.055021061530436	undirected	NA	NA
6887	11097	0.109612847692731	undirected	NA	NA
6887	11344	0.168435828577798	undirected	NA	NA
6887	11671	0.10590734420287	undirected	NA	NA
6887	12169	0.222850098606995	undirected	NA	NA
6887	12565	0.127971340077832	undirected	NA	NA
6887	12840	0.265382280903284	undirected	NA	NA
6887	13343	0.217981640753507	undirected	NA	NA
6887	13985	0.0952369782729019	undirected	NA	NA
6887	14074	0.257339365762065	undirected	NA	NA
6887	14518	0.155135040535575	undirected	NA	NA
6887	15002	0.284475832351797	undirected	NA	NA
6887	15242	0.21176207768722	undirected	NA	NA
6887	15315	0.128902352740625	undirected	NA	NA
6887	15577	0.0789088714878475	undirected	NA	NA
6959	7529	0.314651115853832	undirected	NA	NA
6959	7727	0.229379804511063	undirected	NA	NA
6959	8019	0.291558726720807	undirected	NA	NA
6959	8254	0.26625564974357	undirected	NA	NA
6959	8255	0.210814194937041	undirected	NA	NA
6959	8778	0.140501439934046	undirected	NA	NA
6959	9180	0.30659821696928	undirected	NA	NA
6959	9503	0.300282343785806	undirected	NA	NA
6959	9529	0.264381874738726	undirected	NA	NA
6959	9552	0.269612997934373	undirected	NA	NA
6959	9783	0.217226654239364	undirected	NA	NA
6959	9895	0.312713796246613	undirected	NA	NA
6959	9964	0.188053039499278	undirected	NA	NA
6959	10063	0.246779502833639	undirected	NA	NA
6959	10520	0.353466119938873	undirected	NA	NA
6959	10794	0.132266703804127	undirected	NA	NA
6959	11097	0.245789683051342	undirected	NA	NA
6959	11344	0.239610389774174	undirected	NA	NA
6959	11671	0.215047275524676	undirected	NA	NA
6959	12169	0.30844355431507	undirected	NA	NA
6959	12565	0.247093859339878	undirected	NA	NA
6959	12840	0.313810453728678	undirected	NA	NA
6959	13343	0.299927123932452	undirected	NA	NA
6959	13985	0.14978016653211	undirected	NA	NA
6959	14074	0.32328988504772	undirected	NA	NA
6959	14518	0.246578933558649	undirected	NA	NA
6959	15002	0.290157137365629	undirected	NA	NA
6959	15242	0.303810807969827	undirected	NA	NA
6959	15315	0.178876434397738	undirected	NA	NA
6959	15577	0.169038706530129	undirected	NA	NA
7529	7727	0.228411845466883	undirected	NA	NA
7529	8019	0.294950475523089	undirected	NA	NA
7529	8254	0.219926474844671	undirected	NA	NA
7529	8255	0.232920385109675	undirected	NA	NA
7529	8778	0.14159815656919	undirected	NA	NA
7529	9180	0.257347893351783	undirected	NA	NA
7529	9503	0.316645764134197	undirected	NA	NA
7529	9529	0.213676548437404	undirected	NA	NA
7529	9552	0.276536953867731	undirected	NA	NA
7529	9783	0.195700780215811	undirected	NA	NA
7529	9895	0.302579175419593	undirected	NA	NA
7529	9964	0.212023962219384	undirected	NA	NA
7529	10063	0.216493775301602	undirected	NA	NA
7529	10520	0.316540633609906	undirected	NA	NA
7529	10794	0.150168497208604	undirected	NA	NA
7529	11097	0.209372334200676	undirected	NA	NA
7529	11344	0.178301369863659	undirected	NA	NA
7529	11671	0.197432680031663	undirected	NA	NA
7529	12169	0.297371804880886	undirected	NA	NA
7529	12565	0.219968661733319	undirected	NA	NA
7529	12840	0.268410116585802	undirected	NA	NA
7529	13343	0.306520975809592	undirected	NA	NA
7529	13985	0.154435557562379	undirected	NA	NA
7529	14074	0.292735484942657	undirected	NA	NA
7529	14518	0.257814981621879	undirected	NA	NA
7529	15002	0.320320732337575	undirected	NA	NA
7529	15242	0.245526355366172	undirected	NA	NA
7529	15315	0.169205727557823	undirected	NA	NA
7529	15577	0.172246364312692	undirected	NA	NA
7727	8019	0.141559998947171	undirected	NA	NA
7727	8254	0.166984104283526	undirected	NA	NA
7727	8255	0.288565922384049	undirected	NA	NA
7727	8778	0.222296290590977	undirected	NA	NA
7727	9180	0.123937653050851	undirected	NA	NA
7727	9503	0.263610864747556	undirected	NA	NA
7727	9529	0.218338048584975	undirected	NA	NA
7727	9552	0.238222370414126	undirected	NA	NA
7727	9783	0.150216850462966	undirected	NA	NA
7727	9895	0.258917205907869	undirected	NA	NA
7727	9964	0.231202765200195	undirected	NA	NA
7727	10063	0.217758105965785	undirected	NA	NA
7727	10520	0.287178957344584	undirected	NA	NA
7727	10794	0.197333560265247	undirected	NA	NA
7727	11097	0.223203249061765	undirected	NA	NA
7727	11344	0.197544757524374	undirected	NA	NA
7727	11671	0.277886666887325	undirected	NA	NA
7727	12169	0.269062207256708	undirected	NA	NA
7727	12565	0.302120111026511	undirected	NA	NA
7727	12840	0.262762200882447	undirected	NA	NA
7727	13343	0.268973615133199	undirected	NA	NA
7727	13985	0.178380903470575	undirected	NA	NA
7727	14074	0.23136625997515	undirected	NA	NA
7727	14518	0.284404371772172	undirected	NA	NA
7727	15002	0.199829227506829	undirected	NA	NA
7727	15242	0.266105728690148	undirected	NA	NA
7727	15315	0.13107623336435	undirected	NA	NA
7727	15577	0.281836366596465	undirected	NA	NA
8019	8254	0.155704744943242	undirected	NA	NA
8019	8255	0.131405152172636	undirected	NA	NA
8019	8778	0.0833685238246034	undirected	NA	NA
8019	9180	0.270644293933432	undirected	NA	NA
8019	9503	0.262487345858333	undirected	NA	NA
8019	9529	0.199846140704875	undirected	NA	NA
8019	9552	0.187487676773998	undirected	NA	NA
8019	9783	0.134817134946623	undirected	NA	NA
8019	9895	0.236675777265914	undirected	NA	NA
8019	9964	0.107852987561735	undirected	NA	NA
8019	10063	0.161038323619374	undirected	NA	NA
8019	10520	0.286427919990051	undirected	NA	NA
8019	10794	0.0670409268816953	undirected	NA	NA
8019	11097	0.12863657684711	undirected	NA	NA
8019	11344	0.168139030290439	undirected	NA	NA
8019	11671	0.111239245514381	undirected	NA	NA
8019	12169	0.222199600041678	undirected	NA	NA
8019	12565	0.161069091700093	undirected	NA	NA
8019	12840	0.256006628791638	undirected	NA	NA
8019	13343	0.223705592140559	undirected	NA	NA
8019	13985	0.0837693659598101	undirected	NA	NA
8019	14074	0.285709902165103	undirected	NA	NA
8019	14518	0.162300915828024	undirected	NA	NA
8019	15002	0.281062457138702	undirected	NA	NA
8019	15242	0.213682763124265	undirected	NA	NA
8019	15315	0.106044193446622	undirected	NA	NA
8019	15577	0.121440503069156	undirected	NA	NA
8254	8255	0.173307285544027	undirected	NA	NA
8254	8778	0.110254871471893	undirected	NA	NA
8254	9180	0.190638235114366	undirected	NA	NA
8254	9503	0.230954432912493	undirected	NA	NA
8254	9529	0.28727355580431	undirected	NA	NA
8254	9552	0.264271918367789	undirected	NA	NA
8254	9783	0.262579452201476	undirected	NA	NA
8254	9895	0.279535801427736	undirected	NA	NA
8254	9964	0.18114750443312	undirected	NA	NA
8254	10063	0.274517135181873	undirected	NA	NA
8254	10520	0.304649878337688	undirected	NA	NA
8254	10794	0.107241971257345	undirected	NA	NA
8254	11097	0.228829303870735	undirected	NA	NA
8254	11344	0.194785542163647	undirected	NA	NA
8254	11671	0.191047259409411	undirected	NA	NA
8254	12169	0.285098318558905	undirected	NA	NA
8254	12565	0.182952788740658	undirected	NA	NA
8254	12840	0.280944030549029	undirected	NA	NA
8254	13343	0.259663861313293	undirected	NA	NA
8254	13985	0.185595792043369	undirected	NA	NA
8254	14074	0.279503851151086	undirected	NA	NA
8254	14518	0.247640402519546	undirected	NA	NA
8254	15002	0.198148995003169	undirected	NA	NA
8254	15242	0.321408119852307	undirected	NA	NA
8254	15315	0.213257830532669	undirected	NA	NA
8254	15577	0.129634632248262	undirected	NA	NA
8255	8778	0.165432330993625	undirected	NA	NA
8255	9180	0.114581228959015	undirected	NA	NA
8255	9503	0.226755566870399	undirected	NA	NA
8255	9529	0.169534264820775	undirected	NA	NA
8255	9552	0.271413709990997	undirected	NA	NA
8255	9783	0.152192208293676	undirected	NA	NA
8255	9895	0.283960816447329	undirected	NA	NA
8255	9964	0.219294646027594	undirected	NA	NA
8255	10063	0.197205771861413	undirected	NA	NA
8255	10520	0.276532368392263	undirected	NA	NA
8255	10794	0.268384818453153	undirected	NA	NA
8255	11097	0.292127310364563	undirected	NA	NA
8255	11344	0.143362916090826	undirected	NA	NA
8255	11671	0.288495754160906	undirected	NA	NA
8255	12169	0.285995232782888	undirected	NA	NA
8255	12565	0.272821278150815	undirected	NA	NA
8255	12840	0.210471928421102	undirected	NA	NA
8255	13343	0.292806170220316	undirected	NA	NA
8255	13985	0.174641998680362	undirected	NA	NA
8255	14074	0.195043649302132	undirected	NA	NA
8255	14518	0.282919353434495	undirected	NA	NA
8255	15002	0.190057261077958	undirected	NA	NA
8255	15242	0.243716421885267	undirected	NA	NA
8255	15315	0.16484033936691	undirected	NA	NA
8255	15577	0.256524475475921	undirected	NA	NA
8778	9180	0.091201777376645	undirected	NA	NA
8778	9503	0.215580289901512	undirected	NA	NA
8778	9529	0.183360722355178	undirected	NA	NA
8778	9552	0.139731851348342	undirected	NA	NA
8778	9783	0.160821816671987	undirected	NA	NA
8778	9895	0.154563985242581	undirected	NA	NA
8778	9964	0.220171554765576	undirected	NA	NA
8778	10063	0.229128133645986	undirected	NA	NA
8778	10520	0.188937062403908	undirected	NA	NA
8778	10794	0.106500455813781	undirected	NA	NA
8778	11097	0.118836371805676	undirected	NA	NA
8778	11344	0.158570048472993	undirected	NA	NA
8778	11671	0.21259122893789	undirected	NA	NA
8778	12169	0.188306305651118	undirected	NA	NA
8778	12565	0.177944096480084	undirected	NA	NA
8778	12840	0.237418142378114	undirected	NA	NA
8778	13343	0.180184570137109	undirected	NA	NA
8778	13985	0.18418344059265	undirected	NA	NA
8778	14074	0.160100780035432	undirected	NA	NA
8778	14518	0.216420392312432	undirected	NA	NA
8778	15002	0.143681397170553	undirected	NA	NA
8778	15242	0.205831819108115	undirected	NA	NA
8778	15315	0.100333111261839	undirected	NA	NA
8778	15577	0.140622276693034	undirected	NA	NA
9180	9503	0.266098414565317	undirected	NA	NA
9180	9529	0.269689808806294	undirected	NA	NA
9180	9552	0.176228110014681	undirected	NA	NA
9180	9783	0.163797651983529	undirected	NA	NA
9180	9895	0.220000170903047	undirected	NA	NA
9180	9964	0.111439412696818	undirected	NA	NA
9180	10063	0.194178429345036	undirected	NA	NA
9180	10520	0.291047547667558	undirected	NA	NA
9180	10794	0.049345966217384	undirected	NA	NA
9180	11097	0.113603605389646	undirected	NA	NA
9180	11344	0.206716298591338	undirected	NA	NA
9180	11671	0.107763586742979	undirected	NA	NA
9180	12169	0.213022372398225	undirected	NA	NA
9180	12565	0.164990380717615	undirected	NA	NA
9180	12840	0.302488545567174	undirected	NA	NA
9180	13343	0.200737815086384	undirected	NA	NA
9180	13985	0.0961496639677248	undirected	NA	NA
9180	14074	0.328907080126693	undirected	NA	NA
9180	14518	0.163123789951383	undirected	NA	NA
9180	15002	0.257471129541693	undirected	NA	NA
9180	15242	0.251015243611665	undirected	NA	NA
9180	15315	0.106848791586082	undirected	NA	NA
9180	15577	0.106387095179051	undirected	NA	NA
9503	9529	0.250277773721599	undirected	NA	NA
9503	9552	0.260227239559463	undirected	NA	NA
9503	9783	0.248080982077905	undirected	NA	NA
9503	9895	0.291637440759955	undirected	NA	NA
9503	9964	0.248406087099313	undirected	NA	NA
9503	10063	0.281561184577035	undirected	NA	NA
9503	10520	0.330895243779095	undirected	NA	NA
9503	10794	0.14434011395072	undirected	NA	NA
9503	11097	0.215373609881825	undirected	NA	NA
9503	11344	0.242499465558163	undirected	NA	NA
9503	11671	0.247719560546215	undirected	NA	NA
9503	12169	0.317896739842274	undirected	NA	NA
9503	12565	0.23240316635883	undirected	NA	NA
9503	12840	0.323236195431894	undirected	NA	NA
9503	13343	0.315497494248311	undirected	NA	NA
9503	13985	0.191023789129873	undirected	NA	NA
9503	14074	0.300128682377097	undirected	NA	NA
9503	14518	0.27773626318886	undirected	NA	NA
9503	15002	0.313149276825828	undirected	NA	NA
9503	15242	0.285099410550406	undirected	NA	NA
9503	15315	0.184413514443255	undirected	NA	NA
9503	15577	0.16458305251897	undirected	NA	NA
9529	9552	0.225331169901414	undirected	NA	NA
9529	9783	0.260384768983566	undirected	NA	NA
9529	9895	0.2483154040148	undirected	NA	NA
9529	9964	0.194686951998319	undirected	NA	NA
9529	10063	0.289720380684052	undirected	NA	NA
9529	10520	0.296721972701839	undirected	NA	NA
9529	10794	0.106267298566808	undirected	NA	NA
9529	11097	0.240886484293031	undirected	NA	NA
9529	11344	0.314618316730363	undirected	NA	NA
9529	11671	0.245875979441499	undirected	NA	NA
9529	12169	0.263767301786278	undirected	NA	NA
9529	12565	0.222867568593918	undirected	NA	NA
9529	12840	0.3157516732566	undirected	NA	NA
9529	13343	0.237356088870953	undirected	NA	NA
9529	13985	0.182647238168462	undirected	NA	NA
9529	14074	0.2940261634037	undirected	NA	NA
9529	14518	0.234510442688514	undirected	NA	NA
9529	15002	0.206001601719511	undirected	NA	NA
9529	15242	0.321781682032908	undirected	NA	NA
9529	15315	0.177476630048287	undirected	NA	NA
9529	15577	0.130356871381049	undirected	NA	NA
9552	9783	0.25822104842322	undirected	NA	NA
9552	9895	0.334699560213139	undirected	NA	NA
9552	9964	0.252238893851143	undirected	NA	NA
9552	10063	0.27233865939791	undirected	NA	NA
9552	10520	0.328917735696634	undirected	NA	NA
9552	10794	0.206172629288135	undirected	NA	NA
9552	11097	0.297135922757514	undirected	NA	NA
9552	11344	0.162351172548163	undirected	NA	NA
9552	11671	0.254523974095371	undirected	NA	NA
9552	12169	0.344845623807657	undirected	NA	NA
9552	12565	0.236227340188954	undirected	NA	NA
9552	12840	0.263562717399933	undirected	NA	NA
9552	13343	0.33677139530233	undirected	NA	NA
9552	13985	0.211552281622333	undirected	NA	NA
9552	14074	0.253926580831632	undirected	NA	NA
9552	14518	0.297534308571116	undirected	NA	NA
9552	15002	0.239632869586593	undirected	NA	NA
9552	15242	0.303346370285364	undirected	NA	NA
9552	15315	0.251066197408747	undirected	NA	NA
9552	15577	0.188391964815563	undirected	NA	NA
9783	9895	0.249939383774101	undirected	NA	NA
9783	9964	0.301442798572877	undirected	NA	NA
9783	10063	0.346375516704195	undirected	NA	NA
9783	10520	0.25663240652106	undirected	NA	NA
9783	10794	0.0980231064367824	undirected	NA	NA
9783	11097	0.16913235955411	undirected	NA	NA
9783	11344	0.164770253606661	undirected	NA	NA
9783	11671	0.19625950822965	undirected	NA	NA
9783	12169	0.291318127204367	undirected	NA	NA
9783	12565	0.120343273020367	undirected	NA	NA
9783	12840	0.285439760339138	undirected	NA	NA
9783	13343	0.261567697053297	undirected	NA	NA
9783	13985	0.3343032735263	undirected	NA	NA
9783	14074	0.23573106202921	undirected	NA	NA
9783	14518	0.290413418595888	undirected	NA	NA
9783	15002	0.211112559470047	undirected	NA	NA
9783	15242	0.304960867247015	undirected	NA	NA
9783	15315	0.324565565466443	undirected	NA	NA
9783	15577	0.0759290463184914	undirected	NA	NA
9895	9964	0.263860843212744	undirected	NA	NA
9895	10063	0.267374082169647	undirected	NA	NA
9895	10520	0.338642903008755	undirected	NA	NA
9895	10794	0.204443002754443	undirected	NA	NA
9895	11097	0.297716680957488	undirected	NA	NA
9895	11344	0.186634784480052	undirected	NA	NA
9895	11671	0.261915070972052	undirected	NA	NA
9895	12169	0.343795941898203	undirected	NA	NA
9895	12565	0.255298786658814	undirected	NA	NA
9895	12840	0.277362085878016	undirected	NA	NA
9895	13343	0.339749224544811	undirected	NA	NA
9895	13985	0.213572029077246	undirected	NA	NA
9895	14074	0.294634710879774	undirected	NA	NA
9895	14518	0.314655748209313	undirected	NA	NA
9895	15002	0.268983385956532	undirected	NA	NA
9895	15242	0.298014847489548	undirected	NA	NA
9895	15315	0.233123061080736	undirected	NA	NA
9895	15577	0.200311975631945	undirected	NA	NA
9964	10063	0.324396071589118	undirected	NA	NA
9964	10520	0.268601346131602	undirected	NA	NA
9964	10794	0.175937856551499	undirected	NA	NA
9964	11097	0.214770758222357	undirected	NA	NA
9964	11344	0.156317024941704	undirected	NA	NA
9964	11671	0.270706360293959	undirected	NA	NA
9964	12169	0.313405015161906	undirected	NA	NA
9964	12565	0.18187963907973	undirected	NA	NA
9964	12840	0.259820784206037	undirected	NA	NA
9964	13343	0.300518441332021	undirected	NA	NA
9964	13985	0.273369101637534	undirected	NA	NA
9964	14074	0.191425004137974	undirected	NA	NA
9964	14518	0.307365706077576	undirected	NA	NA
9964	15002	0.19870620886776	undirected	NA	NA
9964	15242	0.280263206730992	undirected	NA	NA
9964	15315	0.241603729165313	undirected	NA	NA
9964	15577	0.140664769712839	undirected	NA	NA
10063	10520	0.284250223986892	undirected	NA	NA
10063	10794	0.130923071391658	undirected	NA	NA
10063	11097	0.217038203510636	undirected	NA	NA
10063	11344	0.229325063325027	undirected	NA	NA
10063	11671	0.266915724015953	undirected	NA	NA
10063	12169	0.299011371099722	undirected	NA	NA
10063	12565	0.176483191896978	undirected	NA	NA
10063	12840	0.31193740117391	undirected	NA	NA
10063	13343	0.275614010348497	undirected	NA	NA
10063	13985	0.323329819659636	undirected	NA	NA
10063	14074	0.266167245771833	undirected	NA	NA
10063	14518	0.318886635214595	undirected	NA	NA
10063	15002	0.226219103440809	undirected	NA	NA
10063	15242	0.321994846935191	undirected	NA	NA
10063	15315	0.265714235231852	undirected	NA	NA
10063	15577	0.113826590973084	undirected	NA	NA
10520	10794	0.184650093762231	undirected	NA	NA
10520	11097	0.299709778918051	undirected	NA	NA
10520	11344	0.253671209966133	undirected	NA	NA
10520	11671	0.283675321656327	undirected	NA	NA
10520	12169	0.34211426673289	undirected	NA	NA
10520	12565	0.282870819304141	undirected	NA	NA
10520	12840	0.318631987576246	undirected	NA	NA
10520	13343	0.333827694438937	undirected	NA	NA
10520	13985	0.215399654557404	undirected	NA	NA
10520	14074	0.346537407675409	undirected	NA	NA
10520	14518	0.319959829071137	undirected	NA	NA
10520	15002	0.295875058280514	undirected	NA	NA
10520	15242	0.321492252641889	undirected	NA	NA
10520	15315	0.214351475430203	undirected	NA	NA
10520	15577	0.203789557831497	undirected	NA	NA
10794	11097	0.207832636128752	undirected	NA	NA
10794	11344	0.0740166892475629	undirected	NA	NA
10794	11671	0.20290091459744	undirected	NA	NA
10794	12169	0.20468380781958	undirected	NA	NA
10794	12565	0.194844334054131	undirected	NA	NA
10794	12840	0.129110581477048	undirected	NA	NA
10794	13343	0.214091677018475	undirected	NA	NA
10794	13985	0.137442293955964	undirected	NA	NA
10794	14074	0.118193534368919	undirected	NA	NA
10794	14518	0.220584159855473	undirected	NA	NA
10794	15002	0.114067674657576	undirected	NA	NA
10794	15242	0.165270895804986	undirected	NA	NA
10794	15315	0.122494222986028	undirected	NA	NA
10794	15577	0.239054725473442	undirected	NA	NA
11097	11344	0.151922046003795	undirected	NA	NA
11097	11671	0.24138597648895	undirected	NA	NA
11097	12169	0.288424909553595	undirected	NA	NA
11097	12565	0.285287604024895	undirected	NA	NA
11097	12840	0.233990748612465	undirected	NA	NA
11097	13343	0.277299650731914	undirected	NA	NA
11097	13985	0.188085595929181	undirected	NA	NA
11097	14074	0.240513395378861	undirected	NA	NA
11097	14518	0.293050540688481	undirected	NA	NA
11097	15002	0.166268690609795	undirected	NA	NA
11097	15242	0.298969527659917	undirected	NA	NA
11097	15315	0.178262753918252	undirected	NA	NA
11097	15577	0.262884574479698	undirected	NA	NA
11344	11671	0.183395005188811	undirected	NA	NA
11344	12169	0.196788546774922	undirected	NA	NA
11344	12565	0.225478194675243	undirected	NA	NA
11344	12840	0.310368921897856	undirected	NA	NA
11344	13343	0.178070883776262	undirected	NA	NA
11344	13985	0.142413007124869	undirected	NA	NA
11344	14074	0.28198232394174	undirected	NA	NA
11344	14518	0.1954695883417	undirected	NA	NA
11344	15002	0.177536198297999	undirected	NA	NA
11344	15242	0.275402547804194	undirected	NA	NA
11344	15315	0.0982794168983735	undirected	NA	NA
11344	15577	0.142694541129675	undirected	NA	NA
11671	12169	0.284471971098902	undirected	NA	NA
11671	12565	0.287424488825237	undirected	NA	NA
11671	12840	0.271480701753474	undirected	NA	NA
11671	13343	0.272766911482881	undirected	NA	NA
11671	13985	0.233880391249765	undirected	NA	NA
11671	14074	0.225074981161532	undirected	NA	NA
11671	14518	0.316761183051274	undirected	NA	NA
11671	15002	0.172059761419957	undirected	NA	NA
11671	15242	0.300133386224283	undirected	NA	NA
11671	15315	0.16455468616261	undirected	NA	NA
11671	15577	0.253375238465238	undirected	NA	NA
12169	12565	0.244140326233352	undirected	NA	NA
12169	12840	0.300404245843954	undirected	NA	NA
12169	13343	0.339285808911291	undirected	NA	NA
12169	13985	0.265118647135121	undirected	NA	NA
12169	14074	0.297925421756854	undirected	NA	NA
12169	14518	0.34932045841798	undirected	NA	NA
12169	15002	0.282040548295468	undirected	NA	NA
12169	15242	0.319191581147671	undirected	NA	NA
12169	15315	0.250151831734166	undirected	NA	NA
12169	15577	0.186515450080279	undirected	NA	NA
12565	12840	0.237147324676788	undirected	NA	NA
12565	13343	0.242645579602393	undirected	NA	NA
12565	13985	0.139747535123943	undirected	NA	NA
12565	14074	0.244660323642937	undirected	NA	NA
12565	14518	0.248433722818265	undirected	NA	NA
12565	15002	0.182598668074982	undirected	NA	NA
12565	15242	0.254868414704656	undirected	NA	NA
12565	15315	0.115451913655641	undirected	NA	NA
12565	15577	0.292994544162576	undirected	NA	NA
12840	13343	0.282849347535347	undirected	NA	NA
12840	13985	0.221297540501011	undirected	NA	NA
12840	14074	0.332961351523459	undirected	NA	NA
12840	14518	0.286985733850278	undirected	NA	NA
12840	15002	0.273339396203846	undirected	NA	NA
12840	15242	0.312639532448562	undirected	NA	NA
12840	15315	0.192790764943253	undirected	NA	NA
12840	15577	0.149289485757991	undirected	NA	NA
13343	13985	0.242613618968968	undirected	NA	NA
13343	14074	0.282566860971069	undirected	NA	NA
13343	14518	0.337821021586837	undirected	NA	NA
13343	15002	0.287896056552627	undirected	NA	NA
13343	15242	0.295780985380304	undirected	NA	NA
13343	15315	0.234775030415948	undirected	NA	NA
13343	15577	0.195040718395079	undirected	NA	NA
13985	14074	0.157369649036818	undirected	NA	NA
13985	14518	0.26045164443247	undirected	NA	NA
13985	15002	0.147405792773417	undirected	NA	NA
13985	15242	0.253247913834576	undirected	NA	NA
13985	15315	0.251820089733428	undirected	NA	NA
13985	15577	0.100796897113712	undirected	NA	NA
14074	14518	0.242617560719947	undirected	NA	NA
14074	15002	0.278503998832677	undirected	NA	NA
14074	15242	0.316212943986042	undirected	NA	NA
14074	15315	0.176279215135731	undirected	NA	NA
14074	15577	0.155061828469855	undirected	NA	NA
14518	15002	0.23345453073985	undirected	NA	NA
14518	15242	0.315242571780409	undirected	NA	NA
14518	15315	0.250798010920387	undirected	NA	NA
14518	15577	0.193194603204904	undirected	NA	NA
15002	15242	0.230870935052221	undirected	NA	NA
15002	15315	0.162794038311112	undirected	NA	NA
15002	15577	0.133702760125999	undirected	NA	NA
15242	15315	0.232973683497671	undirected	NA	NA
15242	15577	0.169438801173275	undirected	NA	NA
15315	15577	0.0863247847414312	undirected	NA	NA
