fromNode	toNode	weight	direction	fromAltName	toAltName
20	35	0.332648786684322	undirected	NA	NA
20	59	0.37317016198822	undirected	NA	NA
20	485	0.285038586473593	undirected	NA	NA
20	511	0.261021858610966	undirected	NA	NA
20	1150	0.280823336986509	undirected	NA	NA
20	2090	0.321995963924994	undirected	NA	NA
20	2509	0.329357460854184	undirected	NA	NA
20	2556	0.324433252719794	undirected	NA	NA
20	3025	0.33406425319075	undirected	NA	NA
20	3240	0.269446950473158	undirected	NA	NA
20	3408	0.352303032252432	undirected	NA	NA
20	3613	0.318640777004158	undirected	NA	NA
20	3675	0.381341715173713	undirected	NA	NA
20	4119	0.25518474632115	undirected	NA	NA
20	4284	0.28510237831017	undirected	NA	NA
20	4617	0.323856231735969	undirected	NA	NA
20	5170	0.382915493627107	undirected	NA	NA
20	5441	0.230819607210026	undirected	NA	NA
20	5616	0.266835766836232	undirected	NA	NA
20	5685	0.263923839169661	undirected	NA	NA
20	5702	0.383519177721447	undirected	NA	NA
20	5842	0.323744766244904	undirected	NA	NA
20	5862	0.359961672636892	undirected	NA	NA
20	6009	0.267682584180456	undirected	NA	NA
20	6115	0.317635922347591	undirected	NA	NA
20	6154	0.268350262786197	undirected	NA	NA
20	6505	0.342070387410879	undirected	NA	NA
20	7121	0.325294924229332	undirected	NA	NA
20	7214	0.316114186280074	undirected	NA	NA
20	7828	0.234414003744129	undirected	NA	NA
20	8009	0.231586965020807	undirected	NA	NA
20	8310	0.297340558523486	undirected	NA	NA
20	9002	0.370080382546792	undirected	NA	NA
20	9504	0.336718564703907	undirected	NA	NA
20	9605	0.325242173276307	undirected	NA	NA
20	9992	0.34859808986427	undirected	NA	NA
20	10372	0.30005493521028	undirected	NA	NA
20	10460	0.211021791022791	undirected	NA	NA
20	11060	0.331738698567086	undirected	NA	NA
20	11450	0.328170782969258	undirected	NA	NA
20	11796	0.326952856984894	undirected	NA	NA
20	12298	0.34754972101518	undirected	NA	NA
20	13188	0.156222342325267	undirected	NA	NA
20	13522	0.286288404207852	undirected	NA	NA
20	13728	0.335871449442013	undirected	NA	NA
20	13880	0.238620239634404	undirected	NA	NA
20	14666	0.327769902958317	undirected	NA	NA
20	15169	0.260081477782691	undirected	NA	NA
20	15212	0.319545937332813	undirected	NA	NA
20	15586	0.327810029471794	undirected	NA	NA
35	59	0.372411307064827	undirected	NA	NA
35	485	0.28487044202726	undirected	NA	NA
35	511	0.256657166880577	undirected	NA	NA
35	1150	0.2748317828136	undirected	NA	NA
35	2090	0.317060569518072	undirected	NA	NA
35	2509	0.32198382644513	undirected	NA	NA
35	2556	0.324185237577385	undirected	NA	NA
35	3025	0.338118390863722	undirected	NA	NA
35	3240	0.264782219750172	undirected	NA	NA
35	3408	0.351043564269142	undirected	NA	NA
35	3613	0.315650020382563	undirected	NA	NA
35	3675	0.378418914927313	undirected	NA	NA
35	4119	0.248714932436035	undirected	NA	NA
35	4284	0.279098472927697	undirected	NA	NA
35	4617	0.319579451749865	undirected	NA	NA
35	5170	0.375411666473375	undirected	NA	NA
35	5441	0.242036004771511	undirected	NA	NA
35	5616	0.276627642794222	undirected	NA	NA
35	5685	0.275027846511367	undirected	NA	NA
35	5702	0.37692902402354	undirected	NA	NA
35	5842	0.325085392537875	undirected	NA	NA
35	5862	0.352635555680235	undirected	NA	NA
35	6009	0.277032773027679	undirected	NA	NA
35	6115	0.312009108918027	undirected	NA	NA
35	6154	0.255948877329704	undirected	NA	NA
35	6505	0.341985211958886	undirected	NA	NA
35	7121	0.324464002066156	undirected	NA	NA
35	7214	0.311642605576514	undirected	NA	NA
35	7828	0.231688013261593	undirected	NA	NA
35	8009	0.230070012177789	undirected	NA	NA
35	8310	0.291308843613447	undirected	NA	NA
35	9002	0.363816737890633	undirected	NA	NA
35	9504	0.337287199549695	undirected	NA	NA
35	9605	0.32053135016852	undirected	NA	NA
35	9992	0.342503159422701	undirected	NA	NA
35	10372	0.288437909167729	undirected	NA	NA
35	10460	0.200257926825122	undirected	NA	NA
35	11060	0.333271220367823	undirected	NA	NA
35	11450	0.320176695614221	undirected	NA	NA
35	11796	0.325031825308338	undirected	NA	NA
35	12298	0.34893480384688	undirected	NA	NA
35	13188	0.161341416559097	undirected	NA	NA
35	13522	0.284679634632024	undirected	NA	NA
35	13728	0.333543929276548	undirected	NA	NA
35	13880	0.227497409911288	undirected	NA	NA
35	14666	0.323394669299184	undirected	NA	NA
35	15169	0.253642108254282	undirected	NA	NA
35	15212	0.319693304217183	undirected	NA	NA
35	15586	0.328230073334855	undirected	NA	NA
59	485	0.290563256414699	undirected	NA	NA
59	511	0.173481910817386	undirected	NA	NA
59	1150	0.284912167750726	undirected	NA	NA
59	2090	0.3445542137888	undirected	NA	NA
59	2509	0.246355116062452	undirected	NA	NA
59	2556	0.35713987113224	undirected	NA	NA
59	3025	0.365925841158317	undirected	NA	NA
59	3240	0.300082228137011	undirected	NA	NA
59	3408	0.303198052506299	undirected	NA	NA
59	3613	0.344840442464294	undirected	NA	NA
59	3675	0.292071269736321	undirected	NA	NA
59	4119	0.18995315472847	undirected	NA	NA
59	4284	0.301882427723818	undirected	NA	NA
59	4617	0.352637467577619	undirected	NA	NA
59	5170	0.309047934360742	undirected	NA	NA
59	5441	0.175560316557301	undirected	NA	NA
59	5616	0.265810250822209	undirected	NA	NA
59	5685	0.283483427234572	undirected	NA	NA
59	5702	0.315429632074832	undirected	NA	NA
59	5842	0.378132337914823	undirected	NA	NA
59	5862	0.36997601694215	undirected	NA	NA
59	6009	0.292610894786565	undirected	NA	NA
59	6115	0.282204598082827	undirected	NA	NA
59	6154	0.216784947511513	undirected	NA	NA
59	6505	0.372947075051028	undirected	NA	NA
59	7121	0.359334345041768	undirected	NA	NA
59	7214	0.286103633835957	undirected	NA	NA
59	7828	0.180082145046281	undirected	NA	NA
59	8009	0.209974104578251	undirected	NA	NA
59	8310	0.267337607248312	undirected	NA	NA
59	9002	0.2999611125341	undirected	NA	NA
59	9504	0.344672834804341	undirected	NA	NA
59	9605	0.312827621908039	undirected	NA	NA
59	9992	0.34781243790013	undirected	NA	NA
59	10372	0.322403650227301	undirected	NA	NA
59	10460	0.205328769844348	undirected	NA	NA
59	11060	0.375990319322164	undirected	NA	NA
59	11450	0.295423729839209	undirected	NA	NA
59	11796	0.318388039905402	undirected	NA	NA
59	12298	0.332401701962687	undirected	NA	NA
59	13188	0.208624816632739	undirected	NA	NA
59	13522	0.298758824098273	undirected	NA	NA
59	13728	0.259127667457752	undirected	NA	NA
59	13880	0.21871250634483	undirected	NA	NA
59	14666	0.356824347192028	undirected	NA	NA
59	15169	0.174615239718447	undirected	NA	NA
59	15212	0.364873749426658	undirected	NA	NA
59	15586	0.236696077408657	undirected	NA	NA
485	511	0.127518027375632	undirected	NA	NA
485	1150	0.275603845213844	undirected	NA	NA
485	2090	0.259696995010674	undirected	NA	NA
485	2509	0.169020935636068	undirected	NA	NA
485	2556	0.319088500680748	undirected	NA	NA
485	3025	0.28386954007759	undirected	NA	NA
485	3240	0.320522559459355	undirected	NA	NA
485	3408	0.306445569962581	undirected	NA	NA
485	3613	0.315119273947011	undirected	NA	NA
485	3675	0.259626219079132	undirected	NA	NA
485	4119	0.103066367124627	undirected	NA	NA
485	4284	0.315624071190122	undirected	NA	NA
485	4617	0.31963045144615	undirected	NA	NA
485	5170	0.281805858562912	undirected	NA	NA
485	5441	0.223759691941344	undirected	NA	NA
485	5616	0.22721630146353	undirected	NA	NA
485	5685	0.254564411057409	undirected	NA	NA
485	5702	0.250761995281529	undirected	NA	NA
485	5842	0.312966936832289	undirected	NA	NA
485	5862	0.296521675875543	undirected	NA	NA
485	6009	0.266984974679067	undirected	NA	NA
485	6115	0.234350791180727	undirected	NA	NA
485	6154	0.295058083794261	undirected	NA	NA
485	6505	0.285302973567155	undirected	NA	NA
485	7121	0.277730683643085	undirected	NA	NA
485	7214	0.230119943908517	undirected	NA	NA
485	7828	0.0849079487468048	undirected	NA	NA
485	8009	0.269975607655659	undirected	NA	NA
485	8310	0.278773055803889	undirected	NA	NA
485	9002	0.237916528543173	undirected	NA	NA
485	9504	0.28073615776553	undirected	NA	NA
485	9605	0.241192242907025	undirected	NA	NA
485	9992	0.29067659942835	undirected	NA	NA
485	10372	0.313047931528537	undirected	NA	NA
485	10460	0.288768573878521	undirected	NA	NA
485	11060	0.319240745083613	undirected	NA	NA
485	11450	0.274220101197405	undirected	NA	NA
485	11796	0.322489443906273	undirected	NA	NA
485	12298	0.298122486476185	undirected	NA	NA
485	13188	0.260255586333869	undirected	NA	NA
485	13522	0.310518430171581	undirected	NA	NA
485	13728	0.214257052125518	undirected	NA	NA
485	13880	0.222150735230314	undirected	NA	NA
485	14666	0.319156941604484	undirected	NA	NA
485	15169	0.119570593910167	undirected	NA	NA
485	15212	0.329810729321046	undirected	NA	NA
485	15586	0.183850749017624	undirected	NA	NA
511	1150	0.223415719981181	undirected	NA	NA
511	2090	0.275937222862395	undirected	NA	NA
511	2509	0.262260336569991	undirected	NA	NA
511	2556	0.220467293657115	undirected	NA	NA
511	3025	0.208504687121759	undirected	NA	NA
511	3240	0.151917697788021	undirected	NA	NA
511	3408	0.162435318641812	undirected	NA	NA
511	3613	0.219427285051984	undirected	NA	NA
511	3675	0.196612640097179	undirected	NA	NA
511	4119	0.268285578574957	undirected	NA	NA
511	4284	0.171940412694693	undirected	NA	NA
511	4617	0.18909403186481	undirected	NA	NA
511	5170	0.199837907769977	undirected	NA	NA
511	5441	0.124459531787549	undirected	NA	NA
511	5616	0.127444486652529	undirected	NA	NA
511	5685	0.156246948655184	undirected	NA	NA
511	5702	0.24303938363553	undirected	NA	NA
511	5842	0.210959713139431	undirected	NA	NA
511	5862	0.253063485722012	undirected	NA	NA
511	6009	0.193950754145472	undirected	NA	NA
511	6115	0.195557469680084	undirected	NA	NA
511	6154	0.100303802684757	undirected	NA	NA
511	6505	0.248074442999817	undirected	NA	NA
511	7121	0.237273715762178	undirected	NA	NA
511	7214	0.174259867107449	undirected	NA	NA
511	7828	0.278961540815008	undirected	NA	NA
511	8009	0.071403914846602	undirected	NA	NA
511	8310	0.169008004998404	undirected	NA	NA
511	9002	0.252163203721548	undirected	NA	NA
511	9504	0.17811130509397	undirected	NA	NA
511	9605	0.22499193540197	undirected	NA	NA
511	9992	0.212494439334675	undirected	NA	NA
511	10372	0.197849652317411	undirected	NA	NA
511	10460	0.0939131196513537	undirected	NA	NA
511	11060	0.19394972096864	undirected	NA	NA
511	11450	0.216360521676297	undirected	NA	NA
511	11796	0.153559746758649	undirected	NA	NA
511	12298	0.193962776012086	undirected	NA	NA
511	13188	0.0681359152816832	undirected	NA	NA
511	13522	0.153632589790034	undirected	NA	NA
511	13728	0.254964147813911	undirected	NA	NA
511	13880	0.183940344066328	undirected	NA	NA
511	14666	0.201612530104039	undirected	NA	NA
511	15169	0.274293345132242	undirected	NA	NA
511	15212	0.203217881372249	undirected	NA	NA
511	15586	0.254285061210724	undirected	NA	NA
1150	2090	0.27463695984036	undirected	NA	NA
1150	2509	0.291305749562087	undirected	NA	NA
1150	2556	0.30751300426593	undirected	NA	NA
1150	3025	0.268794628884945	undirected	NA	NA
1150	3240	0.282193646992602	undirected	NA	NA
1150	3408	0.295043833270535	undirected	NA	NA
1150	3613	0.313620672608042	undirected	NA	NA
1150	3675	0.284057044550938	undirected	NA	NA
1150	4119	0.222582275335406	undirected	NA	NA
1150	4284	0.304023758412456	undirected	NA	NA
1150	4617	0.308064558775857	undirected	NA	NA
1150	5170	0.333835049707881	undirected	NA	NA
1150	5441	0.186252066846177	undirected	NA	NA
1150	5616	0.202434033755072	undirected	NA	NA
1150	5685	0.20656337501871	undirected	NA	NA
1150	5702	0.318368692137418	undirected	NA	NA
1150	5842	0.270572116986705	undirected	NA	NA
1150	5862	0.3165902545666	undirected	NA	NA
1150	6009	0.21623283278302	undirected	NA	NA
1150	6115	0.293690960513317	undirected	NA	NA
1150	6154	0.257208244713873	undirected	NA	NA
1150	6505	0.289033501859276	undirected	NA	NA
1150	7121	0.268918974466185	undirected	NA	NA
1150	7214	0.27867906588129	undirected	NA	NA
1150	7828	0.189733150334764	undirected	NA	NA
1150	8009	0.184050775480619	undirected	NA	NA
1150	8310	0.306455897464949	undirected	NA	NA
1150	9002	0.324433948482341	undirected	NA	NA
1150	9504	0.293980885382118	undirected	NA	NA
1150	9605	0.282180506130326	undirected	NA	NA
1150	9992	0.279487442343249	undirected	NA	NA
1150	10372	0.309662801853224	undirected	NA	NA
1150	10460	0.233712171597463	undirected	NA	NA
1150	11060	0.289204206056174	undirected	NA	NA
1150	11450	0.332537651406746	undirected	NA	NA
1150	11796	0.267414703296712	undirected	NA	NA
1150	12298	0.27660469292994	undirected	NA	NA
1150	13188	0.136208583302088	undirected	NA	NA
1150	13522	0.291681999658858	undirected	NA	NA
1150	13728	0.294936586305488	undirected	NA	NA
1150	13880	0.252142120329137	undirected	NA	NA
1150	14666	0.312744620279512	undirected	NA	NA
1150	15169	0.245136887801907	undirected	NA	NA
1150	15212	0.300408820712549	undirected	NA	NA
1150	15586	0.254909661178182	undirected	NA	NA
2090	2509	0.324597830337028	undirected	NA	NA
2090	2556	0.309613292897394	undirected	NA	NA
2090	3025	0.317321033338189	undirected	NA	NA
2090	3240	0.247629132146791	undirected	NA	NA
2090	3408	0.324166028813877	undirected	NA	NA
2090	3613	0.304018886493456	undirected	NA	NA
2090	3675	0.356384769848538	undirected	NA	NA
2090	4119	0.260466278240037	undirected	NA	NA
2090	4284	0.266212819674703	undirected	NA	NA
2090	4617	0.300832672747243	undirected	NA	NA
2090	5170	0.357932559621897	undirected	NA	NA
2090	5441	0.226350543577474	undirected	NA	NA
2090	5616	0.251447362485434	undirected	NA	NA
2090	5685	0.254016006888286	undirected	NA	NA
2090	5702	0.367721149302774	undirected	NA	NA
2090	5842	0.304526721620513	undirected	NA	NA
2090	5862	0.34064177801837	undirected	NA	NA
2090	6009	0.26308578208946	undirected	NA	NA
2090	6115	0.308460427442233	undirected	NA	NA
2090	6154	0.236514087553039	undirected	NA	NA
2090	6505	0.32979680673685	undirected	NA	NA
2090	7121	0.312516375235954	undirected	NA	NA
2090	7214	0.301025279720633	undirected	NA	NA
2090	7828	0.244013313326527	undirected	NA	NA
2090	8009	0.19703380920908	undirected	NA	NA
2090	8310	0.278574204513475	undirected	NA	NA
2090	9002	0.359281715123695	undirected	NA	NA
2090	9504	0.314455698151653	undirected	NA	NA
2090	9605	0.316467622918009	undirected	NA	NA
2090	9992	0.324841807457416	undirected	NA	NA
2090	10372	0.27761474309607	undirected	NA	NA
2090	10460	0.185810246095438	undirected	NA	NA
2090	11060	0.309271205024763	undirected	NA	NA
2090	11450	0.312820712300431	undirected	NA	NA
2090	11796	0.29654850587122	undirected	NA	NA
2090	12298	0.325223915928661	undirected	NA	NA
2090	13188	0.138360721359593	undirected	NA	NA
2090	13522	0.266079558856855	undirected	NA	NA
2090	13728	0.335650851168507	undirected	NA	NA
2090	13880	0.233287622286371	undirected	NA	NA
2090	14666	0.306710055686059	undirected	NA	NA
2090	15169	0.271453236386604	undirected	NA	NA
2090	15212	0.300479035853644	undirected	NA	NA
2090	15586	0.331503031485332	undirected	NA	NA
2509	2556	0.300829508246987	undirected	NA	NA
2509	3025	0.250557582836293	undirected	NA	NA
2509	3240	0.242001356771567	undirected	NA	NA
2509	3408	0.26253163585197	undirected	NA	NA
2509	3613	0.304974109991202	undirected	NA	NA
2509	3675	0.246990109157317	undirected	NA	NA
2509	4119	0.304648605612212	undirected	NA	NA
2509	4284	0.257485109783401	undirected	NA	NA
2509	4617	0.270686759909926	undirected	NA	NA
2509	5170	0.318808279014574	undirected	NA	NA
2509	5441	0.146053931291232	undirected	NA	NA
2509	5616	0.125192337641225	undirected	NA	NA
2509	5685	0.168642583073014	undirected	NA	NA
2509	5702	0.34424970743405	undirected	NA	NA
2509	5842	0.28973089850503	undirected	NA	NA
2509	5862	0.353782139566262	undirected	NA	NA
2509	6009	0.213527364436464	undirected	NA	NA
2509	6115	0.194244843906233	undirected	NA	NA
2509	6154	0.176972809891484	undirected	NA	NA
2509	6505	0.305542092668625	undirected	NA	NA
2509	7121	0.295682798845936	undirected	NA	NA
2509	7214	0.175709460376788	undirected	NA	NA
2509	7828	0.298947542249829	undirected	NA	NA
2509	8009	0.112656491981458	undirected	NA	NA
2509	8310	0.282539463974263	undirected	NA	NA
2509	9002	0.358573461225105	undirected	NA	NA
2509	9504	0.214848584796813	undirected	NA	NA
2509	9605	0.23903967455375	undirected	NA	NA
2509	9992	0.29196138683175	undirected	NA	NA
2509	10372	0.30841343593727	undirected	NA	NA
2509	10460	0.172925736737638	undirected	NA	NA
2509	11060	0.266549467860844	undirected	NA	NA
2509	11450	0.335240821389845	undirected	NA	NA
2509	11796	0.241818925861723	undirected	NA	NA
2509	12298	0.278126635838338	undirected	NA	NA
2509	13188	0.111202568035583	undirected	NA	NA
2509	13522	0.2138619621273	undirected	NA	NA
2509	13728	0.320556043354871	undirected	NA	NA
2509	13880	0.221944376672162	undirected	NA	NA
2509	14666	0.286556829215636	undirected	NA	NA
2509	15169	0.284238753365937	undirected	NA	NA
2509	15212	0.294127539636408	undirected	NA	NA
2509	15586	0.285509325051	undirected	NA	NA
2556	3025	0.299541576156214	undirected	NA	NA
2556	3240	0.293162990606735	undirected	NA	NA
2556	3408	0.37045194318322	undirected	NA	NA
2556	3613	0.324233736529347	undirected	NA	NA
2556	3675	0.34197210246985	undirected	NA	NA
2556	4119	0.214501198518319	undirected	NA	NA
2556	4284	0.305219113243705	undirected	NA	NA
2556	4617	0.321121879281625	undirected	NA	NA
2556	5170	0.382032601668574	undirected	NA	NA
2556	5441	0.263157063293623	undirected	NA	NA
2556	5616	0.253963212136062	undirected	NA	NA
2556	5685	0.253527123085566	undirected	NA	NA
2556	5702	0.357087616172689	undirected	NA	NA
2556	5842	0.315885912633143	undirected	NA	NA
2556	5862	0.36235446672922	undirected	NA	NA
2556	6009	0.25888358472311	undirected	NA	NA
2556	6115	0.292226469367912	undirected	NA	NA
2556	6154	0.291759024055599	undirected	NA	NA
2556	6505	0.299364068295179	undirected	NA	NA
2556	7121	0.296379568592953	undirected	NA	NA
2556	7214	0.288971895926392	undirected	NA	NA
2556	7828	0.187891332124347	undirected	NA	NA
2556	8009	0.252661859239215	undirected	NA	NA
2556	8310	0.352787353579177	undirected	NA	NA
2556	9002	0.356930643718465	undirected	NA	NA
2556	9504	0.327800820831836	undirected	NA	NA
2556	9605	0.278542705449027	undirected	NA	NA
2556	9992	0.331041107885112	undirected	NA	NA
2556	10372	0.341490434733479	undirected	NA	NA
2556	10460	0.263296754185824	undirected	NA	NA
2556	11060	0.320991062553508	undirected	NA	NA
2556	11450	0.367248950265614	undirected	NA	NA
2556	11796	0.342351442411349	undirected	NA	NA
2556	12298	0.351811696989635	undirected	NA	NA
2556	13188	0.181796952317966	undirected	NA	NA
2556	13522	0.318274223494236	undirected	NA	NA
2556	13728	0.327024989173816	undirected	NA	NA
2556	13880	0.23489142454437	undirected	NA	NA
2556	14666	0.321622519048321	undirected	NA	NA
2556	15169	0.233281383596657	undirected	NA	NA
2556	15212	0.324257257241438	undirected	NA	NA
2556	15586	0.286724683918372	undirected	NA	NA
3025	3240	0.248397512338777	undirected	NA	NA
3025	3408	0.338631525989095	undirected	NA	NA
3025	3613	0.29329858481737	undirected	NA	NA
3025	3675	0.361875490980735	undirected	NA	NA
3025	4119	0.176547572013558	undirected	NA	NA
3025	4284	0.252925162923348	undirected	NA	NA
3025	4617	0.283476314328742	undirected	NA	NA
3025	5170	0.341621157770486	undirected	NA	NA
3025	5441	0.240459053886218	undirected	NA	NA
3025	5616	0.301943712115038	undirected	NA	NA
3025	5685	0.260279504576463	undirected	NA	NA
3025	5702	0.339180298473422	undirected	NA	NA
3025	5842	0.332752519298226	undirected	NA	NA
3025	5862	0.342824237204457	undirected	NA	NA
3025	6009	0.283330856478831	undirected	NA	NA
3025	6115	0.29276917422544	undirected	NA	NA
3025	6154	0.272776532461634	undirected	NA	NA
3025	6505	0.320769485912137	undirected	NA	NA
3025	7121	0.324796704106028	undirected	NA	NA
3025	7214	0.308913232114221	undirected	NA	NA
3025	7828	0.159223944740278	undirected	NA	NA
3025	8009	0.251826684997105	undirected	NA	NA
3025	8310	0.26370983240755	undirected	NA	NA
3025	9002	0.314036673544977	undirected	NA	NA
3025	9504	0.320497302742815	undirected	NA	NA
3025	9605	0.278593932820155	undirected	NA	NA
3025	9992	0.35327126722346	undirected	NA	NA
3025	10372	0.288511544530755	undirected	NA	NA
3025	10460	0.21416616925332	undirected	NA	NA
3025	11060	0.298155411748938	undirected	NA	NA
3025	11450	0.28545452999629	undirected	NA	NA
3025	11796	0.339700715400438	undirected	NA	NA
3025	12298	0.34791299014207	undirected	NA	NA
3025	13188	0.178859741233179	undirected	NA	NA
3025	13522	0.252299387656018	undirected	NA	NA
3025	13728	0.285023469128986	undirected	NA	NA
3025	13880	0.228113302897319	undirected	NA	NA
3025	14666	0.292189411027341	undirected	NA	NA
3025	15169	0.186504540623346	undirected	NA	NA
3025	15212	0.299811607577015	undirected	NA	NA
3025	15586	0.283821734946844	undirected	NA	NA
3240	3408	0.326768296178397	undirected	NA	NA
3240	3613	0.301630979021396	undirected	NA	NA
3240	3675	0.279454731721072	undirected	NA	NA
3240	4119	0.162615847986204	undirected	NA	NA
3240	4284	0.306416691299309	undirected	NA	NA
3240	4617	0.307393619883191	undirected	NA	NA
3240	5170	0.335533592255301	undirected	NA	NA
3240	5441	0.192774257622962	undirected	NA	NA
3240	5616	0.205332108420787	undirected	NA	NA
3240	5685	0.197710237230258	undirected	NA	NA
3240	5702	0.29144563763487	undirected	NA	NA
3240	5842	0.278977545681967	undirected	NA	NA
3240	5862	0.310377777167868	undirected	NA	NA
3240	6009	0.200401169945465	undirected	NA	NA
3240	6115	0.253481897965554	undirected	NA	NA
3240	6154	0.312594065439733	undirected	NA	NA
3240	6505	0.253316976518183	undirected	NA	NA
3240	7121	0.251132932089581	undirected	NA	NA
3240	7214	0.254828743319603	undirected	NA	NA
3240	7828	0.132002957914148	undirected	NA	NA
3240	8009	0.267412494353017	undirected	NA	NA
3240	8310	0.332166997245417	undirected	NA	NA
3240	9002	0.290379334367112	undirected	NA	NA
3240	9504	0.295376160897703	undirected	NA	NA
3240	9605	0.233144967064124	undirected	NA	NA
3240	9992	0.281499589231087	undirected	NA	NA
3240	10372	0.334609943989246	undirected	NA	NA
3240	10460	0.304651424437662	undirected	NA	NA
3240	11060	0.288896686448776	undirected	NA	NA
3240	11450	0.330276560953957	undirected	NA	NA
3240	11796	0.308784612597847	undirected	NA	NA
3240	12298	0.290195694642246	undirected	NA	NA
3240	13188	0.188072862182198	undirected	NA	NA
3240	13522	0.313535444492587	undirected	NA	NA
3240	13728	0.24937759052429	undirected	NA	NA
3240	13880	0.223348269596868	undirected	NA	NA
3240	14666	0.303213106335774	undirected	NA	NA
3240	15169	0.173596222786863	undirected	NA	NA
3240	15212	0.302830884055701	undirected	NA	NA
3240	15586	0.20315481112346	undirected	NA	NA
3408	3613	0.358539249603959	undirected	NA	NA
3408	3675	0.291075914040845	undirected	NA	NA
3408	4119	0.195185089745329	undirected	NA	NA
3408	4284	0.32561374954523	undirected	NA	NA
3408	4617	0.354134495214563	undirected	NA	NA
3408	5170	0.312000426210464	undirected	NA	NA
3408	5441	0.209492502829288	undirected	NA	NA
3408	5616	0.240553302480509	undirected	NA	NA
3408	5685	0.274734200348688	undirected	NA	NA
3408	5702	0.298329687264248	undirected	NA	NA
3408	5842	0.360010609420568	undirected	NA	NA
3408	5862	0.362377290165592	undirected	NA	NA
3408	6009	0.287693286926042	undirected	NA	NA
3408	6115	0.258514948492629	undirected	NA	NA
3408	6154	0.215803043835112	undirected	NA	NA
3408	6505	0.347371595073918	undirected	NA	NA
3408	7121	0.32709010232778	undirected	NA	NA
3408	7214	0.255120034570133	undirected	NA	NA
3408	7828	0.181713147768733	undirected	NA	NA
3408	8009	0.23489841981606	undirected	NA	NA
3408	8310	0.305309475741982	undirected	NA	NA
3408	9002	0.29526691508411	undirected	NA	NA
3408	9504	0.33013457844264	undirected	NA	NA
3408	9605	0.27801807963939	undirected	NA	NA
3408	9992	0.319792501967152	undirected	NA	NA
3408	10372	0.34166208768256	undirected	NA	NA
3408	10460	0.227442176324087	undirected	NA	NA
3408	11060	0.371295979503599	undirected	NA	NA
3408	11450	0.322820020761482	undirected	NA	NA
3408	11796	0.316284033280006	undirected	NA	NA
3408	12298	0.328131172360432	undirected	NA	NA
3408	13188	0.234955028947129	undirected	NA	NA
3408	13522	0.326055109117644	undirected	NA	NA
3408	13728	0.259906399796715	undirected	NA	NA
3408	13880	0.206691575675465	undirected	NA	NA
3408	14666	0.358341665562655	undirected	NA	NA
3408	15169	0.186919739939496	undirected	NA	NA
3408	15212	0.381070324702401	undirected	NA	NA
3408	15586	0.229913561586873	undirected	NA	NA
3613	3675	0.333615631076516	undirected	NA	NA
3613	4119	0.220034443198121	undirected	NA	NA
3613	4284	0.315761366401963	undirected	NA	NA
3613	4617	0.327515068540689	undirected	NA	NA
3613	5170	0.380794108362983	undirected	NA	NA
3613	5441	0.235875628351838	undirected	NA	NA
3613	5616	0.236879291104798	undirected	NA	NA
3613	5685	0.236976428750958	undirected	NA	NA
3613	5702	0.354367290389581	undirected	NA	NA
3613	5842	0.308956692102131	undirected	NA	NA
3613	5862	0.35881378797425	undirected	NA	NA
3613	6009	0.241188626399885	undirected	NA	NA
3613	6115	0.295850070651083	undirected	NA	NA
3613	6154	0.300178065015359	undirected	NA	NA
3613	6505	0.300094352726507	undirected	NA	NA
3613	7121	0.292713043709168	undirected	NA	NA
3613	7214	0.290260088492958	undirected	NA	NA
3613	7828	0.188967087296548	undirected	NA	NA
3613	8009	0.244976279175248	undirected	NA	NA
3613	8310	0.351231731640953	undirected	NA	NA
3613	9002	0.355087658421426	undirected	NA	NA
3613	9504	0.323721597238409	undirected	NA	NA
3613	9605	0.2827912359347	undirected	NA	NA
3613	9992	0.325313547029935	undirected	NA	NA
3613	10372	0.347448186233595	undirected	NA	NA
3613	10460	0.272523407976514	undirected	NA	NA
3613	11060	0.318421383074577	undirected	NA	NA
3613	11450	0.36834280169369	undirected	NA	NA
3613	11796	0.330734158654015	undirected	NA	NA
3613	12298	0.335677500458701	undirected	NA	NA
3613	13188	0.171754980984114	undirected	NA	NA
3613	13522	0.319174146377889	undirected	NA	NA
3613	13728	0.319936905957267	undirected	NA	NA
3613	13880	0.247945860847308	undirected	NA	NA
3613	14666	0.328636302943762	undirected	NA	NA
3613	15169	0.2378071622578	undirected	NA	NA
3613	15212	0.323542464661197	undirected	NA	NA
3613	15586	0.277079886447543	undirected	NA	NA
3675	4119	0.20308104011363	undirected	NA	NA
3675	4284	0.285567069548042	undirected	NA	NA
3675	4617	0.342246606655663	undirected	NA	NA
3675	5170	0.312977938052028	undirected	NA	NA
3675	5441	0.154084228917229	undirected	NA	NA
3675	5616	0.245991846639474	undirected	NA	NA
3675	5685	0.260653674732836	undirected	NA	NA
3675	5702	0.331857668297439	undirected	NA	NA
3675	5842	0.375789584018115	undirected	NA	NA
3675	5862	0.373983527261069	undirected	NA	NA
3675	6009	0.277203870817387	undirected	NA	NA
3675	6115	0.286294766107456	undirected	NA	NA
3675	6154	0.215157784213201	undirected	NA	NA
3675	6505	0.380890917809591	undirected	NA	NA
3675	7121	0.373443843929476	undirected	NA	NA
3675	7214	0.289503813027621	undirected	NA	NA
3675	7828	0.194160673076467	undirected	NA	NA
3675	8009	0.178581132922481	undirected	NA	NA
3675	8310	0.249238457887736	undirected	NA	NA
3675	9002	0.311687086994838	undirected	NA	NA
3675	9504	0.330462100665849	undirected	NA	NA
3675	9605	0.328968434223362	undirected	NA	NA
3675	9992	0.358580688631983	undirected	NA	NA
3675	10372	0.313056243783875	undirected	NA	NA
3675	10460	0.191844706843285	undirected	NA	NA
3675	11060	0.360562537343068	undirected	NA	NA
3675	11450	0.286456603074084	undirected	NA	NA
3675	11796	0.305642649110713	undirected	NA	NA
3675	12298	0.323210895288314	undirected	NA	NA
3675	13188	0.173362611990138	undirected	NA	NA
3675	13522	0.2708809612973	undirected	NA	NA
3675	13728	0.266335481740096	undirected	NA	NA
3675	13880	0.235322222864185	undirected	NA	NA
3675	14666	0.348676078426757	undirected	NA	NA
3675	15169	0.180444351905145	undirected	NA	NA
3675	15212	0.345434227540411	undirected	NA	NA
3675	15586	0.254378992926693	undirected	NA	NA
4119	4284	0.177368847360482	undirected	NA	NA
4119	4617	0.186660199926385	undirected	NA	NA
4119	5170	0.25789947739772	undirected	NA	NA
4119	5441	0.107601878495727	undirected	NA	NA
4119	5616	0.0787753147906633	undirected	NA	NA
4119	5685	0.112511624223223	undirected	NA	NA
4119	5702	0.295525579428071	undirected	NA	NA
4119	5842	0.209084543465326	undirected	NA	NA
4119	5862	0.277119625728874	undirected	NA	NA
4119	6009	0.153383399750383	undirected	NA	NA
4119	6115	0.135745475821365	undirected	NA	NA
4119	6154	0.125731458197349	undirected	NA	NA
4119	6505	0.230026940692909	undirected	NA	NA
4119	7121	0.226112107785793	undirected	NA	NA
4119	7214	0.119172222562928	undirected	NA	NA
4119	7828	0.295716270717531	undirected	NA	NA
4119	8009	0.0637682906975554	undirected	NA	NA
4119	8310	0.211910575215848	undirected	NA	NA
4119	9002	0.31268084770502	undirected	NA	NA
4119	9504	0.141526095386199	undirected	NA	NA
4119	9605	0.178332278979403	undirected	NA	NA
4119	9992	0.225139319745138	undirected	NA	NA
4119	10372	0.225883526154052	undirected	NA	NA
4119	10460	0.116623586198658	undirected	NA	NA
4119	11060	0.182025417059567	undirected	NA	NA
4119	11450	0.264527599949219	undirected	NA	NA
4119	11796	0.171558001563784	undirected	NA	NA
4119	12298	0.20910900188577	undirected	NA	NA
4119	13188	0.065697662755059	undirected	NA	NA
4119	13522	0.13826224874215	undirected	NA	NA
4119	13728	0.284210263574177	undirected	NA	NA
4119	13880	0.175856714011475	undirected	NA	NA
4119	14666	0.20145501986191	undirected	NA	NA
4119	15169	0.299483179865679	undirected	NA	NA
4119	15212	0.205001466231124	undirected	NA	NA
4119	15586	0.265944115277206	undirected	NA	NA
4284	4617	0.309417736012673	undirected	NA	NA
4284	5170	0.343953254390684	undirected	NA	NA
4284	5441	0.195795138947178	undirected	NA	NA
4284	5616	0.208239491083487	undirected	NA	NA
4284	5685	0.200213344750539	undirected	NA	NA
4284	5702	0.305869185646208	undirected	NA	NA
4284	5842	0.287575180919145	undirected	NA	NA
4284	5862	0.324803148786348	undirected	NA	NA
4284	6009	0.210801955280525	undirected	NA	NA
4284	6115	0.269802664458096	undirected	NA	NA
4284	6154	0.312441064925665	undirected	NA	NA
4284	6505	0.268245905455043	undirected	NA	NA
4284	7121	0.265679079580264	undirected	NA	NA
4284	7214	0.267556526964255	undirected	NA	NA
4284	7828	0.144160195600769	undirected	NA	NA
4284	8009	0.245629023478564	undirected	NA	NA
4284	8310	0.337416905416049	undirected	NA	NA
4284	9002	0.306613045173542	undirected	NA	NA
4284	9504	0.299190600164266	undirected	NA	NA
4284	9605	0.247360862381483	undirected	NA	NA
4284	9992	0.291834591765177	undirected	NA	NA
4284	10372	0.34693710687489	undirected	NA	NA
4284	10460	0.302256618564597	undirected	NA	NA
4284	11060	0.288519811562942	undirected	NA	NA
4284	11450	0.344146141036976	undirected	NA	NA
4284	11796	0.306898426751352	undirected	NA	NA
4284	12298	0.29440346524672	undirected	NA	NA
4284	13188	0.175959361134637	undirected	NA	NA
4284	13522	0.312554958882221	undirected	NA	NA
4284	13728	0.267414146759403	undirected	NA	NA
4284	13880	0.247088433293701	undirected	NA	NA
4284	14666	0.306927199506548	undirected	NA	NA
4284	15169	0.19346600681042	undirected	NA	NA
4284	15212	0.310462446849264	undirected	NA	NA
4284	15586	0.219388728837394	undirected	NA	NA
4617	5170	0.371654233432072	undirected	NA	NA
4617	5441	0.203462002338051	undirected	NA	NA
4617	5616	0.245272516910014	undirected	NA	NA
4617	5685	0.221581859898941	undirected	NA	NA
4617	5702	0.342112722757145	undirected	NA	NA
4617	5842	0.329955694076809	undirected	NA	NA
4617	5862	0.355204990716597	undirected	NA	NA
4617	6009	0.239598916094284	undirected	NA	NA
4617	6115	0.295495410828131	undirected	NA	NA
4617	6154	0.337935657436465	undirected	NA	NA
4617	6505	0.309183334774013	undirected	NA	NA
4617	7121	0.31203091808206	undirected	NA	NA
4617	7214	0.303504662562712	undirected	NA	NA
4617	7828	0.155968116645225	undirected	NA	NA
4617	8009	0.280555758552711	undirected	NA	NA
4617	8310	0.322131501118892	undirected	NA	NA
4617	9002	0.327525338901274	undirected	NA	NA
4617	9504	0.325569230893282	undirected	NA	NA
4617	9605	0.277256983694898	undirected	NA	NA
4617	9992	0.342979948874404	undirected	NA	NA
4617	10372	0.349343518379052	undirected	NA	NA
4617	10460	0.295353951505142	undirected	NA	NA
4617	11060	0.305089367036198	undirected	NA	NA
4617	11450	0.336211556255769	undirected	NA	NA
4617	11796	0.345772451151709	undirected	NA	NA
4617	12298	0.331724700461967	undirected	NA	NA
4617	13188	0.187356268284875	undirected	NA	NA
4617	13522	0.301392861902189	undirected	NA	NA
4617	13728	0.28159089788216	undirected	NA	NA
4617	13880	0.264244613257507	undirected	NA	NA
4617	14666	0.325076241732134	undirected	NA	NA
4617	15169	0.195761254831888	undirected	NA	NA
4617	15212	0.32699148807019	undirected	NA	NA
4617	15586	0.249903475273218	undirected	NA	NA
5170	5441	0.176472104636135	undirected	NA	NA
5170	5616	0.210242737650069	undirected	NA	NA
5170	5685	0.245240095844621	undirected	NA	NA
5170	5702	0.341154227149264	undirected	NA	NA
5170	5842	0.375137636155525	undirected	NA	NA
5170	5862	0.396697283836462	undirected	NA	NA
5170	6009	0.272986717866644	undirected	NA	NA
5170	6115	0.276589542456502	undirected	NA	NA
5170	6154	0.236542645805209	undirected	NA	NA
5170	6505	0.375293359723934	undirected	NA	NA
5170	7121	0.359510725603085	undirected	NA	NA
5170	7214	0.266730346692125	undirected	NA	NA
5170	7828	0.237012663356538	undirected	NA	NA
5170	8009	0.213657420769434	undirected	NA	NA
5170	8310	0.316136596943519	undirected	NA	NA
5170	9002	0.338526107647795	undirected	NA	NA
5170	9504	0.325036121243992	undirected	NA	NA
5170	9605	0.309361850412509	undirected	NA	NA
5170	9992	0.347256006904722	undirected	NA	NA
5170	10372	0.373530328289136	undirected	NA	NA
5170	10460	0.240052786912767	undirected	NA	NA
5170	11060	0.371214887371376	undirected	NA	NA
5170	11450	0.352124667210908	undirected	NA	NA
5170	11796	0.313777064378434	undirected	NA	NA
5170	12298	0.328677229795215	undirected	NA	NA
5170	13188	0.189022778083368	undirected	NA	NA
5170	13522	0.315474578624928	undirected	NA	NA
5170	13728	0.291048868860841	undirected	NA	NA
5170	13880	0.256960431657899	undirected	NA	NA
5170	14666	0.380858144034956	undirected	NA	NA
5170	15169	0.238647693784884	undirected	NA	NA
5170	15212	0.386180905496859	undirected	NA	NA
5170	15586	0.257174063049482	undirected	NA	NA
5441	5616	0.241067258206328	undirected	NA	NA
5441	5685	0.294888960831807	undirected	NA	NA
5441	5702	0.179528211700986	undirected	NA	NA
5441	5842	0.221922412396412	undirected	NA	NA
5441	5862	0.229487017746756	undirected	NA	NA
5441	6009	0.295985109483401	undirected	NA	NA
5441	6115	0.164509480661563	undirected	NA	NA
5441	6154	0.0914082108106007	undirected	NA	NA
5441	6505	0.219815278341028	undirected	NA	NA
5441	7121	0.192008469353327	undirected	NA	NA
5441	7214	0.158625918483051	undirected	NA	NA
5441	7828	0.114763475870978	undirected	NA	NA
5441	8009	0.108758462400184	undirected	NA	NA
5441	8310	0.223403118605799	undirected	NA	NA
5441	9002	0.194611110167389	undirected	NA	NA
5441	9504	0.227904024040072	undirected	NA	NA
5441	9605	0.163244708690925	undirected	NA	NA
5441	9992	0.183600363293163	undirected	NA	NA
5441	10372	0.198567962495851	undirected	NA	NA
5441	10460	0.108907487669844	undirected	NA	NA
5441	11060	0.246296457909398	undirected	NA	NA
5441	11450	0.228610340117552	undirected	NA	NA
5441	11796	0.201407196987568	undirected	NA	NA
5441	12298	0.248389329188096	undirected	NA	NA
5441	13188	0.192229956737306	undirected	NA	NA
5441	13522	0.237018174572293	undirected	NA	NA
5441	13728	0.214934115978879	undirected	NA	NA
5441	13880	0.0961593237082995	undirected	NA	NA
5441	14666	0.20753858407692	undirected	NA	NA
5441	15169	0.124365908006175	undirected	NA	NA
5441	15212	0.261132009777731	undirected	NA	NA
5441	15586	0.180407662743807	undirected	NA	NA
5616	5685	0.313495595323763	undirected	NA	NA
5616	5702	0.212379952296287	undirected	NA	NA
5616	5842	0.28435813056713	undirected	NA	NA
5616	5862	0.245467840253872	undirected	NA	NA
5616	6009	0.306960415236407	undirected	NA	NA
5616	6115	0.235379338312266	undirected	NA	NA
5616	6154	0.191848792924146	undirected	NA	NA
5616	6505	0.273226801795489	undirected	NA	NA
5616	7121	0.268231663029259	undirected	NA	NA
5616	7214	0.242018019103486	undirected	NA	NA
5616	7828	0.0710973255402486	undirected	NA	NA
5616	8009	0.195648822900046	undirected	NA	NA
5616	8310	0.170248246484678	undirected	NA	NA
5616	9002	0.188889278034685	undirected	NA	NA
5616	9504	0.2727722315506	undirected	NA	NA
5616	9605	0.245645663955002	undirected	NA	NA
5616	9992	0.271341092992372	undirected	NA	NA
5616	10372	0.206248060875739	undirected	NA	NA
5616	10460	0.157260306177804	undirected	NA	NA
5616	11060	0.281023086398449	undirected	NA	NA
5616	11450	0.180617329577177	undirected	NA	NA
5616	11796	0.271931718592288	undirected	NA	NA
5616	12298	0.276794955751723	undirected	NA	NA
5616	13188	0.207676925842136	undirected	NA	NA
5616	13522	0.229115405679722	undirected	NA	NA
5616	13728	0.184300201091606	undirected	NA	NA
5616	13880	0.169825048166926	undirected	NA	NA
5616	14666	0.244576486377633	undirected	NA	NA
5616	15169	0.0934983091508093	undirected	NA	NA
5616	15212	0.254032447421204	undirected	NA	NA
5616	15586	0.190977488910343	undirected	NA	NA
5685	5702	0.243354678344941	undirected	NA	NA
5685	5842	0.265341778124445	undirected	NA	NA
5685	5862	0.262506420345298	undirected	NA	NA
5685	6009	0.295072421843906	undirected	NA	NA
5685	6115	0.227751517459159	undirected	NA	NA
5685	6154	0.180094408788255	undirected	NA	NA
5685	6505	0.253572305357579	undirected	NA	NA
5685	7121	0.245903856697922	undirected	NA	NA
5685	7214	0.241608038821551	undirected	NA	NA
5685	7828	0.106029113961691	undirected	NA	NA
5685	8009	0.19111290864305	undirected	NA	NA
5685	8310	0.216839935245009	undirected	NA	NA
5685	9002	0.231915164508319	undirected	NA	NA
5685	9504	0.268640340506432	undirected	NA	NA
5685	9605	0.201627750412686	undirected	NA	NA
5685	9992	0.263349429010683	undirected	NA	NA
5685	10372	0.216835070142282	undirected	NA	NA
5685	10460	0.154265727168403	undirected	NA	NA
5685	11060	0.253653572674134	undirected	NA	NA
5685	11450	0.225475124393182	undirected	NA	NA
5685	11796	0.277135843126475	undirected	NA	NA
5685	12298	0.300482095251233	undirected	NA	NA
5685	13188	0.188051806497556	undirected	NA	NA
5685	13522	0.215088126016699	undirected	NA	NA
5685	13728	0.233123217450358	undirected	NA	NA
5685	13880	0.150400262231726	undirected	NA	NA
5685	14666	0.226575879020184	undirected	NA	NA
5685	15169	0.131405312763399	undirected	NA	NA
5685	15212	0.252558500678362	undirected	NA	NA
5685	15586	0.229280637023115	undirected	NA	NA
5702	5842	0.360630330878706	undirected	NA	NA
5702	5862	0.385237587273762	undirected	NA	NA
5702	6009	0.274185083670709	undirected	NA	NA
5702	6115	0.282243286157413	undirected	NA	NA
5702	6154	0.207974481782761	undirected	NA	NA
5702	6505	0.37589300909813	undirected	NA	NA
5702	7121	0.362825744849974	undirected	NA	NA
5702	7214	0.271314444140613	undirected	NA	NA
5702	7828	0.281380952622369	undirected	NA	NA
5702	8009	0.188699914836101	undirected	NA	NA
5702	8310	0.277899823032548	undirected	NA	NA
5702	9002	0.339687419064656	undirected	NA	NA
5702	9504	0.311715663001435	undirected	NA	NA
5702	9605	0.321312740756406	undirected	NA	NA
5702	9992	0.343268382630077	undirected	NA	NA
5702	10372	0.337387308931217	undirected	NA	NA
5702	10460	0.198864031378854	undirected	NA	NA
5702	11060	0.347551802113195	undirected	NA	NA
5702	11450	0.323649857339404	undirected	NA	NA
5702	11796	0.287831393677404	undirected	NA	NA
5702	12298	0.314477784742474	undirected	NA	NA
5702	13188	0.155730220597957	undirected	NA	NA
5702	13522	0.28013513399439	undirected	NA	NA
5702	13728	0.303126951445387	undirected	NA	NA
5702	13880	0.255867714904451	undirected	NA	NA
5702	14666	0.353174947735797	undirected	NA	NA
5702	15169	0.274077053808984	undirected	NA	NA
5702	15212	0.353422082341188	undirected	NA	NA
5702	15586	0.29729571777195	undirected	NA	NA
5842	5862	0.351226505154549	undirected	NA	NA
5842	6009	0.254860240395892	undirected	NA	NA
5842	6115	0.311678993184603	undirected	NA	NA
5842	6154	0.29422339673749	undirected	NA	NA
5842	6505	0.326590205249084	undirected	NA	NA
5842	7121	0.311026619853733	undirected	NA	NA
5842	7214	0.321951569641065	undirected	NA	NA
5842	7828	0.186258272129489	undirected	NA	NA
5842	8009	0.272826048468513	undirected	NA	NA
5842	8310	0.294254489229593	undirected	NA	NA
5842	9002	0.340490525083825	undirected	NA	NA
5842	9504	0.350258841552154	undirected	NA	NA
5842	9605	0.311116307873692	undirected	NA	NA
5842	9992	0.35026083725274	undirected	NA	NA
5842	10372	0.304931837535879	undirected	NA	NA
5842	10460	0.234159293041664	undirected	NA	NA
5842	11060	0.338325396093164	undirected	NA	NA
5842	11450	0.314105255265242	undirected	NA	NA
5842	11796	0.345533806968305	undirected	NA	NA
5842	12298	0.348572137329088	undirected	NA	NA
5842	13188	0.179434426960478	undirected	NA	NA
5842	13522	0.297955031030652	undirected	NA	NA
5842	13728	0.298135694051221	undirected	NA	NA
5842	13880	0.224295747542121	undirected	NA	NA
5842	14666	0.328748224105352	undirected	NA	NA
5842	15169	0.209926147528344	undirected	NA	NA
5842	15212	0.318442321169051	undirected	NA	NA
5842	15586	0.285492275179897	undirected	NA	NA
5862	6009	0.277863706855423	undirected	NA	NA
5862	6115	0.307488886477329	undirected	NA	NA
5862	6154	0.270064190742007	undirected	NA	NA
5862	6505	0.362776392579093	undirected	NA	NA
5862	7121	0.344094803113338	undirected	NA	NA
5862	7214	0.300163488396254	undirected	NA	NA
5862	7828	0.253083315439657	undirected	NA	NA
5862	8009	0.238874908080068	undirected	NA	NA
5862	8310	0.322822956335733	undirected	NA	NA
5862	9002	0.381414236996121	undirected	NA	NA
5862	9504	0.34068892950486	undirected	NA	NA
5862	9605	0.323640834362165	undirected	NA	NA
5862	9992	0.331034992459541	undirected	NA	NA
5862	10372	0.334733746936124	undirected	NA	NA
5862	10460	0.219986662696977	undirected	NA	NA
5862	11060	0.357598654071921	undirected	NA	NA
5862	11450	0.349299164384713	undirected	NA	NA
5862	11796	0.323871463059772	undirected	NA	NA
5862	12298	0.342999438971693	undirected	NA	NA
5862	13188	0.175059386363524	undirected	NA	NA
5862	13522	0.314198606604898	undirected	NA	NA
5862	13728	0.341940533172265	undirected	NA	NA
5862	13880	0.254072219967869	undirected	NA	NA
5862	14666	0.361624851840576	undirected	NA	NA
5862	15169	0.275708547997355	undirected	NA	NA
5862	15212	0.360309294647928	undirected	NA	NA
5862	15586	0.319708576869745	undirected	NA	NA
6009	6115	0.257727176450425	undirected	NA	NA
6009	6154	0.178258265558789	undirected	NA	NA
6009	6505	0.257046030168894	undirected	NA	NA
6009	7121	0.241886144993238	undirected	NA	NA
6009	7214	0.261009952130696	undirected	NA	NA
6009	7828	0.147887117736416	undirected	NA	NA
6009	8009	0.178132387063518	undirected	NA	NA
6009	8310	0.241630146909857	undirected	NA	NA
6009	9002	0.270151825593204	undirected	NA	NA
6009	9504	0.293951294778385	undirected	NA	NA
6009	9605	0.241403291742741	undirected	NA	NA
6009	9992	0.265332215661908	undirected	NA	NA
6009	10372	0.225323417781792	undirected	NA	NA
6009	10460	0.151132919163461	undirected	NA	NA
6009	11060	0.269981053124791	undirected	NA	NA
6009	11450	0.255731624990457	undirected	NA	NA
6009	11796	0.271686516343824	undirected	NA	NA
6009	12298	0.305397708456325	undirected	NA	NA
6009	13188	0.159859384144331	undirected	NA	NA
6009	13522	0.248248349911586	undirected	NA	NA
6009	13728	0.273090236355828	undirected	NA	NA
6009	13880	0.154524755253766	undirected	NA	NA
6009	14666	0.239693631885515	undirected	NA	NA
6009	15169	0.175644090828069	undirected	NA	NA
6009	15212	0.253664245024315	undirected	NA	NA
6009	15586	0.26520346484943	undirected	NA	NA
6115	6154	0.268365932304508	undirected	NA	NA
6115	6505	0.321026087527645	undirected	NA	NA
6115	7121	0.324324776675038	undirected	NA	NA
6115	7214	0.294511514492807	undirected	NA	NA
6115	7828	0.114650203226446	undirected	NA	NA
6115	8009	0.190175833195519	undirected	NA	NA
6115	8310	0.215893822440558	undirected	NA	NA
6115	9002	0.257070375269497	undirected	NA	NA
6115	9504	0.2662546924793	undirected	NA	NA
6115	9605	0.311274584138633	undirected	NA	NA
6115	9992	0.318375317568698	undirected	NA	NA
6115	10372	0.282638714814913	undirected	NA	NA
6115	10460	0.217402743086932	undirected	NA	NA
6115	11060	0.288469247274704	undirected	NA	NA
6115	11450	0.243530879116759	undirected	NA	NA
6115	11796	0.276077764508204	undirected	NA	NA
6115	12298	0.27179965160812	undirected	NA	NA
6115	13188	0.148823795029961	undirected	NA	NA
6115	13522	0.242476187296486	undirected	NA	NA
6115	13728	0.234137132221499	undirected	NA	NA
6115	13880	0.29874727486679	undirected	NA	NA
6115	14666	0.302536101184691	undirected	NA	NA
6115	15169	0.157757447002463	undirected	NA	NA
6115	15212	0.283917461573408	undirected	NA	NA
6115	15586	0.230286347048321	undirected	NA	NA
6154	6505	0.284538962631251	undirected	NA	NA
6154	7121	0.277198615907359	undirected	NA	NA
6154	7214	0.278766299916731	undirected	NA	NA
6154	7828	0.101731167453177	undirected	NA	NA
6154	8009	0.207712025288141	undirected	NA	NA
6154	8310	0.210192687144694	undirected	NA	NA
6154	9002	0.196025576823239	undirected	NA	NA
6154	9504	0.305325125885669	undirected	NA	NA
6154	9605	0.271490573002994	undirected	NA	NA
6154	9992	0.254039973469324	undirected	NA	NA
6154	10372	0.302047758198031	undirected	NA	NA
6154	10460	0.248657712233502	undirected	NA	NA
6154	11060	0.310454367484431	undirected	NA	NA
6154	11450	0.225318776091688	undirected	NA	NA
6154	11796	0.231732765068567	undirected	NA	NA
6154	12298	0.208392161966167	undirected	NA	NA
6154	13188	0.171806700938208	undirected	NA	NA
6154	13522	0.290429016532608	undirected	NA	NA
6154	13728	0.15361661633279	undirected	NA	NA
6154	13880	0.243160984757607	undirected	NA	NA
6154	14666	0.333744614040348	undirected	NA	NA
6154	15169	0.116606624312815	undirected	NA	NA
6154	15212	0.304691732921257	undirected	NA	NA
6154	15586	0.134969621665929	undirected	NA	NA
6505	7121	0.327967205085638	undirected	NA	NA
6505	7214	0.325601086036922	undirected	NA	NA
6505	7828	0.207160557258598	undirected	NA	NA
6505	8009	0.239432478657269	undirected	NA	NA
6505	8310	0.286930786145492	undirected	NA	NA
6505	9002	0.355526497793868	undirected	NA	NA
6505	9504	0.334086686458129	undirected	NA	NA
6505	9605	0.319588446267	undirected	NA	NA
6505	9992	0.360552213476007	undirected	NA	NA
6505	10372	0.307190732632586	undirected	NA	NA
6505	10460	0.222207126326303	undirected	NA	NA
6505	11060	0.315006534385605	undirected	NA	NA
6505	11450	0.31737098691757	undirected	NA	NA
6505	11796	0.333521634629618	undirected	NA	NA
6505	12298	0.346315900502786	undirected	NA	NA
6505	13188	0.148980711475265	undirected	NA	NA
6505	13522	0.274656174362151	undirected	NA	NA
6505	13728	0.318889978802207	undirected	NA	NA
6505	13880	0.251493276987534	undirected	NA	NA
6505	14666	0.310280929694154	undirected	NA	NA
6505	15169	0.236995409543237	undirected	NA	NA
6505	15212	0.296618017072769	undirected	NA	NA
6505	15586	0.313522823885947	undirected	NA	NA
7121	7214	0.331801262880388	undirected	NA	NA
7121	7828	0.203405516601847	undirected	NA	NA
7121	8009	0.232058386744002	undirected	NA	NA
7121	8310	0.262179975180883	undirected	NA	NA
7121	9002	0.338380890562081	undirected	NA	NA
7121	9504	0.334339819224314	undirected	NA	NA
7121	9605	0.329535622097287	undirected	NA	NA
7121	9992	0.349244908227172	undirected	NA	NA
7121	10372	0.287160495157723	undirected	NA	NA
7121	10460	0.208769018646089	undirected	NA	NA
7121	11060	0.316239450393032	undirected	NA	NA
7121	11450	0.292948654166857	undirected	NA	NA
7121	11796	0.316055654702639	undirected	NA	NA
7121	12298	0.325382851894221	undirected	NA	NA
7121	13188	0.14313805510228	undirected	NA	NA
7121	13522	0.266861877004284	undirected	NA	NA
7121	13728	0.297750732406766	undirected	NA	NA
7121	13880	0.24333831254154	undirected	NA	NA
7121	14666	0.313163349051939	undirected	NA	NA
7121	15169	0.225922056781214	undirected	NA	NA
7121	15212	0.292834026883818	undirected	NA	NA
7121	15586	0.298919986511483	undirected	NA	NA
7214	7828	0.100149601216927	undirected	NA	NA
7214	8009	0.205692630728679	undirected	NA	NA
7214	8310	0.200014146320788	undirected	NA	NA
7214	9002	0.239930996780635	undirected	NA	NA
7214	9504	0.285137986645841	undirected	NA	NA
7214	9605	0.320633832591512	undirected	NA	NA
7214	9992	0.325730954048467	undirected	NA	NA
7214	10372	0.274217988316185	undirected	NA	NA
7214	10460	0.218626264473546	undirected	NA	NA
7214	11060	0.300573904045197	undirected	NA	NA
7214	11450	0.224521871817401	undirected	NA	NA
7214	11796	0.28345209280527	undirected	NA	NA
7214	12298	0.271549770041262	undirected	NA	NA
7214	13188	0.161608637868158	undirected	NA	NA
7214	13522	0.247390996312131	undirected	NA	NA
7214	13728	0.214347200561131	undirected	NA	NA
7214	13880	0.291166457042528	undirected	NA	NA
7214	14666	0.307171945193554	undirected	NA	NA
7214	15169	0.135884322766972	undirected	NA	NA
7214	15212	0.284221780345797	undirected	NA	NA
7214	15586	0.215656489219741	undirected	NA	NA
7828	8009	0.0487368025864806	undirected	NA	NA
7828	8310	0.188046648988104	undirected	NA	NA
7828	9002	0.300362882675152	undirected	NA	NA
7828	9504	0.121176657632418	undirected	NA	NA
7828	9605	0.155404811948296	undirected	NA	NA
7828	9992	0.205614715593719	undirected	NA	NA
7828	10372	0.189184395408541	undirected	NA	NA
7828	10460	0.0907117988480692	undirected	NA	NA
7828	11060	0.158771066085595	undirected	NA	NA
7828	11450	0.237876941769891	undirected	NA	NA
7828	11796	0.155639294933418	undirected	NA	NA
7828	12298	0.200179779417303	undirected	NA	NA
7828	13188	0.0573554851367903	undirected	NA	NA
7828	13522	0.114874600206399	undirected	NA	NA
7828	13728	0.284772495977843	undirected	NA	NA
7828	13880	0.14240353160543	undirected	NA	NA
7828	14666	0.169496426889373	undirected	NA	NA
7828	15169	0.304868940002834	undirected	NA	NA
7828	15212	0.178034584643545	undirected	NA	NA
7828	15586	0.277998656375668	undirected	NA	NA
8009	8310	0.204737869971984	undirected	NA	NA
8009	9002	0.173417356371592	undirected	NA	NA
8009	9504	0.265733737965101	undirected	NA	NA
8009	9605	0.198548949321318	undirected	NA	NA
8009	9992	0.234959966413576	undirected	NA	NA
8009	10372	0.244950087362487	undirected	NA	NA
8009	10460	0.217028594602689	undirected	NA	NA
8009	11060	0.290767449284677	undirected	NA	NA
8009	11450	0.197946327094766	undirected	NA	NA
8009	11796	0.25987815313461	undirected	NA	NA
8009	12298	0.230446870468158	undirected	NA	NA
8009	13188	0.251307953440137	undirected	NA	NA
8009	13522	0.252771353863393	undirected	NA	NA
8009	13728	0.134569402410189	undirected	NA	NA
8009	13880	0.142837882104328	undirected	NA	NA
8009	14666	0.273307554204219	undirected	NA	NA
8009	15169	0.068425813357584	undirected	NA	NA
8009	15212	0.27836082295273	undirected	NA	NA
8009	15586	0.113160571866751	undirected	NA	NA
8310	9002	0.299563115817565	undirected	NA	NA
8310	9504	0.270413812947801	undirected	NA	NA
8310	9605	0.223556735787692	undirected	NA	NA
8310	9992	0.25214383791302	undirected	NA	NA
8310	10372	0.349007060199055	undirected	NA	NA
8310	10460	0.23900683065271	undirected	NA	NA
8310	11060	0.315015190907466	undirected	NA	NA
8310	11450	0.344267722918632	undirected	NA	NA
8310	11796	0.258947571090524	undirected	NA	NA
8310	12298	0.271713209006938	undirected	NA	NA
8310	13188	0.20272181511163	undirected	NA	NA
8310	13522	0.324092011260766	undirected	NA	NA
8310	13728	0.275040928556608	undirected	NA	NA
8310	13880	0.202654221582212	undirected	NA	NA
8310	14666	0.329503626351905	undirected	NA	NA
8310	15169	0.218900930369923	undirected	NA	NA
8310	15212	0.358239552998243	undirected	NA	NA
8310	15586	0.219976314925031	undirected	NA	NA
9002	9504	0.287211952726102	undirected	NA	NA
9002	9605	0.292430353954525	undirected	NA	NA
9002	9992	0.322574530688939	undirected	NA	NA
9002	10372	0.34183781067683	undirected	NA	NA
9002	10460	0.197593816848265	undirected	NA	NA
9002	11060	0.330335969776275	undirected	NA	NA
9002	11450	0.345999779757298	undirected	NA	NA
9002	11796	0.277059858534381	undirected	NA	NA
9002	12298	0.31038169430252	undirected	NA	NA
9002	13188	0.151444252867603	undirected	NA	NA
9002	13522	0.278250958215766	undirected	NA	NA
9002	13728	0.318494673109361	undirected	NA	NA
9002	13880	0.244243718524393	undirected	NA	NA
9002	14666	0.340760613825974	undirected	NA	NA
9002	15169	0.298113651264227	undirected	NA	NA
9002	15212	0.351031473113899	undirected	NA	NA
9002	15586	0.300754424598201	undirected	NA	NA
9504	9605	0.289238219621362	undirected	NA	NA
9504	9992	0.350428434830547	undirected	NA	NA
9504	10372	0.316428768342467	undirected	NA	NA
9504	10460	0.258026179445589	undirected	NA	NA
9504	11060	0.331826623882452	undirected	NA	NA
9504	11450	0.285660233595936	undirected	NA	NA
9504	11796	0.346008375451176	undirected	NA	NA
9504	12298	0.335857440467775	undirected	NA	NA
9504	13188	0.215649618329217	undirected	NA	NA
9504	13522	0.280766923104115	undirected	NA	NA
9504	13728	0.257749479765354	undirected	NA	NA
9504	13880	0.25784322100544	undirected	NA	NA
9504	14666	0.330112893434637	undirected	NA	NA
9504	15169	0.156886232584406	undirected	NA	NA
9504	15212	0.330839117783295	undirected	NA	NA
9504	15586	0.244037070236523	undirected	NA	NA
9605	9992	0.337692338289144	undirected	NA	NA
9605	10372	0.278733546433094	undirected	NA	NA
9605	10460	0.204909034491767	undirected	NA	NA
9605	11060	0.272187452082432	undirected	NA	NA
9605	11450	0.256572169296729	undirected	NA	NA
9605	11796	0.285509958404683	undirected	NA	NA
9605	12298	0.288182735176747	undirected	NA	NA
9605	13188	0.12914514293854	undirected	NA	NA
9605	13522	0.21761643016832	undirected	NA	NA
9605	13728	0.260933053955028	undirected	NA	NA
9605	13880	0.287017758773146	undirected	NA	NA
9605	14666	0.287483395634736	undirected	NA	NA
9605	15169	0.191369398724179	undirected	NA	NA
9605	15212	0.271165308176162	undirected	NA	NA
9605	15586	0.266040202725231	undirected	NA	NA
9992	10372	0.297538829845645	undirected	NA	NA
9992	10460	0.189703666339931	undirected	NA	NA
9992	11060	0.352154385815265	undirected	NA	NA
9992	11450	0.276437506179084	undirected	NA	NA
9992	11796	0.30041006508408	undirected	NA	NA
9992	12298	0.309504629709436	undirected	NA	NA
9992	13188	0.168694994986889	undirected	NA	NA
9992	13522	0.287685508243055	undirected	NA	NA
9992	13728	0.279558708120825	undirected	NA	NA
9992	13880	0.244376108152386	undirected	NA	NA
9992	14666	0.345413197598678	undirected	NA	NA
9992	15169	0.214548684465411	undirected	NA	NA
9992	15212	0.3319464390565	undirected	NA	NA
9992	15586	0.278998707489451	undirected	NA	NA
10372	10460	0.278597296212777	undirected	NA	NA
10372	11060	0.327923005304536	undirected	NA	NA
10372	11450	0.362066037774474	undirected	NA	NA
10372	11796	0.308146342661196	undirected	NA	NA
10372	12298	0.305426904988653	undirected	NA	NA
10372	13188	0.177399902859275	undirected	NA	NA
10372	13522	0.331225859346574	undirected	NA	NA
10372	13728	0.296642495384758	undirected	NA	NA
10372	13880	0.251499038281249	undirected	NA	NA
10372	14666	0.351916581648325	undirected	NA	NA
10372	15169	0.233827617300475	undirected	NA	NA
10372	15212	0.344461565923787	undirected	NA	NA
10372	15586	0.24864910000222	undirected	NA	NA
10460	11060	0.26385421791299	undirected	NA	NA
10460	11450	0.231809303287674	undirected	NA	NA
10460	11796	0.213428381536542	undirected	NA	NA
10460	12298	0.18918884107817	undirected	NA	NA
10460	13188	0.174659217173905	undirected	NA	NA
10460	13522	0.289940657915071	undirected	NA	NA
10460	13728	0.159057386059697	undirected	NA	NA
10460	13880	0.19848407593583	undirected	NA	NA
10460	14666	0.290674155195837	undirected	NA	NA
10460	15169	0.117236045757422	undirected	NA	NA
10460	15212	0.276543128961692	undirected	NA	NA
10460	15586	0.12535583828865	undirected	NA	NA
11060	11450	0.327001859103692	undirected	NA	NA
11060	11796	0.363066063358384	undirected	NA	NA
11060	12298	0.359173135388347	undirected	NA	NA
11060	13188	0.205100754115455	undirected	NA	NA
11060	13522	0.293310178471012	undirected	NA	NA
11060	13728	0.292742503813863	undirected	NA	NA
11060	13880	0.232913404801268	undirected	NA	NA
11060	14666	0.313835947444407	undirected	NA	NA
11060	15169	0.191280064345667	undirected	NA	NA
11060	15212	0.327117765891907	undirected	NA	NA
11060	15586	0.269583443042865	undirected	NA	NA
11450	11796	0.267252482454801	undirected	NA	NA
11450	12298	0.287961514166924	undirected	NA	NA
11450	13188	0.179228072016898	undirected	NA	NA
11450	13522	0.321397005695899	undirected	NA	NA
11450	13728	0.319023973567866	undirected	NA	NA
11450	13880	0.233321100829406	undirected	NA	NA
11450	14666	0.346470599555688	undirected	NA	NA
11450	15169	0.272360468360374	undirected	NA	NA
11450	15212	0.366083816699459	undirected	NA	NA
11450	15586	0.266100898955569	undirected	NA	NA
11796	12298	0.292391831279642	undirected	NA	NA
11796	13188	0.230873969824545	undirected	NA	NA
11796	13522	0.317990647469897	undirected	NA	NA
11796	13728	0.240597809717313	undirected	NA	NA
11796	13880	0.201672439002004	undirected	NA	NA
11796	14666	0.345029968025499	undirected	NA	NA
11796	15169	0.165387410072457	undirected	NA	NA
11796	15212	0.353907615516895	undirected	NA	NA
11796	15586	0.223166045188004	undirected	NA	NA
12298	13188	0.213127690803691	undirected	NA	NA
12298	13522	0.306302455589053	undirected	NA	NA
12298	13728	0.285816504339662	undirected	NA	NA
12298	13880	0.197026715242601	undirected	NA	NA
12298	14666	0.335716897302157	undirected	NA	NA
12298	15169	0.206377186949621	undirected	NA	NA
12298	15212	0.355914572136534	undirected	NA	NA
12298	15586	0.272051533386563	undirected	NA	NA
13188	13522	0.221584913230032	undirected	NA	NA
13188	13728	0.136506625861815	undirected	NA	NA
13188	13880	0.0875608817748751	undirected	NA	NA
13188	14666	0.179108650919504	undirected	NA	NA
13188	15169	0.0704684740525322	undirected	NA	NA
13188	15212	0.196560820026974	undirected	NA	NA
13188	15586	0.114409060394572	undirected	NA	NA
13522	13728	0.253286511617305	undirected	NA	NA
13522	13880	0.223822479430236	undirected	NA	NA
13522	14666	0.307366360417054	undirected	NA	NA
13522	15169	0.158989497965617	undirected	NA	NA
13522	15212	0.325470062876925	undirected	NA	NA
13522	15586	0.209455434887631	undirected	NA	NA
13728	13880	0.208118607815707	undirected	NA	NA
13728	14666	0.294798396478651	undirected	NA	NA
13728	15169	0.290703628352603	undirected	NA	NA
13728	15212	0.315701815108849	undirected	NA	NA
13728	15586	0.295564830483477	undirected	NA	NA
13880	14666	0.266419910411356	undirected	NA	NA
13880	15169	0.184878160363599	undirected	NA	NA
13880	15212	0.226375772514008	undirected	NA	NA
13880	15586	0.192507536469207	undirected	NA	NA
14666	15169	0.210993222959325	undirected	NA	NA
14666	15212	0.325876107606437	undirected	NA	NA
14666	15586	0.261975215649535	undirected	NA	NA
15169	15212	0.218603081073418	undirected	NA	NA
15169	15586	0.261283655115871	undirected	NA	NA
15212	15586	0.274246473211909	undirected	NA	NA
