fromNode	toNode	weight	direction	fromAltName	toAltName
167	182	0.480658768731842	undirected	NA	NA
167	410	0.343439460983447	undirected	NA	NA
167	1708	0.45904533019385	undirected	NA	NA
167	1865	0.433020895647085	undirected	NA	NA
167	2001	0.162457372991715	undirected	NA	NA
167	2278	0.368698990672766	undirected	NA	NA
167	2285	0.170472066384387	undirected	NA	NA
167	2445	0.301449273778551	undirected	NA	NA
167	2468	0.252804923508789	undirected	NA	NA
167	2871	0.434045742140872	undirected	NA	NA
167	3695	0.493479001724359	undirected	NA	NA
167	4103	0.481473240796625	undirected	NA	NA
167	4607	0.285887774971747	undirected	NA	NA
167	4708	0.188974763260017	undirected	NA	NA
167	4941	0.233233447894921	undirected	NA	NA
167	5015	0.475465081179348	undirected	NA	NA
167	5022	0.464717006488809	undirected	NA	NA
167	5247	0.318991769787162	undirected	NA	NA
167	5300	0.493474707302841	undirected	NA	NA
167	5732	0.262198751505839	undirected	NA	NA
167	6288	0.323902343854053	undirected	NA	NA
167	6610	0.28698311339272	undirected	NA	NA
167	6836	0.495341038942808	undirected	NA	NA
167	6855	0.387033611658603	undirected	NA	NA
167	7027	0.274494707473491	undirected	NA	NA
167	7809	0.222298935741163	undirected	NA	NA
167	7922	0.438755709117251	undirected	NA	NA
167	8267	0.343550120242374	undirected	NA	NA
167	8345	0.461305620503706	undirected	NA	NA
167	8874	0.453314369918148	undirected	NA	NA
167	8985	0.323162774971025	undirected	NA	NA
167	9276	0.270724979985026	undirected	NA	NA
167	9397	0.450389244885109	undirected	NA	NA
167	9403	0.50225470103453	undirected	NA	NA
167	10823	0.190941735525145	undirected	NA	NA
167	10903	0.498742045661129	undirected	NA	NA
167	11022	0.342342359645043	undirected	NA	NA
167	11369	0.19936739723037	undirected	NA	NA
167	11476	0.531422760609925	undirected	NA	NA
167	11647	0.495769941436691	undirected	NA	NA
167	12146	0.301464056943912	undirected	NA	NA
167	12381	0.332952891443554	undirected	NA	NA
167	12389	0.0849515324506529	undirected	NA	NA
167	12431	0.495358907407093	undirected	NA	NA
167	12719	0.287403641736031	undirected	NA	NA
167	12794	0.452766639213406	undirected	NA	NA
167	13251	0.279374241250678	undirected	NA	NA
167	14017	0.526904252378616	undirected	NA	NA
167	14085	0.191569919543546	undirected	NA	NA
167	14108	0.258159637612621	undirected	NA	NA
167	14321	0.312898531494345	undirected	NA	NA
167	14824	0.349676030910084	undirected	NA	NA
167	15131	0.493392463880643	undirected	NA	NA
167	15227	0.2815561320288	undirected	NA	NA
167	15280	0.464755749142032	undirected	NA	NA
167	15331	0.364942357525889	undirected	NA	NA
167	15343	0.227853173034137	undirected	NA	NA
167	15474	0.530135661879794	undirected	NA	NA
167	15494	0.241478343052287	undirected	NA	NA
182	410	0.338818944944702	undirected	NA	NA
182	1708	0.484221985618958	undirected	NA	NA
182	1865	0.48533317011682	undirected	NA	NA
182	2001	0.126737960830535	undirected	NA	NA
182	2278	0.396815371542111	undirected	NA	NA
182	2285	0.21624770259691	undirected	NA	NA
182	2445	0.285516543800336	undirected	NA	NA
182	2468	0.290883005744989	undirected	NA	NA
182	2871	0.482193080706767	undirected	NA	NA
182	3695	0.497834243219048	undirected	NA	NA
182	4103	0.485012614772819	undirected	NA	NA
182	4607	0.30607971846436	undirected	NA	NA
182	4708	0.156897216838582	undirected	NA	NA
182	4941	0.207475499537573	undirected	NA	NA
182	5015	0.489393451692811	undirected	NA	NA
182	5022	0.487859374692632	undirected	NA	NA
182	5247	0.293015287969618	undirected	NA	NA
182	5300	0.491999697226724	undirected	NA	NA
182	5732	0.323326234968847	undirected	NA	NA
182	6288	0.297454130591193	undirected	NA	NA
182	6610	0.270297934128069	undirected	NA	NA
182	6836	0.497205881120865	undirected	NA	NA
182	6855	0.39123263496087	undirected	NA	NA
182	7027	0.249916178738894	undirected	NA	NA
182	7809	0.201799384785283	undirected	NA	NA
182	7922	0.492790356229691	undirected	NA	NA
182	8267	0.351004973702742	undirected	NA	NA
182	8345	0.465442632266159	undirected	NA	NA
182	8874	0.488050773219559	undirected	NA	NA
182	8985	0.336691331497172	undirected	NA	NA
182	9276	0.310002041466873	undirected	NA	NA
182	9397	0.493047206995696	undirected	NA	NA
182	9403	0.505559948924388	undirected	NA	NA
182	10823	0.186966983713186	undirected	NA	NA
182	10903	0.54223761944916	undirected	NA	NA
182	11022	0.343102749346567	undirected	NA	NA
182	11369	0.208498242979891	undirected	NA	NA
182	11476	0.566416657013063	undirected	NA	NA
182	11647	0.494601608338942	undirected	NA	NA
182	12146	0.300474404571289	undirected	NA	NA
182	12381	0.390774518261484	undirected	NA	NA
182	12389	0.0837841495206698	undirected	NA	NA
182	12431	0.493944391270211	undirected	NA	NA
182	12719	0.30621985272108	undirected	NA	NA
182	12794	0.492284431074772	undirected	NA	NA
182	13251	0.27138900594267	undirected	NA	NA
182	14017	0.554868413682462	undirected	NA	NA
182	14085	0.169413530045045	undirected	NA	NA
182	14108	0.231457325084601	undirected	NA	NA
182	14321	0.286374081440665	undirected	NA	NA
182	14824	0.349501748462961	undirected	NA	NA
182	15131	0.493997267046427	undirected	NA	NA
182	15227	0.303289752318667	undirected	NA	NA
182	15280	0.478557251039744	undirected	NA	NA
182	15331	0.367272899665072	undirected	NA	NA
182	15343	0.228087247363689	undirected	NA	NA
182	15474	0.552624489272694	undirected	NA	NA
182	15494	0.220440511181987	undirected	NA	NA
410	1708	0.332972747135784	undirected	NA	NA
410	1865	0.341711567757336	undirected	NA	NA
410	2001	0.0556371761777594	undirected	NA	NA
410	2278	0.174291124090343	undirected	NA	NA
410	2285	0.1009251134418	undirected	NA	NA
410	2445	0.0855439884975196	undirected	NA	NA
410	2468	0.10573109889817	undirected	NA	NA
410	2871	0.339067773743501	undirected	NA	NA
410	3695	0.343996419478601	undirected	NA	NA
410	4103	0.335819581480566	undirected	NA	NA
410	4607	0.304649977907284	undirected	NA	NA
410	4708	0.0667341664524032	undirected	NA	NA
410	4941	0.0954023852476013	undirected	NA	NA
410	5015	0.349074805115166	undirected	NA	NA
410	5022	0.359618170052339	undirected	NA	NA
410	5247	0.279793929721315	undirected	NA	NA
410	5300	0.34129183377753	undirected	NA	NA
410	5732	0.155689135375403	undirected	NA	NA
410	6288	0.110553256939869	undirected	NA	NA
410	6610	0.115051837850614	undirected	NA	NA
410	6836	0.331179705038075	undirected	NA	NA
410	6855	0.25028349944421	undirected	NA	NA
410	7027	0.109738500973571	undirected	NA	NA
410	7809	0.0712893317746665	undirected	NA	NA
410	7922	0.349517600190373	undirected	NA	NA
410	8267	0.26781816110356	undirected	NA	NA
410	8345	0.313148900308445	undirected	NA	NA
410	8874	0.335531908154103	undirected	NA	NA
410	8985	0.253179723525623	undirected	NA	NA
410	9276	0.121461951622515	undirected	NA	NA
410	9397	0.347857157982653	undirected	NA	NA
410	9403	0.328397609171334	undirected	NA	NA
410	10823	0.184403138927626	undirected	NA	NA
410	10903	0.256132765068977	undirected	NA	NA
410	11022	0.167603710791741	undirected	NA	NA
410	11369	0.0996205383654784	undirected	NA	NA
410	11476	0.276318043986512	undirected	NA	NA
410	11647	0.326795064649518	undirected	NA	NA
410	12146	0.262461272640227	undirected	NA	NA
410	12381	0.167994210641137	undirected	NA	NA
410	12389	0.0243665476256369	undirected	NA	NA
410	12431	0.349927655123931	undirected	NA	NA
410	12719	0.171942750786019	undirected	NA	NA
410	12794	0.352231995512282	undirected	NA	NA
410	13251	0.0872400917767333	undirected	NA	NA
410	14017	0.297630275525234	undirected	NA	NA
410	14085	0.0714675153236784	undirected	NA	NA
410	14108	0.0816742639322146	undirected	NA	NA
410	14321	0.0937975730580342	undirected	NA	NA
410	14824	0.238639341398336	undirected	NA	NA
410	15131	0.338250996800257	undirected	NA	NA
410	15227	0.15872014001984	undirected	NA	NA
410	15280	0.338504318959144	undirected	NA	NA
410	15331	0.268146005980795	undirected	NA	NA
410	15343	0.112131661851922	undirected	NA	NA
410	15474	0.311349721485078	undirected	NA	NA
410	15494	0.128478835269205	undirected	NA	NA
1708	1865	0.464846198187559	undirected	NA	NA
1708	2001	0.15667560863254	undirected	NA	NA
1708	2278	0.379645950748509	undirected	NA	NA
1708	2285	0.190321268682645	undirected	NA	NA
1708	2445	0.305503651441187	undirected	NA	NA
1708	2468	0.270830429918419	undirected	NA	NA
1708	2871	0.455009925554433	undirected	NA	NA
1708	3695	0.501595535460407	undirected	NA	NA
1708	4103	0.487897382017354	undirected	NA	NA
1708	4607	0.295010785446547	undirected	NA	NA
1708	4708	0.180163664755794	undirected	NA	NA
1708	4941	0.210852244255099	undirected	NA	NA
1708	5015	0.477953327587347	undirected	NA	NA
1708	5022	0.465074182521064	undirected	NA	NA
1708	5247	0.290545332494363	undirected	NA	NA
1708	5300	0.501944112992981	undirected	NA	NA
1708	5732	0.295717026042395	undirected	NA	NA
1708	6288	0.319794794851272	undirected	NA	NA
1708	6610	0.268617241611258	undirected	NA	NA
1708	6836	0.503015241974663	undirected	NA	NA
1708	6855	0.389287139683092	undirected	NA	NA
1708	7027	0.271451609862201	undirected	NA	NA
1708	7809	0.22199002479431	undirected	NA	NA
1708	7922	0.467818790643282	undirected	NA	NA
1708	8267	0.348775393997601	undirected	NA	NA
1708	8345	0.461900278341306	undirected	NA	NA
1708	8874	0.459352200285762	undirected	NA	NA
1708	8985	0.331872272412525	undirected	NA	NA
1708	9276	0.29694805966448	undirected	NA	NA
1708	9397	0.467185907406826	undirected	NA	NA
1708	9403	0.51487348774682	undirected	NA	NA
1708	10823	0.17598503260066	undirected	NA	NA
1708	10903	0.522023354077888	undirected	NA	NA
1708	11022	0.333223799902767	undirected	NA	NA
1708	11369	0.20445900803225	undirected	NA	NA
1708	11476	0.560293995378353	undirected	NA	NA
1708	11647	0.507085267452764	undirected	NA	NA
1708	12146	0.288123042224856	undirected	NA	NA
1708	12381	0.364363087825028	undirected	NA	NA
1708	12389	0.108294546811115	undirected	NA	NA
1708	12431	0.502729816038826	undirected	NA	NA
1708	12719	0.30629835819951	undirected	NA	NA
1708	12794	0.465746625071545	undirected	NA	NA
1708	13251	0.305829944899925	undirected	NA	NA
1708	14017	0.551485422087411	undirected	NA	NA
1708	14085	0.170235374745349	undirected	NA	NA
1708	14108	0.259129735899346	undirected	NA	NA
1708	14321	0.315148247312545	undirected	NA	NA
1708	14824	0.37125503371948	undirected	NA	NA
1708	15131	0.502787928959711	undirected	NA	NA
1708	15227	0.300391970055067	undirected	NA	NA
1708	15280	0.468536258516261	undirected	NA	NA
1708	15331	0.354377702998885	undirected	NA	NA
1708	15343	0.218520977659168	undirected	NA	NA
1708	15474	0.552406091151365	undirected	NA	NA
1708	15494	0.23685099491172	undirected	NA	NA
1865	2001	0.165495307134854	undirected	NA	NA
1865	2278	0.372493485185839	undirected	NA	NA
1865	2285	0.182111701485122	undirected	NA	NA
1865	2445	0.301677700117484	undirected	NA	NA
1865	2468	0.261907919711603	undirected	NA	NA
1865	2871	0.430597406993781	undirected	NA	NA
1865	3695	0.502061402363512	undirected	NA	NA
1865	4103	0.48942813727245	undirected	NA	NA
1865	4607	0.284814378329852	undirected	NA	NA
1865	4708	0.186090415796088	undirected	NA	NA
1865	4941	0.214176687642354	undirected	NA	NA
1865	5015	0.480591730459609	undirected	NA	NA
1865	5022	0.469534755342403	undirected	NA	NA
1865	5247	0.29910171003191	undirected	NA	NA
1865	5300	0.503318409180035	undirected	NA	NA
1865	5732	0.283534966577003	undirected	NA	NA
1865	6288	0.320210878178339	undirected	NA	NA
1865	6610	0.268704742954393	undirected	NA	NA
1865	6836	0.502849460329406	undirected	NA	NA
1865	6855	0.395525872944728	undirected	NA	NA
1865	7027	0.273192501738149	undirected	NA	NA
1865	7809	0.222377112725859	undirected	NA	NA
1865	7922	0.439437103494137	undirected	NA	NA
1865	8267	0.351561688553739	undirected	NA	NA
1865	8345	0.465808245409062	undirected	NA	NA
1865	8874	0.455660372215614	undirected	NA	NA
1865	8985	0.318350254742915	undirected	NA	NA
1865	9276	0.288691085921923	undirected	NA	NA
1865	9397	0.453211664647411	undirected	NA	NA
1865	9403	0.514732805969901	undirected	NA	NA
1865	10823	0.180278420406599	undirected	NA	NA
1865	10903	0.514352022916801	undirected	NA	NA
1865	11022	0.332006284012301	undirected	NA	NA
1865	11369	0.203080291420218	undirected	NA	NA
1865	11476	0.553402214892732	undirected	NA	NA
1865	11647	0.508032138862255	undirected	NA	NA
1865	12146	0.294161599008005	undirected	NA	NA
1865	12381	0.352810229165157	undirected	NA	NA
1865	12389	0.102756915623174	undirected	NA	NA
1865	12431	0.504598464130301	undirected	NA	NA
1865	12719	0.290975539210172	undirected	NA	NA
1865	12794	0.455235453109837	undirected	NA	NA
1865	13251	0.300809438490536	undirected	NA	NA
1865	14017	0.546817094310156	undirected	NA	NA
1865	14085	0.168708679534898	undirected	NA	NA
1865	14108	0.260732130377458	undirected	NA	NA
1865	14321	0.315888234173723	undirected	NA	NA
1865	14824	0.368570772105093	undirected	NA	NA
1865	15131	0.503665824834817	undirected	NA	NA
1865	15227	0.284817897590196	undirected	NA	NA
1865	15280	0.472798517496287	undirected	NA	NA
1865	15331	0.360608401278968	undirected	NA	NA
1865	15343	0.208632296189383	undirected	NA	NA
1865	15474	0.548540626690707	undirected	NA	NA
1865	15494	0.246762980254449	undirected	NA	NA
2001	2278	0.0798584666016015	undirected	NA	NA
2001	2285	0.0355503088597946	undirected	NA	NA
2001	2445	0.109329929279155	undirected	NA	NA
2001	2468	0.0720581474546591	undirected	NA	NA
2001	2871	0.145309198929768	undirected	NA	NA
2001	3695	0.121482309516376	undirected	NA	NA
2001	4103	0.142330399415866	undirected	NA	NA
2001	4607	0.113052822789153	undirected	NA	NA
2001	4708	0.215304455978588	undirected	NA	NA
2001	4941	0.107361388177699	undirected	NA	NA
2001	5015	0.137242332063231	undirected	NA	NA
2001	5022	0.14009520503594	undirected	NA	NA
2001	5247	0.0637140736124147	undirected	NA	NA
2001	5300	0.134683369629395	undirected	NA	NA
2001	5732	0.0417029310098341	undirected	NA	NA
2001	6288	0.104089139766194	undirected	NA	NA
2001	6610	0.0559676379172954	undirected	NA	NA
2001	6836	0.123638386018271	undirected	NA	NA
2001	6855	0.198066419777517	undirected	NA	NA
2001	7027	0.180850436678631	undirected	NA	NA
2001	7809	0.188073646762357	undirected	NA	NA
2001	7922	0.157567965764037	undirected	NA	NA
2001	8267	0.165472432225219	undirected	NA	NA
2001	8345	0.0801117037290541	undirected	NA	NA
2001	8874	0.152105720805267	undirected	NA	NA
2001	8985	0.118256678553928	undirected	NA	NA
2001	9276	0.0969149336842725	undirected	NA	NA
2001	9397	0.155203005208938	undirected	NA	NA
2001	9403	0.13242720781959	undirected	NA	NA
2001	10823	0.0431878763623789	undirected	NA	NA
2001	10903	0.0809807091364079	undirected	NA	NA
2001	11022	0.0511042852985742	undirected	NA	NA
2001	11369	0.0958747917401008	undirected	NA	NA
2001	11476	0.110803747152648	undirected	NA	NA
2001	11647	0.137135753798581	undirected	NA	NA
2001	12146	0.0370600282103419	undirected	NA	NA
2001	12381	0.0679519531495022	undirected	NA	NA
2001	12389	0.0595091584410413	undirected	NA	NA
2001	12431	0.126361604064494	undirected	NA	NA
2001	12719	0.228342095434624	undirected	NA	NA
2001	12794	0.149512949441872	undirected	NA	NA
2001	13251	0.13145836557873	undirected	NA	NA
2001	14017	0.114095341667107	undirected	NA	NA
2001	14085	0.102466161886216	undirected	NA	NA
2001	14108	0.196782252090102	undirected	NA	NA
2001	14321	0.116256654845682	undirected	NA	NA
2001	14824	0.26564189153039	undirected	NA	NA
2001	15131	0.135064102305507	undirected	NA	NA
2001	15227	0.194836448464347	undirected	NA	NA
2001	15280	0.15117585210306	undirected	NA	NA
2001	15331	0.0533914076993622	undirected	NA	NA
2001	15343	0.121192344247173	undirected	NA	NA
2001	15474	0.117366977631923	undirected	NA	NA
2001	15494	0.23232612601834	undirected	NA	NA
2278	2285	0.207614874464922	undirected	NA	NA
2278	2445	0.162054301522934	undirected	NA	NA
2278	2468	0.245250386069126	undirected	NA	NA
2278	2871	0.38149050757099	undirected	NA	NA
2278	3695	0.393183316318374	undirected	NA	NA
2278	4103	0.39541192348591	undirected	NA	NA
2278	4607	0.220566196341761	undirected	NA	NA
2278	4708	0.121957020827077	undirected	NA	NA
2278	4941	0.17851186212406	undirected	NA	NA
2278	5015	0.396046125906455	undirected	NA	NA
2278	5022	0.385738080783475	undirected	NA	NA
2278	5247	0.230711456813503	undirected	NA	NA
2278	5300	0.389733214992413	undirected	NA	NA
2278	5732	0.260309724275321	undirected	NA	NA
2278	6288	0.156468924272965	undirected	NA	NA
2278	6610	0.165656154300239	undirected	NA	NA
2278	6836	0.39348682937338	undirected	NA	NA
2278	6855	0.297921350668167	undirected	NA	NA
2278	7027	0.195677916389255	undirected	NA	NA
2278	7809	0.147711749022904	undirected	NA	NA
2278	7922	0.384738860891204	undirected	NA	NA
2278	8267	0.251647976295073	undirected	NA	NA
2278	8345	0.258181975073666	undirected	NA	NA
2278	8874	0.39406067397918	undirected	NA	NA
2278	8985	0.23632061262684	undirected	NA	NA
2278	9276	0.23654584631799	undirected	NA	NA
2278	9397	0.387440399621741	undirected	NA	NA
2278	9403	0.386868774062225	undirected	NA	NA
2278	10823	0.180557263692634	undirected	NA	NA
2278	10903	0.334859488457037	undirected	NA	NA
2278	11022	0.201758809680703	undirected	NA	NA
2278	11369	0.169075944682172	undirected	NA	NA
2278	11476	0.334288325296528	undirected	NA	NA
2278	11647	0.378189824916035	undirected	NA	NA
2278	12146	0.154169788860907	undirected	NA	NA
2278	12381	0.300940583397962	undirected	NA	NA
2278	12389	0.0374157144903709	undirected	NA	NA
2278	12431	0.38433481917265	undirected	NA	NA
2278	12719	0.240582049192054	undirected	NA	NA
2278	12794	0.385988757567212	undirected	NA	NA
2278	13251	0.136572428375409	undirected	NA	NA
2278	14017	0.347000731467239	undirected	NA	NA
2278	14085	0.140287020622974	undirected	NA	NA
2278	14108	0.144524423362838	undirected	NA	NA
2278	14321	0.143791851248982	undirected	NA	NA
2278	14824	0.223823629099378	undirected	NA	NA
2278	15131	0.392423747796029	undirected	NA	NA
2278	15227	0.245514184291101	undirected	NA	NA
2278	15280	0.37339544849208	undirected	NA	NA
2278	15331	0.197965722068047	undirected	NA	NA
2278	15343	0.210278217157762	undirected	NA	NA
2278	15474	0.363216371828359	undirected	NA	NA
2278	15494	0.153872800460107	undirected	NA	NA
2285	2445	0.0480877716275576	undirected	NA	NA
2285	2468	0.245239522472325	undirected	NA	NA
2285	2871	0.181291076341785	undirected	NA	NA
2285	3695	0.231297595706693	undirected	NA	NA
2285	4103	0.217807977524005	undirected	NA	NA
2285	4607	0.128241280543439	undirected	NA	NA
2285	4708	0.0557956121114115	undirected	NA	NA
2285	4941	0.0481830153425723	undirected	NA	NA
2285	5015	0.212897126180535	undirected	NA	NA
2285	5022	0.205167932081219	undirected	NA	NA
2285	5247	0.103318922344992	undirected	NA	NA
2285	5300	0.214062710429591	undirected	NA	NA
2285	5732	0.216813705555822	undirected	NA	NA
2285	6288	0.0524328802483218	undirected	NA	NA
2285	6610	0.0541347887887593	undirected	NA	NA
2285	6836	0.21263078608623	undirected	NA	NA
2285	6855	0.152194742433235	undirected	NA	NA
2285	7027	0.0840483748946044	undirected	NA	NA
2285	7809	0.0646374354240192	undirected	NA	NA
2285	7922	0.1907401507355	undirected	NA	NA
2285	8267	0.129981239023932	undirected	NA	NA
2285	8345	0.149574671971236	undirected	NA	NA
2285	8874	0.204992363508564	undirected	NA	NA
2285	8985	0.0900683723639541	undirected	NA	NA
2285	9276	0.268108317543855	undirected	NA	NA
2285	9397	0.196025819983909	undirected	NA	NA
2285	9403	0.21955268301233	undirected	NA	NA
2285	10823	0.166909104088098	undirected	NA	NA
2285	10903	0.215115612057259	undirected	NA	NA
2285	11022	0.0586197918462964	undirected	NA	NA
2285	11369	0.211314545789075	undirected	NA	NA
2285	11476	0.248012900459584	undirected	NA	NA
2285	11647	0.206485338824615	undirected	NA	NA
2285	12146	0.0449946377077872	undirected	NA	NA
2285	12381	0.28106400009167	undirected	NA	NA
2285	12389	0.00613868472003318	undirected	NA	NA
2285	12431	0.210116251486516	undirected	NA	NA
2285	12719	0.114649161479192	undirected	NA	NA
2285	12794	0.193832780103832	undirected	NA	NA
2285	13251	0.0254869722148859	undirected	NA	NA
2285	14017	0.251693290843428	undirected	NA	NA
2285	14085	0.0308466615614778	undirected	NA	NA
2285	14108	0.0566701509511848	undirected	NA	NA
2285	14321	0.0434625233510846	undirected	NA	NA
2285	14824	0.0844168842277415	undirected	NA	NA
2285	15131	0.222539915034285	undirected	NA	NA
2285	15227	0.0940226218412325	undirected	NA	NA
2285	15280	0.193263939357393	undirected	NA	NA
2285	15331	0.116379482346846	undirected	NA	NA
2285	15343	0.0695048235358716	undirected	NA	NA
2285	15474	0.241108802414129	undirected	NA	NA
2285	15494	0.0713069527655942	undirected	NA	NA
2445	2468	0.0949836809260236	undirected	NA	NA
2445	2871	0.305062709000411	undirected	NA	NA
2445	3695	0.268151524086653	undirected	NA	NA
2445	4103	0.291393620286621	undirected	NA	NA
2445	4607	0.148285023557823	undirected	NA	NA
2445	4708	0.14226276104378	undirected	NA	NA
2445	4941	0.275613704587669	undirected	NA	NA
2445	5015	0.289762263931445	undirected	NA	NA
2445	5022	0.282683163311313	undirected	NA	NA
2445	5247	0.166792095884836	undirected	NA	NA
2445	5300	0.287027332164676	undirected	NA	NA
2445	5732	0.0844439704652513	undirected	NA	NA
2445	6288	0.242480091604771	undirected	NA	NA
2445	6610	0.181946431914666	undirected	NA	NA
2445	6836	0.290341843833461	undirected	NA	NA
2445	6855	0.26103741541063	undirected	NA	NA
2445	7027	0.226083660605081	undirected	NA	NA
2445	7809	0.180158919013202	undirected	NA	NA
2445	7922	0.301526511319565	undirected	NA	NA
2445	8267	0.206435426673363	undirected	NA	NA
2445	8345	0.16407400922079	undirected	NA	NA
2445	8874	0.299596975854604	undirected	NA	NA
2445	8985	0.250244122705583	undirected	NA	NA
2445	9276	0.0889050956102391	undirected	NA	NA
2445	9397	0.300736849702937	undirected	NA	NA
2445	9403	0.28317012669857	undirected	NA	NA
2445	10823	0.0784544073682295	undirected	NA	NA
2445	10903	0.164946013439778	undirected	NA	NA
2445	11022	0.154195180390336	undirected	NA	NA
2445	11369	0.0819140217351677	undirected	NA	NA
2445	11476	0.205828494238558	undirected	NA	NA
2445	11647	0.287076173796892	undirected	NA	NA
2445	12146	0.0842920068377973	undirected	NA	NA
2445	12381	0.106468264639216	undirected	NA	NA
2445	12389	0.159716461331925	undirected	NA	NA
2445	12431	0.279037856835249	undirected	NA	NA
2445	12719	0.228441844698554	undirected	NA	NA
2445	12794	0.299039903126547	undirected	NA	NA
2445	13251	0.236408707301683	undirected	NA	NA
2445	14017	0.214375470580964	undirected	NA	NA
2445	14085	0.257881470891915	undirected	NA	NA
2445	14108	0.201533059590764	undirected	NA	NA
2445	14321	0.214342111234779	undirected	NA	NA
2445	14824	0.252855106249603	undirected	NA	NA
2445	15131	0.28275874317687	undirected	NA	NA
2445	15227	0.269413326257454	undirected	NA	NA
2445	15280	0.291325403093035	undirected	NA	NA
2445	15331	0.0946611318630396	undirected	NA	NA
2445	15343	0.233428490326694	undirected	NA	NA
2445	15474	0.236721418599404	undirected	NA	NA
2445	15494	0.172092406696088	undirected	NA	NA
2468	2871	0.264947173658233	undirected	NA	NA
2468	3695	0.294873002460632	undirected	NA	NA
2468	4103	0.292890341396697	undirected	NA	NA
2468	4607	0.155780990431783	undirected	NA	NA
2468	4708	0.113983812909463	undirected	NA	NA
2468	4941	0.112040629130517	undirected	NA	NA
2468	5015	0.287971108680703	undirected	NA	NA
2468	5022	0.276907320931593	undirected	NA	NA
2468	5247	0.146278888815658	undirected	NA	NA
2468	5300	0.285591740071221	undirected	NA	NA
2468	5732	0.24652250541479	undirected	NA	NA
2468	6288	0.098105686302094	undirected	NA	NA
2468	6610	0.0999886238037693	undirected	NA	NA
2468	6836	0.287561560358279	undirected	NA	NA
2468	6855	0.223276272019705	undirected	NA	NA
2468	7027	0.16076072042122	undirected	NA	NA
2468	7809	0.133590142583074	undirected	NA	NA
2468	7922	0.271612374175672	undirected	NA	NA
2468	8267	0.17963728534661	undirected	NA	NA
2468	8345	0.179820268978841	undirected	NA	NA
2468	8874	0.286665921344636	undirected	NA	NA
2468	8985	0.145191240011314	undirected	NA	NA
2468	9276	0.230945910748901	undirected	NA	NA
2468	9397	0.276003485153276	undirected	NA	NA
2468	9403	0.288623815848723	undirected	NA	NA
2468	10823	0.160659193617513	undirected	NA	NA
2468	10903	0.223025113837584	undirected	NA	NA
2468	11022	0.0940322030672201	undirected	NA	NA
2468	11369	0.203536056482196	undirected	NA	NA
2468	11476	0.271237922095922	undirected	NA	NA
2468	11647	0.277606728645195	undirected	NA	NA
2468	12146	0.0717996401962872	undirected	NA	NA
2468	12381	0.268499516414233	undirected	NA	NA
2468	12389	0.0197329395989467	undirected	NA	NA
2468	12431	0.278314927702279	undirected	NA	NA
2468	12719	0.190396678604851	undirected	NA	NA
2468	12794	0.27276193867049	undirected	NA	NA
2468	13251	0.0716166763488321	undirected	NA	NA
2468	14017	0.279286502417922	undirected	NA	NA
2468	14085	0.0818474654511953	undirected	NA	NA
2468	14108	0.116636254476418	undirected	NA	NA
2468	14321	0.0801951132760448	undirected	NA	NA
2468	14824	0.145007980275879	undirected	NA	NA
2468	15131	0.292193178684881	undirected	NA	NA
2468	15227	0.177779991972323	undirected	NA	NA
2468	15280	0.267664753013116	undirected	NA	NA
2468	15331	0.123305434989188	undirected	NA	NA
2468	15343	0.146656153334689	undirected	NA	NA
2468	15474	0.283339428774811	undirected	NA	NA
2468	15494	0.120256312350946	undirected	NA	NA
2871	3695	0.496209830498835	undirected	NA	NA
2871	4103	0.481538137536311	undirected	NA	NA
2871	4607	0.276242736492111	undirected	NA	NA
2871	4708	0.175004477325218	undirected	NA	NA
2871	4941	0.227076025669096	undirected	NA	NA
2871	5015	0.474556597112557	undirected	NA	NA
2871	5022	0.461384753108416	undirected	NA	NA
2871	5247	0.311896437749778	undirected	NA	NA
2871	5300	0.494347828313402	undirected	NA	NA
2871	5732	0.280257096216294	undirected	NA	NA
2871	6288	0.322956002671189	undirected	NA	NA
2871	6610	0.291202605501327	undirected	NA	NA
2871	6836	0.498765200187691	undirected	NA	NA
2871	6855	0.377120088328838	undirected	NA	NA
2871	7027	0.267245308700384	undirected	NA	NA
2871	7809	0.216063315634122	undirected	NA	NA
2871	7922	0.435931683806213	undirected	NA	NA
2871	8267	0.32988758512477	undirected	NA	NA
2871	8345	0.463638484955582	undirected	NA	NA
2871	8874	0.450090450231731	undirected	NA	NA
2871	8985	0.319960978400478	undirected	NA	NA
2871	9276	0.280472384833472	undirected	NA	NA
2871	9397	0.445367738105262	undirected	NA	NA
2871	9403	0.504988394951018	undirected	NA	NA
2871	10823	0.186603352981062	undirected	NA	NA
2871	10903	0.516290196851717	undirected	NA	NA
2871	11022	0.352174320835608	undirected	NA	NA
2871	11369	0.199505378485104	undirected	NA	NA
2871	11476	0.545150029994336	undirected	NA	NA
2871	11647	0.4968172748512	undirected	NA	NA
2871	12146	0.303517667295525	undirected	NA	NA
2871	12381	0.350007803859293	undirected	NA	NA
2871	12389	0.0881978399514626	undirected	NA	NA
2871	12431	0.496240184724513	undirected	NA	NA
2871	12719	0.284342042993822	undirected	NA	NA
2871	12794	0.447991331553675	undirected	NA	NA
2871	13251	0.282526910780548	undirected	NA	NA
2871	14017	0.537431300256992	undirected	NA	NA
2871	14085	0.182619097742183	undirected	NA	NA
2871	14108	0.250299784902455	undirected	NA	NA
2871	14321	0.31048749938117	undirected	NA	NA
2871	14824	0.351060098242289	undirected	NA	NA
2871	15131	0.494775301217017	undirected	NA	NA
2871	15227	0.288700208522943	undirected	NA	NA
2871	15280	0.460913636024401	undirected	NA	NA
2871	15331	0.364660083868211	undirected	NA	NA
2871	15343	0.220278240092657	undirected	NA	NA
2871	15474	0.539466071783009	undirected	NA	NA
2871	15494	0.224298655932911	undirected	NA	NA
3695	4103	0.504636587960255	undirected	NA	NA
3695	4607	0.321541997574648	undirected	NA	NA
3695	4708	0.150070698171002	undirected	NA	NA
3695	4941	0.197792314363452	undirected	NA	NA
3695	5015	0.508781144112545	undirected	NA	NA
3695	5022	0.507786817552246	undirected	NA	NA
3695	5247	0.298251956784498	undirected	NA	NA
3695	5300	0.502660447978145	undirected	NA	NA
3695	5732	0.340246768851716	undirected	NA	NA
3695	6288	0.28030461784789	undirected	NA	NA
3695	6610	0.252519628419436	undirected	NA	NA
3695	6836	0.493703438852361	undirected	NA	NA
3695	6855	0.404744422420613	undirected	NA	NA
3695	7027	0.237982580173378	undirected	NA	NA
3695	7809	0.191041024475534	undirected	NA	NA
3695	7922	0.509605354039887	undirected	NA	NA
3695	8267	0.366251180181155	undirected	NA	NA
3695	8345	0.466406631793895	undirected	NA	NA
3695	8874	0.505227878974613	undirected	NA	NA
3695	8985	0.339912785899401	undirected	NA	NA
3695	9276	0.320422583815717	undirected	NA	NA
3695	9397	0.510748725088664	undirected	NA	NA
3695	9403	0.501831566446735	undirected	NA	NA
3695	10823	0.195429276101662	undirected	NA	NA
3695	10903	0.546665421089577	undirected	NA	NA
3695	11022	0.330995289544023	undirected	NA	NA
3695	11369	0.210488792846974	undirected	NA	NA
3695	11476	0.569672523449367	undirected	NA	NA
3695	11647	0.490440461000297	undirected	NA	NA
3695	12146	0.301446363184833	undirected	NA	NA
3695	12381	0.404237417387251	undirected	NA	NA
3695	12389	0.0798803440340237	undirected	NA	NA
3695	12431	0.499167477951188	undirected	NA	NA
3695	12719	0.310362982632097	undirected	NA	NA
3695	12794	0.510015080817453	undirected	NA	NA
3695	13251	0.261745740782229	undirected	NA	NA
3695	14017	0.557783307119466	undirected	NA	NA
3695	14085	0.156771369670155	undirected	NA	NA
3695	14108	0.219503265657909	undirected	NA	NA
3695	14321	0.271383660945901	undirected	NA	NA
3695	14824	0.351090661521051	undirected	NA	NA
3695	15131	0.501398651278818	undirected	NA	NA
3695	15227	0.3008089125429	undirected	NA	NA
3695	15280	0.497553416299807	undirected	NA	NA
3695	15331	0.371255635181757	undirected	NA	NA
3695	15343	0.221142018422271	undirected	NA	NA
3695	15474	0.553409417698377	undirected	NA	NA
3695	15494	0.225478987946055	undirected	NA	NA
4103	4607	0.308428435215885	undirected	NA	NA
4103	4708	0.170510761910861	undirected	NA	NA
4103	4941	0.205657563538841	undirected	NA	NA
4103	5015	0.489920933382256	undirected	NA	NA
4103	5022	0.489124635782834	undirected	NA	NA
4103	5247	0.287011091013298	undirected	NA	NA
4103	5300	0.500921497612546	undirected	NA	NA
4103	5732	0.324432763201218	undirected	NA	NA
4103	6288	0.302487516508888	undirected	NA	NA
4103	6610	0.262362370702841	undirected	NA	NA
4103	6836	0.503761144475948	undirected	NA	NA
4103	6855	0.401884263822206	undirected	NA	NA
4103	7027	0.262548523446217	undirected	NA	NA
4103	7809	0.214785396517015	undirected	NA	NA
4103	7922	0.494890282892877	undirected	NA	NA
4103	8267	0.360424681579365	undirected	NA	NA
4103	8345	0.464977518349426	undirected	NA	NA
4103	8874	0.489638134734234	undirected	NA	NA
4103	8985	0.335956174007507	undirected	NA	NA
4103	9276	0.318949345318522	undirected	NA	NA
4103	9397	0.495435148357668	undirected	NA	NA
4103	9403	0.51527311686161	undirected	NA	NA
4103	10823	0.183921282870072	undirected	NA	NA
4103	10903	0.540936796619663	undirected	NA	NA
4103	11022	0.332398538921059	undirected	NA	NA
4103	11369	0.214869801477186	undirected	NA	NA
4103	11476	0.573603665422588	undirected	NA	NA
4103	11647	0.505031996327466	undirected	NA	NA
4103	12146	0.289623137552949	undirected	NA	NA
4103	12381	0.394067168166537	undirected	NA	NA
4103	12389	0.093080380035589	undirected	NA	NA
4103	12431	0.501828567826964	undirected	NA	NA
4103	12719	0.316445124208512	undirected	NA	NA
4103	12794	0.493934697047265	undirected	NA	NA
4103	13251	0.286280586034892	undirected	NA	NA
4103	14017	0.562694317508715	undirected	NA	NA
4103	14085	0.167107135015006	undirected	NA	NA
4103	14108	0.246387264647835	undirected	NA	NA
4103	14321	0.295115055734054	undirected	NA	NA
4103	14824	0.361682789386714	undirected	NA	NA
4103	15131	0.503054472164337	undirected	NA	NA
4103	15227	0.308386685779088	undirected	NA	NA
4103	15280	0.482511572275687	undirected	NA	NA
4103	15331	0.361084293709122	undirected	NA	NA
4103	15343	0.226148761689422	undirected	NA	NA
4103	15474	0.560670004483054	undirected	NA	NA
4103	15494	0.234643340483117	undirected	NA	NA
4607	4708	0.112671613898381	undirected	NA	NA
4607	4941	0.107969344369834	undirected	NA	NA
4607	5015	0.30769330335893	undirected	NA	NA
4607	5022	0.308921954092412	undirected	NA	NA
4607	5247	0.220679916725571	undirected	NA	NA
4607	5300	0.31865972893357	undirected	NA	NA
4607	5732	0.180528566841674	undirected	NA	NA
4607	6288	0.168745480049842	undirected	NA	NA
4607	6610	0.145566165405095	undirected	NA	NA
4607	6836	0.311513047977697	undirected	NA	NA
4607	6855	0.254432817503568	undirected	NA	NA
4607	7027	0.148862988489406	undirected	NA	NA
4607	7809	0.115991372965971	undirected	NA	NA
4607	7922	0.286649095348515	undirected	NA	NA
4607	8267	0.2568261311065	undirected	NA	NA
4607	8345	0.3352975036308	undirected	NA	NA
4607	8874	0.28964709473804	undirected	NA	NA
4607	8985	0.213427491934524	undirected	NA	NA
4607	9276	0.182442237462938	undirected	NA	NA
4607	9397	0.293301065723075	undirected	NA	NA
4607	9403	0.321235981554125	undirected	NA	NA
4607	10823	0.161827972352451	undirected	NA	NA
4607	10903	0.328518541403997	undirected	NA	NA
4607	11022	0.20090433178766	undirected	NA	NA
4607	11369	0.137954669383689	undirected	NA	NA
4607	11476	0.343278125640971	undirected	NA	NA
4607	11647	0.318209612482676	undirected	NA	NA
4607	12146	0.247172714930577	undirected	NA	NA
4607	12381	0.222850358026035	undirected	NA	NA
4607	12389	0.0432893271136593	undirected	NA	NA
4607	12431	0.323928844801473	undirected	NA	NA
4607	12719	0.184790720760402	undirected	NA	NA
4607	12794	0.29555948142225	undirected	NA	NA
4607	13251	0.155084759637865	undirected	NA	NA
4607	14017	0.346391746282313	undirected	NA	NA
4607	14085	0.0834975843208397	undirected	NA	NA
4607	14108	0.138444755062914	undirected	NA	NA
4607	14321	0.169003815926296	undirected	NA	NA
4607	14824	0.277918742106109	undirected	NA	NA
4607	15131	0.318590344036334	undirected	NA	NA
4607	15227	0.16712173185901	undirected	NA	NA
4607	15280	0.304949533338358	undirected	NA	NA
4607	15331	0.30240791973817	undirected	NA	NA
4607	15343	0.115119704731069	undirected	NA	NA
4607	15474	0.344212472406796	undirected	NA	NA
4607	15494	0.169194517678067	undirected	NA	NA
4708	4941	0.151375882310334	undirected	NA	NA
4708	5015	0.164985741226708	undirected	NA	NA
4708	5022	0.163532574642996	undirected	NA	NA
4708	5247	0.0816161031051085	undirected	NA	NA
4708	5300	0.159605331689378	undirected	NA	NA
4708	5732	0.0588188728588462	undirected	NA	NA
4708	6288	0.128551786489046	undirected	NA	NA
4708	6610	0.0841304193804705	undirected	NA	NA
4708	6836	0.153062767419903	undirected	NA	NA
4708	6855	0.208710548807424	undirected	NA	NA
4708	7027	0.233142777574598	undirected	NA	NA
4708	7809	0.246559760705924	undirected	NA	NA
4708	7922	0.183000548310616	undirected	NA	NA
4708	8267	0.155918144749867	undirected	NA	NA
4708	8345	0.10044194889763	undirected	NA	NA
4708	8874	0.182862412104322	undirected	NA	NA
4708	8985	0.125829099996333	undirected	NA	NA
4708	9276	0.13169459093343	undirected	NA	NA
4708	9397	0.180559442937249	undirected	NA	NA
4708	9403	0.161863816731061	undirected	NA	NA
4708	10823	0.0624255343619497	undirected	NA	NA
4708	10903	0.111923991566303	undirected	NA	NA
4708	11022	0.0715415577481491	undirected	NA	NA
4708	11369	0.136380995034255	undirected	NA	NA
4708	11476	0.144642658464882	undirected	NA	NA
4708	11647	0.161385030100744	undirected	NA	NA
4708	12146	0.0468854432005511	undirected	NA	NA
4708	12381	0.0981384606714737	undirected	NA	NA
4708	12389	0.0423159800134195	undirected	NA	NA
4708	12431	0.149531010276448	undirected	NA	NA
4708	12719	0.259916659882389	undirected	NA	NA
4708	12794	0.174166256477166	undirected	NA	NA
4708	13251	0.129319344697745	undirected	NA	NA
4708	14017	0.146943729484467	undirected	NA	NA
4708	14085	0.145886881788285	undirected	NA	NA
4708	14108	0.236743509646102	undirected	NA	NA
4708	14321	0.130592192990387	undirected	NA	NA
4708	14824	0.245032301486632	undirected	NA	NA
4708	15131	0.161269632051305	undirected	NA	NA
4708	15227	0.243571062378033	undirected	NA	NA
4708	15280	0.171174321334052	undirected	NA	NA
4708	15331	0.0690425652470174	undirected	NA	NA
4708	15343	0.17737969038624	undirected	NA	NA
4708	15474	0.150242590180706	undirected	NA	NA
4708	15494	0.213023903535485	undirected	NA	NA
4941	5015	0.201619478233588	undirected	NA	NA
4941	5022	0.194343264117159	undirected	NA	NA
4941	5247	0.145937985889032	undirected	NA	NA
4941	5300	0.204134801660019	undirected	NA	NA
4941	5732	0.075529653141701	undirected	NA	NA
4941	6288	0.260799187676649	undirected	NA	NA
4941	6610	0.236048283689076	undirected	NA	NA
4941	6836	0.214806428819932	undirected	NA	NA
4941	6855	0.183394095502443	undirected	NA	NA
4941	7027	0.223173450836371	undirected	NA	NA
4941	7809	0.205934521816512	undirected	NA	NA
4941	7922	0.217469648777022	undirected	NA	NA
4941	8267	0.139776536009956	undirected	NA	NA
4941	8345	0.155309602249449	undirected	NA	NA
4941	8874	0.21495688245177	undirected	NA	NA
4941	8985	0.197808851143969	undirected	NA	NA
4941	9276	0.0939000831211567	undirected	NA	NA
4941	9397	0.212829904917624	undirected	NA	NA
4941	9403	0.207673445763507	undirected	NA	NA
4941	10823	0.0666128737419571	undirected	NA	NA
4941	10903	0.172517640243929	undirected	NA	NA
4941	11022	0.183659485818237	undirected	NA	NA
4941	11369	0.0861228216898274	undirected	NA	NA
4941	11476	0.192113184159254	undirected	NA	NA
4941	11647	0.206696062492745	undirected	NA	NA
4941	12146	0.0924643387148197	undirected	NA	NA
4941	12381	0.107221137217065	undirected	NA	NA
4941	12389	0.0713136489786251	undirected	NA	NA
4941	12431	0.199542060844863	undirected	NA	NA
4941	12719	0.201518666997821	undirected	NA	NA
4941	12794	0.21078541794264	undirected	NA	NA
4941	13251	0.188379163619436	undirected	NA	NA
4941	14017	0.188712729791646	undirected	NA	NA
4941	14085	0.292474621455421	undirected	NA	NA
4941	14108	0.219642281832937	undirected	NA	NA
4941	14321	0.236644395989254	undirected	NA	NA
4941	14824	0.229170336205965	undirected	NA	NA
4941	15131	0.203051603031166	undirected	NA	NA
4941	15227	0.261987961274658	undirected	NA	NA
4941	15280	0.196374116609199	undirected	NA	NA
4941	15331	0.106787435271775	undirected	NA	NA
4941	15343	0.258650807413596	undirected	NA	NA
4941	15474	0.197638791904581	undirected	NA	NA
4941	15494	0.131087906220514	undirected	NA	NA
5015	5022	0.480878930135841	undirected	NA	NA
5015	5247	0.298765364604956	undirected	NA	NA
5015	5300	0.504395237045622	undirected	NA	NA
5015	5732	0.3210444718918	undirected	NA	NA
5015	6288	0.304007126088775	undirected	NA	NA
5015	6610	0.269511815097727	undirected	NA	NA
5015	6836	0.507647051341119	undirected	NA	NA
5015	6855	0.390087470190259	undirected	NA	NA
5015	7027	0.25725269799998	undirected	NA	NA
5015	7809	0.207652016151378	undirected	NA	NA
5015	7922	0.486586914969373	undirected	NA	NA
5015	8267	0.353255049994945	undirected	NA	NA
5015	8345	0.476230905558271	undirected	NA	NA
5015	8874	0.480078134073733	undirected	NA	NA
5015	8985	0.33564186466115	undirected	NA	NA
5015	9276	0.311798408626482	undirected	NA	NA
5015	9397	0.486490020366039	undirected	NA	NA
5015	9403	0.517738575618575	undirected	NA	NA
5015	10823	0.189338887931584	undirected	NA	NA
5015	10903	0.546641089634238	undirected	NA	NA
5015	11022	0.34324147015888	undirected	NA	NA
5015	11369	0.21121659394816	undirected	NA	NA
5015	11476	0.575417308991538	undirected	NA	NA
5015	11647	0.507574948914745	undirected	NA	NA
5015	12146	0.305956620029473	undirected	NA	NA
5015	12381	0.389867586530231	undirected	NA	NA
5015	12389	0.0885035691809347	undirected	NA	NA
5015	12431	0.506412540424191	undirected	NA	NA
5015	12719	0.305855143665474	undirected	NA	NA
5015	12794	0.485591844032066	undirected	NA	NA
5015	13251	0.281088063162453	undirected	NA	NA
5015	14017	0.565117360774238	undirected	NA	NA
5015	14085	0.16501131192285	undirected	NA	NA
5015	14108	0.239851674559068	undirected	NA	NA
5015	14321	0.295054384192355	undirected	NA	NA
5015	14824	0.358345645187808	undirected	NA	NA
5015	15131	0.506094734873008	undirected	NA	NA
5015	15227	0.300026517314291	undirected	NA	NA
5015	15280	0.47281596537021	undirected	NA	NA
5015	15331	0.375114719195247	undirected	NA	NA
5015	15343	0.221569287698378	undirected	NA	NA
5015	15474	0.563391910604368	undirected	NA	NA
5015	15494	0.225118353880879	undirected	NA	NA
5022	5247	0.301826756282664	undirected	NA	NA
5022	5300	0.504277062634815	undirected	NA	NA
5022	5732	0.313329311371013	undirected	NA	NA
5022	6288	0.300314007259173	undirected	NA	NA
5022	6610	0.263274595247641	undirected	NA	NA
5022	6836	0.505557374440013	undirected	NA	NA
5022	6855	0.381109010096837	undirected	NA	NA
5022	7027	0.252189991318165	undirected	NA	NA
5022	7809	0.201810349076901	undirected	NA	NA
5022	7922	0.474384540089981	undirected	NA	NA
5022	8267	0.351080377696268	undirected	NA	NA
5022	8345	0.481537645646542	undirected	NA	NA
5022	8874	0.465709778491231	undirected	NA	NA
5022	8985	0.331949876017599	undirected	NA	NA
5022	9276	0.304076821747018	undirected	NA	NA
5022	9397	0.473806562168412	undirected	NA	NA
5022	9403	0.516601874009398	undirected	NA	NA
5022	10823	0.189830564132925	undirected	NA	NA
5022	10903	0.541690309991332	undirected	NA	NA
5022	11022	0.339677257524285	undirected	NA	NA
5022	11369	0.206737397873087	undirected	NA	NA
5022	11476	0.571137988942296	undirected	NA	NA
5022	11647	0.507423848257577	undirected	NA	NA
5022	12146	0.314516384953331	undirected	NA	NA
5022	12381	0.380236257458283	undirected	NA	NA
5022	12389	0.0885203156470297	undirected	NA	NA
5022	12431	0.50709832760958	undirected	NA	NA
5022	12719	0.297032442108159	undirected	NA	NA
5022	12794	0.473159759255269	undirected	NA	NA
5022	13251	0.279329610997078	undirected	NA	NA
5022	14017	0.562436206454941	undirected	NA	NA
5022	14085	0.15584174390689	undirected	NA	NA
5022	14108	0.235703764832572	undirected	NA	NA
5022	14321	0.293266343467052	undirected	NA	NA
5022	14824	0.361576269898465	undirected	NA	NA
5022	15131	0.505463314101679	undirected	NA	NA
5022	15227	0.288598607205313	undirected	NA	NA
5022	15280	0.468247689789712	undirected	NA	NA
5022	15331	0.382671477603696	undirected	NA	NA
5022	15343	0.209607281765161	undirected	NA	NA
5022	15474	0.560955950347226	undirected	NA	NA
5022	15494	0.223133848663027	undirected	NA	NA
5247	5300	0.290720148999232	undirected	NA	NA
5247	5732	0.160833666339542	undirected	NA	NA
5247	6288	0.188542729836777	undirected	NA	NA
5247	6610	0.219272746925159	undirected	NA	NA
5247	6836	0.297566497765445	undirected	NA	NA
5247	6855	0.219819236037775	undirected	NA	NA
5247	7027	0.133494480115999	undirected	NA	NA
5247	7809	0.101089843316207	undirected	NA	NA
5247	7922	0.308581656191369	undirected	NA	NA
5247	8267	0.210076626971169	undirected	NA	NA
5247	8345	0.326984823023213	undirected	NA	NA
5247	8874	0.297722630325698	undirected	NA	NA
5247	8985	0.253898803065335	undirected	NA	NA
5247	9276	0.146585577017477	undirected	NA	NA
5247	9397	0.303691085099639	undirected	NA	NA
5247	9403	0.291940899567048	undirected	NA	NA
5247	10823	0.151310557275392	undirected	NA	NA
5247	10903	0.327032232892317	undirected	NA	NA
5247	11022	0.283947517091534	undirected	NA	NA
5247	11369	0.109121566364686	undirected	NA	NA
5247	11476	0.315622920705067	undirected	NA	NA
5247	11647	0.286398954545755	undirected	NA	NA
5247	12146	0.304091997396704	undirected	NA	NA
5247	12381	0.197330295656898	undirected	NA	NA
5247	12389	0.0353488889549298	undirected	NA	NA
5247	12431	0.297445118518181	undirected	NA	NA
5247	12719	0.178572258913352	undirected	NA	NA
5247	12794	0.306407187642256	undirected	NA	NA
5247	13251	0.137133045228324	undirected	NA	NA
5247	14017	0.313512702230033	undirected	NA	NA
5247	14085	0.131813951189112	undirected	NA	NA
5247	14108	0.118991105615016	undirected	NA	NA
5247	14321	0.172016121162777	undirected	NA	NA
5247	14824	0.246765412698889	undirected	NA	NA
5247	15131	0.289581010461598	undirected	NA	NA
5247	15227	0.191394301086533	undirected	NA	NA
5247	15280	0.285935428061773	undirected	NA	NA
5247	15331	0.30817044192358	undirected	NA	NA
5247	15343	0.158702113871488	undirected	NA	NA
5247	15474	0.314644916733994	undirected	NA	NA
5247	15494	0.11974179042895	undirected	NA	NA
5300	5732	0.32673642746333	undirected	NA	NA
5300	6288	0.29970198436289	undirected	NA	NA
5300	6610	0.259543127266586	undirected	NA	NA
5300	6836	0.501542633370416	undirected	NA	NA
5300	6855	0.410492644397762	undirected	NA	NA
5300	7027	0.251551317875419	undirected	NA	NA
5300	7809	0.203142042843803	undirected	NA	NA
5300	7922	0.508586112508254	undirected	NA	NA
5300	8267	0.371867847010725	undirected	NA	NA
5300	8345	0.469515201297983	undirected	NA	NA
5300	8874	0.502333031063877	undirected	NA	NA
5300	8985	0.346590417891198	undirected	NA	NA
5300	9276	0.313058726286786	undirected	NA	NA
5300	9397	0.509441198305447	undirected	NA	NA
5300	9403	0.513250517917603	undirected	NA	NA
5300	10823	0.181624115448622	undirected	NA	NA
5300	10903	0.543529975472738	undirected	NA	NA
5300	11022	0.334875042897139	undirected	NA	NA
5300	11369	0.207038847838804	undirected	NA	NA
5300	11476	0.574121210996289	undirected	NA	NA
5300	11647	0.503278465703129	undirected	NA	NA
5300	12146	0.298273054640224	undirected	NA	NA
5300	12381	0.391500838520487	undirected	NA	NA
5300	12389	0.097486987178092	undirected	NA	NA
5300	12431	0.500916729577841	undirected	NA	NA
5300	12719	0.315859732539026	undirected	NA	NA
5300	12794	0.508433317817691	undirected	NA	NA
5300	13251	0.287501458066097	undirected	NA	NA
5300	14017	0.562802469221981	undirected	NA	NA
5300	14085	0.16402865836619	undirected	NA	NA
5300	14108	0.236334330252133	undirected	NA	NA
5300	14321	0.293517807001709	undirected	NA	NA
5300	14824	0.366896797059727	undirected	NA	NA
5300	15131	0.500801032972813	undirected	NA	NA
5300	15227	0.306612782570992	undirected	NA	NA
5300	15280	0.497356864653693	undirected	NA	NA
5300	15331	0.365947971572488	undirected	NA	NA
5300	15343	0.222755394239923	undirected	NA	NA
5300	15474	0.560578582042788	undirected	NA	NA
5300	15494	0.236256943844077	undirected	NA	NA
5732	6288	0.0940576818206284	undirected	NA	NA
5732	6610	0.0944430062265733	undirected	NA	NA
5732	6836	0.32487810351812	undirected	NA	NA
5732	6855	0.223732290059284	undirected	NA	NA
5732	7027	0.109104509129719	undirected	NA	NA
5732	7809	0.0764958550101671	undirected	NA	NA
5732	7922	0.292517256987852	undirected	NA	NA
5732	8267	0.201436186189498	undirected	NA	NA
5732	8345	0.243911862886455	undirected	NA	NA
5732	8874	0.30437797667795	undirected	NA	NA
5732	8985	0.156992985961144	undirected	NA	NA
5732	9276	0.261223991778226	undirected	NA	NA
5732	9397	0.300116651050677	undirected	NA	NA
5732	9403	0.331395972411071	undirected	NA	NA
5732	10823	0.14498639784196	undirected	NA	NA
5732	10903	0.31588821229105	undirected	NA	NA
5732	11022	0.106924413831366	undirected	NA	NA
5732	11369	0.172091665142375	undirected	NA	NA
5732	11476	0.358609556276741	undirected	NA	NA
5732	11647	0.317932372939751	undirected	NA	NA
5732	12146	0.0833389863766432	undirected	NA	NA
5732	12381	0.31634251462851	undirected	NA	NA
5732	12389	0.0133560005588326	undirected	NA	NA
5732	12431	0.325385128534803	undirected	NA	NA
5732	12719	0.145151708980925	undirected	NA	NA
5732	12794	0.30000861398279	undirected	NA	NA
5732	13251	0.0476954057711143	undirected	NA	NA
5732	14017	0.360583056362239	undirected	NA	NA
5732	14085	0.0484518094522152	undirected	NA	NA
5732	14108	0.0786451158092291	undirected	NA	NA
5732	14321	0.0791346474794229	undirected	NA	NA
5732	14824	0.132093133035828	undirected	NA	NA
5732	15131	0.332661857655768	undirected	NA	NA
5732	15227	0.128063098336966	undirected	NA	NA
5732	15280	0.30059608835097	undirected	NA	NA
5732	15331	0.177192413678944	undirected	NA	NA
5732	15343	0.0916932903822007	undirected	NA	NA
5732	15474	0.35578713464834	undirected	NA	NA
5732	15494	0.0996149208738835	undirected	NA	NA
6288	6610	0.185010920002647	undirected	NA	NA
6288	6836	0.300762165217803	undirected	NA	NA
6288	6855	0.267893796125205	undirected	NA	NA
6288	7027	0.204979145625861	undirected	NA	NA
6288	7809	0.155116687981747	undirected	NA	NA
6288	7922	0.319769990899875	undirected	NA	NA
6288	8267	0.225002524971667	undirected	NA	NA
6288	8345	0.180708435664294	undirected	NA	NA
6288	8874	0.312361372866627	undirected	NA	NA
6288	8985	0.281119329307435	undirected	NA	NA
6288	9276	0.0963592411002903	undirected	NA	NA
6288	9397	0.317463886979339	undirected	NA	NA
6288	9403	0.293025696739707	undirected	NA	NA
6288	10823	0.0837339242423813	undirected	NA	NA
6288	10903	0.193679827622203	undirected	NA	NA
6288	11022	0.184935217099679	undirected	NA	NA
6288	11369	0.0778323885794389	undirected	NA	NA
6288	11476	0.212470098739545	undirected	NA	NA
6288	11647	0.29809414863715	undirected	NA	NA
6288	12146	0.111909651549957	undirected	NA	NA
6288	12381	0.118531524232321	undirected	NA	NA
6288	12389	0.160448156332668	undirected	NA	NA
6288	12431	0.293977945564555	undirected	NA	NA
6288	12719	0.226123295065573	undirected	NA	NA
6288	12794	0.316939626359787	undirected	NA	NA
6288	13251	0.24921283862787	undirected	NA	NA
6288	14017	0.222209955981832	undirected	NA	NA
6288	14085	0.247679339947907	undirected	NA	NA
6288	14108	0.181375017935297	undirected	NA	NA
6288	14321	0.236897971056673	undirected	NA	NA
6288	14824	0.287967108091466	undirected	NA	NA
6288	15131	0.294183699687796	undirected	NA	NA
6288	15227	0.26333135049046	undirected	NA	NA
6288	15280	0.306863474492981	undirected	NA	NA
6288	15331	0.120642474226995	undirected	NA	NA
6288	15343	0.220914521972688	undirected	NA	NA
6288	15474	0.245219304819519	undirected	NA	NA
6288	15494	0.174248950939142	undirected	NA	NA
6610	6836	0.269954671447419	undirected	NA	NA
6610	6855	0.200238813156059	undirected	NA	NA
6610	7027	0.149928778117288	undirected	NA	NA
6610	7809	0.10791802203498	undirected	NA	NA
6610	7922	0.277265404195198	undirected	NA	NA
6610	8267	0.168819884403834	undirected	NA	NA
6610	8345	0.179406980287459	undirected	NA	NA
6610	8874	0.273561311800477	undirected	NA	NA
6610	8985	0.248155694649733	undirected	NA	NA
6610	9276	0.0840890728068888	undirected	NA	NA
6610	9397	0.273777559485402	undirected	NA	NA
6610	9403	0.251642228564865	undirected	NA	NA
6610	10823	0.0929131842436439	undirected	NA	NA
6610	10903	0.196991643270913	undirected	NA	NA
6610	11022	0.227824844819789	undirected	NA	NA
6610	11369	0.0678333287562633	undirected	NA	NA
6610	11476	0.191375254675569	undirected	NA	NA
6610	11647	0.251540799151495	undirected	NA	NA
6610	12146	0.144266661437424	undirected	NA	NA
6610	12381	0.11566369536283	undirected	NA	NA
6610	12389	0.0500933512167044	undirected	NA	NA
6610	12431	0.258323598958579	undirected	NA	NA
6610	12719	0.171450166623268	undirected	NA	NA
6610	12794	0.275766165802601	undirected	NA	NA
6610	13251	0.132332481007184	undirected	NA	NA
6610	14017	0.19925786255605	undirected	NA	NA
6610	14085	0.22700714707911	undirected	NA	NA
6610	14108	0.118695899515943	undirected	NA	NA
6610	14321	0.163452687724853	undirected	NA	NA
6610	14824	0.210815465901944	undirected	NA	NA
6610	15131	0.255308831244495	undirected	NA	NA
6610	15227	0.216891483526836	undirected	NA	NA
6610	15280	0.256645335551103	undirected	NA	NA
6610	15331	0.133980344350669	undirected	NA	NA
6610	15343	0.213026389269228	undirected	NA	NA
6610	15474	0.218287728716279	undirected	NA	NA
6610	15494	0.108501557758942	undirected	NA	NA
6836	6855	0.405747643151923	undirected	NA	NA
6836	7027	0.247184078422288	undirected	NA	NA
6836	7809	0.199498111819443	undirected	NA	NA
6836	7922	0.509975037668657	undirected	NA	NA
6836	8267	0.363048011250737	undirected	NA	NA
6836	8345	0.460673979986204	undirected	NA	NA
6836	8874	0.505508646990121	undirected	NA	NA
6836	8985	0.347909329851127	undirected	NA	NA
6836	9276	0.306974897169077	undirected	NA	NA
6836	9397	0.510864093793859	undirected	NA	NA
6836	9403	0.502928362436876	undirected	NA	NA
6836	10823	0.184156457757684	undirected	NA	NA
6836	10903	0.540447598059345	undirected	NA	NA
6836	11022	0.343360818819086	undirected	NA	NA
6836	11369	0.202732348885694	undirected	NA	NA
6836	11476	0.565309163943455	undirected	NA	NA
6836	11647	0.492202742539758	undirected	NA	NA
6836	12146	0.296064801919906	undirected	NA	NA
6836	12381	0.388751123396555	undirected	NA	NA
6836	12389	0.0931591736593038	undirected	NA	NA
6836	12431	0.497418083820912	undirected	NA	NA
6836	12719	0.313156055558957	undirected	NA	NA
6836	12794	0.510160447913647	undirected	NA	NA
6836	13251	0.28070112290173	undirected	NA	NA
6836	14017	0.552580147102941	undirected	NA	NA
6836	14085	0.174160039191138	undirected	NA	NA
6836	14108	0.230611839368681	undirected	NA	NA
6836	14321	0.290940132538073	undirected	NA	NA
6836	14824	0.355579679017484	undirected	NA	NA
6836	15131	0.499575382399982	undirected	NA	NA
6836	15227	0.310355603019799	undirected	NA	NA
6836	15280	0.497214088382173	undirected	NA	NA
6836	15331	0.359311864857695	undirected	NA	NA
6836	15343	0.232433851892926	undirected	NA	NA
6836	15474	0.550595132019096	undirected	NA	NA
6836	15494	0.227163369641454	undirected	NA	NA
6855	7027	0.268969459086831	undirected	NA	NA
6855	7809	0.234882825421198	undirected	NA	NA
6855	7922	0.393271667401649	undirected	NA	NA
6855	8267	0.316296229357081	undirected	NA	NA
6855	8345	0.3522933682742	undirected	NA	NA
6855	8874	0.385119464131937	undirected	NA	NA
6855	8985	0.277298280558663	undirected	NA	NA
6855	9276	0.257566515935334	undirected	NA	NA
6855	9397	0.392365274797243	undirected	NA	NA
6855	9403	0.421900821534628	undirected	NA	NA
6855	10823	0.13878048924757	undirected	NA	NA
6855	10903	0.394041715305844	undirected	NA	NA
6855	11022	0.23881680154562	undirected	NA	NA
6855	11369	0.188195667072094	undirected	NA	NA
6855	11476	0.442979645945743	undirected	NA	NA
6855	11647	0.41802070497825	undirected	NA	NA
6855	12146	0.19954991841621	undirected	NA	NA
6855	12381	0.287344573720104	undirected	NA	NA
6855	12389	0.108823701102772	undirected	NA	NA
6855	12431	0.407289338650872	undirected	NA	NA
6855	12719	0.302726678805044	undirected	NA	NA
6855	12794	0.388655212857525	undirected	NA	NA
6855	13251	0.279460403390369	undirected	NA	NA
6855	14017	0.439123178313326	undirected	NA	NA
6855	14085	0.151861360281434	undirected	NA	NA
6855	14108	0.267107818158772	undirected	NA	NA
6855	14321	0.273139449135358	undirected	NA	NA
6855	14824	0.363738221633839	undirected	NA	NA
6855	15131	0.411887221302771	undirected	NA	NA
6855	15227	0.28385893523503	undirected	NA	NA
6855	15280	0.390574231115316	undirected	NA	NA
6855	15331	0.260491643306257	undirected	NA	NA
6855	15343	0.195541339735939	undirected	NA	NA
6855	15474	0.441178203981804	undirected	NA	NA
6855	15494	0.253058411191464	undirected	NA	NA
7027	7809	0.265395022330002	undirected	NA	NA
7027	7922	0.272664736549678	undirected	NA	NA
7027	8267	0.203653769294682	undirected	NA	NA
7027	8345	0.170739038182863	undirected	NA	NA
7027	8874	0.274353735285182	undirected	NA	NA
7027	8985	0.190465465920158	undirected	NA	NA
7027	9276	0.16711981722557	undirected	NA	NA
7027	9397	0.271144639045	undirected	NA	NA
7027	9403	0.249022806288964	undirected	NA	NA
7027	10823	0.085515638888433	undirected	NA	NA
7027	10903	0.201387809395408	undirected	NA	NA
7027	11022	0.136910434007972	undirected	NA	NA
7027	11369	0.145758529571749	undirected	NA	NA
7027	11476	0.238555813344913	undirected	NA	NA
7027	11647	0.250583766280698	undirected	NA	NA
7027	12146	0.0869620116912147	undirected	NA	NA
7027	12381	0.158390278012476	undirected	NA	NA
7027	12389	0.0766977844225629	undirected	NA	NA
7027	12431	0.240183339254401	undirected	NA	NA
7027	12719	0.28947460956607	undirected	NA	NA
7027	12794	0.265240222555191	undirected	NA	NA
7027	13251	0.20040626715855	undirected	NA	NA
7027	14017	0.236049645583018	undirected	NA	NA
7027	14085	0.209170969388732	undirected	NA	NA
7027	14108	0.266987515045744	undirected	NA	NA
7027	14321	0.201985538666425	undirected	NA	NA
7027	14824	0.27186733987418	undirected	NA	NA
7027	15131	0.252249474216667	undirected	NA	NA
7027	15227	0.29836855325688	undirected	NA	NA
7027	15280	0.259282177812984	undirected	NA	NA
7027	15331	0.118392730467562	undirected	NA	NA
7027	15343	0.238076262849975	undirected	NA	NA
7027	15474	0.240573002073271	undirected	NA	NA
7027	15494	0.219157579900202	undirected	NA	NA
7809	7922	0.221195334995029	undirected	NA	NA
7809	8267	0.167030027101116	undirected	NA	NA
7809	8345	0.113330188939539	undirected	NA	NA
7809	8874	0.22553353741852	undirected	NA	NA
7809	8985	0.148353659112434	undirected	NA	NA
7809	9276	0.139796008969499	undirected	NA	NA
7809	9397	0.220263417011442	undirected	NA	NA
7809	9403	0.202653097556837	undirected	NA	NA
7809	10823	0.0688482394986622	undirected	NA	NA
7809	10903	0.137043651700936	undirected	NA	NA
7809	11022	0.091716077541334	undirected	NA	NA
7809	11369	0.128024766343262	undirected	NA	NA
7809	11476	0.168663304701195	undirected	NA	NA
7809	11647	0.203756778671819	undirected	NA	NA
7809	12146	0.0550585461622709	undirected	NA	NA
7809	12381	0.117544593324676	undirected	NA	NA
7809	12389	0.0617603194241102	undirected	NA	NA
7809	12431	0.191262582712105	undirected	NA	NA
7809	12719	0.272819263203994	undirected	NA	NA
7809	12794	0.213829027008526	undirected	NA	NA
7809	13251	0.158030676558042	undirected	NA	NA
7809	14017	0.167029374504586	undirected	NA	NA
7809	14085	0.193863534495167	undirected	NA	NA
7809	14108	0.238966162347733	undirected	NA	NA
7809	14321	0.153793821954059	undirected	NA	NA
7809	14824	0.228938551437336	undirected	NA	NA
7809	15131	0.204829093673173	undirected	NA	NA
7809	15227	0.27805468952405	undirected	NA	NA
7809	15280	0.210270348865902	undirected	NA	NA
7809	15331	0.0769967296245512	undirected	NA	NA
7809	15343	0.223727124480522	undirected	NA	NA
7809	15474	0.170523643984935	undirected	NA	NA
7809	15494	0.207553822945891	undirected	NA	NA
7922	8267	0.347365573207869	undirected	NA	NA
7922	8345	0.474713917161063	undirected	NA	NA
7922	8874	0.460904519726368	undirected	NA	NA
7922	8985	0.319594694994889	undirected	NA	NA
7922	9276	0.295292612227251	undirected	NA	NA
7922	9397	0.457144917706937	undirected	NA	NA
7922	9403	0.520113199691783	undirected	NA	NA
7922	10823	0.189291911015199	undirected	NA	NA
7922	10903	0.527951634501128	undirected	NA	NA
7922	11022	0.34266577053353	undirected	NA	NA
7922	11369	0.208186273528796	undirected	NA	NA
7922	11476	0.562760770278397	undirected	NA	NA
7922	11647	0.512164602547129	undirected	NA	NA
7922	12146	0.303677739386302	undirected	NA	NA
7922	12381	0.363866648983623	undirected	NA	NA
7922	12389	0.0931536945436882	undirected	NA	NA
7922	12431	0.510241622707759	undirected	NA	NA
7922	12719	0.291284906105524	undirected	NA	NA
7922	12794	0.459412949918866	undirected	NA	NA
7922	13251	0.29159628995826	undirected	NA	NA
7922	14017	0.555559851885084	undirected	NA	NA
7922	14085	0.171396442964092	undirected	NA	NA
7922	14108	0.257076251961932	undirected	NA	NA
7922	14321	0.311847532316784	undirected	NA	NA
7922	14824	0.361407904029619	undirected	NA	NA
7922	15131	0.509327518456797	undirected	NA	NA
7922	15227	0.287675950224601	undirected	NA	NA
7922	15280	0.475474714736502	undirected	NA	NA
7922	15331	0.371797273595864	undirected	NA	NA
7922	15343	0.213719202273014	undirected	NA	NA
7922	15474	0.556614558986984	undirected	NA	NA
7922	15494	0.23906506448625	undirected	NA	NA
8267	8345	0.344721152821305	undirected	NA	NA
8267	8874	0.335524994357966	undirected	NA	NA
8267	8985	0.259893253003472	undirected	NA	NA
8267	9276	0.213663409554924	undirected	NA	NA
8267	9397	0.345564559244043	undirected	NA	NA
8267	9403	0.379049380492652	undirected	NA	NA
8267	10823	0.129874098325961	undirected	NA	NA
8267	10903	0.360504069684472	undirected	NA	NA
8267	11022	0.217709184065192	undirected	NA	NA
8267	11369	0.151672782370432	undirected	NA	NA
8267	11476	0.398813640354261	undirected	NA	NA
8267	11647	0.377629443095495	undirected	NA	NA
8267	12146	0.215130382175756	undirected	NA	NA
8267	12381	0.249804573721967	undirected	NA	NA
8267	12389	0.0934934714547611	undirected	NA	NA
8267	12431	0.373017322026348	undirected	NA	NA
8267	12719	0.243920097994346	undirected	NA	NA
8267	12794	0.343894944747345	undirected	NA	NA
8267	13251	0.237197940722396	undirected	NA	NA
8267	14017	0.398015136524586	undirected	NA	NA
8267	14085	0.10988729547439	undirected	NA	NA
8267	14108	0.201577140603028	undirected	NA	NA
8267	14321	0.233855580056283	undirected	NA	NA
8267	14824	0.350267164224995	undirected	NA	NA
8267	15131	0.371406503089025	undirected	NA	NA
8267	15227	0.22117816054725	undirected	NA	NA
8267	15280	0.358115422966634	undirected	NA	NA
8267	15331	0.267401236253035	undirected	NA	NA
8267	15343	0.145022940492077	undirected	NA	NA
8267	15474	0.399080068753244	undirected	NA	NA
8267	15494	0.227401327624068	undirected	NA	NA
8345	8874	0.463287387493794	undirected	NA	NA
8345	8985	0.336321190372565	undirected	NA	NA
8345	9276	0.198776137967552	undirected	NA	NA
8345	9397	0.474754864037731	undirected	NA	NA
8345	9403	0.456604015129609	undirected	NA	NA
8345	10823	0.195078285261412	undirected	NA	NA
8345	10903	0.402637680623517	undirected	NA	NA
8345	11022	0.266979270924243	undirected	NA	NA
8345	11369	0.132851046480471	undirected	NA	NA
8345	11476	0.396097878745012	undirected	NA	NA
8345	11647	0.454322419486654	undirected	NA	NA
8345	12146	0.317500029194292	undirected	NA	NA
8345	12381	0.27035546195419	undirected	NA	NA
8345	12389	0.0513586357069021	undirected	NA	NA
8345	12431	0.474454644930901	undirected	NA	NA
8345	12719	0.246632028766475	undirected	NA	NA
8345	12794	0.478334739369826	undirected	NA	NA
8345	13251	0.164953941328092	undirected	NA	NA
8345	14017	0.403492458488212	undirected	NA	NA
8345	14085	0.119031847376922	undirected	NA	NA
8345	14108	0.129444546780349	undirected	NA	NA
8345	14321	0.174062793517588	undirected	NA	NA
8345	14824	0.312830110191138	undirected	NA	NA
8345	15131	0.465816516590766	undirected	NA	NA
8345	15227	0.237274664425078	undirected	NA	NA
8345	15280	0.46336809712371	undirected	NA	NA
8345	15331	0.332220757563525	undirected	NA	NA
8345	15343	0.172050593087284	undirected	NA	NA
8345	15474	0.425913039120558	undirected	NA	NA
8345	15494	0.180533973284045	undirected	NA	NA
8874	8985	0.321260408302168	undirected	NA	NA
8874	9276	0.308302096682819	undirected	NA	NA
8874	9397	0.460079028257616	undirected	NA	NA
8874	9403	0.515383145453977	undirected	NA	NA
8874	10823	0.189403373332406	undirected	NA	NA
8874	10903	0.530320835787561	undirected	NA	NA
8874	11022	0.336541800542957	undirected	NA	NA
8874	11369	0.215825144309775	undirected	NA	NA
8874	11476	0.564118383446446	undirected	NA	NA
8874	11647	0.505879512035028	undirected	NA	NA
8874	12146	0.289181211735959	undirected	NA	NA
8874	12381	0.378171441424343	undirected	NA	NA
8874	12389	0.0887692637712399	undirected	NA	NA
8874	12431	0.502929627774089	undirected	NA	NA
8874	12719	0.304473615379971	undirected	NA	NA
8874	12794	0.458522739329506	undirected	NA	NA
8874	13251	0.285308381186968	undirected	NA	NA
8874	14017	0.555136055147166	undirected	NA	NA
8874	14085	0.17158570923538	undirected	NA	NA
8874	14108	0.257256574339989	undirected	NA	NA
8874	14321	0.3028360066005	undirected	NA	NA
8874	14824	0.355696175520885	undirected	NA	NA
8874	15131	0.50413710134754	undirected	NA	NA
8874	15227	0.301176139514514	undirected	NA	NA
8874	15280	0.466400147084723	undirected	NA	NA
8874	15331	0.360651797746604	undirected	NA	NA
8874	15343	0.224667340023486	undirected	NA	NA
8874	15474	0.554873407274377	undirected	NA	NA
8874	15494	0.2299275940562	undirected	NA	NA
8985	9276	0.155211948754901	undirected	NA	NA
8985	9397	0.325173675054288	undirected	NA	NA
8985	9403	0.348539438290827	undirected	NA	NA
8985	10823	0.117794009244613	undirected	NA	NA
8985	10903	0.3321975285177	undirected	NA	NA
8985	11022	0.284586249322635	undirected	NA	NA
8985	11369	0.113542022122727	undirected	NA	NA
8985	11476	0.351921349695962	undirected	NA	NA
8985	11647	0.348757334198961	undirected	NA	NA
8985	12146	0.251954257198385	undirected	NA	NA
8985	12381	0.196640918308058	undirected	NA	NA
8985	12389	0.0954299671845694	undirected	NA	NA
8985	12431	0.350406161888173	undirected	NA	NA
8985	12719	0.203126205377057	undirected	NA	NA
8985	12794	0.328720044674984	undirected	NA	NA
8985	13251	0.238351129803205	undirected	NA	NA
8985	14017	0.349973607461799	undirected	NA	NA
8985	14085	0.174652475223899	undirected	NA	NA
8985	14108	0.186518750232823	undirected	NA	NA
8985	14321	0.274948701499915	undirected	NA	NA
8985	14824	0.330007304791455	undirected	NA	NA
8985	15131	0.342592607321642	undirected	NA	NA
8985	15227	0.217055607805656	undirected	NA	NA
8985	15280	0.33447913313677	undirected	NA	NA
8985	15331	0.264204458724053	undirected	NA	NA
8985	15343	0.172155225663646	undirected	NA	NA
8985	15474	0.357352613998851	undirected	NA	NA
8985	15494	0.181723268369703	undirected	NA	NA
9276	9397	0.3010110826793	undirected	NA	NA
9276	9403	0.316980540618859	undirected	NA	NA
9276	10823	0.16245173633869	undirected	NA	NA
9276	10903	0.239629776244998	undirected	NA	NA
9276	11022	0.0824703313867849	undirected	NA	NA
9276	11369	0.233207789897616	undirected	NA	NA
9276	11476	0.301204335691387	undirected	NA	NA
9276	11647	0.306541768562646	undirected	NA	NA
9276	12146	0.0672607096217587	undirected	NA	NA
9276	12381	0.272448868940734	undirected	NA	NA
9276	12389	0.0214177114642646	undirected	NA	NA
9276	12431	0.30530063246614	undirected	NA	NA
9276	12719	0.210112567663796	undirected	NA	NA
9276	12794	0.296983110431344	undirected	NA	NA
9276	13251	0.068953166379177	undirected	NA	NA
9276	14017	0.312383107597087	undirected	NA	NA
9276	14085	0.0649279353281975	undirected	NA	NA
9276	14108	0.125828992285677	undirected	NA	NA
9276	14321	0.0828094450718451	undirected	NA	NA
9276	14824	0.164920125997802	undirected	NA	NA
9276	15131	0.320442566769088	undirected	NA	NA
9276	15227	0.17621131213162	undirected	NA	NA
9276	15280	0.297257604920998	undirected	NA	NA
9276	15331	0.136711588734342	undirected	NA	NA
9276	15343	0.122719019412818	undirected	NA	NA
9276	15474	0.313804156647193	undirected	NA	NA
9276	15494	0.150655237184385	undirected	NA	NA
9397	9403	0.52172807116178	undirected	NA	NA
9397	10823	0.187417623844242	undirected	NA	NA
9397	10903	0.53286289218902	undirected	NA	NA
9397	11022	0.341019044219109	undirected	NA	NA
9397	11369	0.20960470374739	undirected	NA	NA
9397	11476	0.568028727357923	undirected	NA	NA
9397	11647	0.513372570981597	undirected	NA	NA
9397	12146	0.301576160306348	undirected	NA	NA
9397	12381	0.371051839687154	undirected	NA	NA
9397	12389	0.0954814312704402	undirected	NA	NA
9397	12431	0.510941955004305	undirected	NA	NA
9397	12719	0.298133398908269	undirected	NA	NA
9397	12794	0.458184472047478	undirected	NA	NA
9397	13251	0.293833019760666	undirected	NA	NA
9397	14017	0.559968502246251	undirected	NA	NA
9397	14085	0.165839106649877	undirected	NA	NA
9397	14108	0.2558610826695	undirected	NA	NA
9397	14321	0.31027583656911	undirected	NA	NA
9397	14824	0.364121187468663	undirected	NA	NA
9397	15131	0.510431160017022	undirected	NA	NA
9397	15227	0.292983886305713	undirected	NA	NA
9397	15280	0.475212652103297	undirected	NA	NA
9397	15331	0.37045733882565	undirected	NA	NA
9397	15343	0.214751923270545	undirected	NA	NA
9397	15474	0.560406909830563	undirected	NA	NA
9397	15494	0.236690528634127	undirected	NA	NA
9403	10823	0.184517770906909	undirected	NA	NA
9403	10903	0.536538191971894	undirected	NA	NA
9403	11022	0.324904008583743	undirected	NA	NA
9403	11369	0.20716107886393	undirected	NA	NA
9403	11476	0.567693506709605	undirected	NA	NA
9403	11647	0.502767294966659	undirected	NA	NA
9403	12146	0.28489676854844	undirected	NA	NA
9403	12381	0.394755672772261	undirected	NA	NA
9403	12389	0.0992377404333745	undirected	NA	NA
9403	12431	0.508374007171769	undirected	NA	NA
9403	12719	0.323856693074417	undirected	NA	NA
9403	12794	0.520382198943409	undirected	NA	NA
9403	13251	0.285793801178581	undirected	NA	NA
9403	14017	0.555473516406359	undirected	NA	NA
9403	14085	0.165110718918645	undirected	NA	NA
9403	14108	0.234469536580544	undirected	NA	NA
9403	14321	0.287570278665129	undirected	NA	NA
9403	14824	0.366448645430776	undirected	NA	NA
9403	15131	0.511580942655466	undirected	NA	NA
9403	15227	0.313084417694101	undirected	NA	NA
9403	15280	0.510199152554907	undirected	NA	NA
9403	15331	0.353148320551691	undirected	NA	NA
9403	15343	0.226898269888568	undirected	NA	NA
9403	15474	0.552590285713625	undirected	NA	NA
9403	15494	0.242080389845142	undirected	NA	NA
10823	10903	0.220318377629891	undirected	NA	NA
10823	11022	0.124755990869042	undirected	NA	NA
10823	11369	0.149302601444517	undirected	NA	NA
10823	11476	0.213071350953121	undirected	NA	NA
10823	11647	0.176989467059504	undirected	NA	NA
10823	12146	0.142423579083019	undirected	NA	NA
10823	12381	0.193792216951448	undirected	NA	NA
10823	12389	0.0153014309545226	undirected	NA	NA
10823	12431	0.18394684899163	undirected	NA	NA
10823	12719	0.125487105698655	undirected	NA	NA
10823	12794	0.187003412171865	undirected	NA	NA
10823	13251	0.0693784826436609	undirected	NA	NA
10823	14017	0.214070577592956	undirected	NA	NA
10823	14085	0.0535133624487612	undirected	NA	NA
10823	14108	0.0704301967470811	undirected	NA	NA
10823	14321	0.077725315831082	undirected	NA	NA
10823	14824	0.130018545747808	undirected	NA	NA
10823	15131	0.185133628385143	undirected	NA	NA
10823	15227	0.117902716577499	undirected	NA	NA
10823	15280	0.175047487941929	undirected	NA	NA
10823	15331	0.20198062428586	undirected	NA	NA
10823	15343	0.0982735625467057	undirected	NA	NA
10823	15474	0.207297115560118	undirected	NA	NA
10823	15494	0.0750296978247719	undirected	NA	NA
10903	11022	0.234071723632318	undirected	NA	NA
10903	11369	0.182504008983579	undirected	NA	NA
10903	11476	0.473461805115273	undirected	NA	NA
10903	11647	0.527232139079158	undirected	NA	NA
10903	12146	0.231469041237374	undirected	NA	NA
10903	12381	0.326873413576152	undirected	NA	NA
10903	12389	0.0449394719170488	undirected	NA	NA
10903	12431	0.544209931111426	undirected	NA	NA
10903	12719	0.273408526719989	undirected	NA	NA
10903	12794	0.534813331185955	undirected	NA	NA
10903	13251	0.148932264248353	undirected	NA	NA
10903	14017	0.494486494218426	undirected	NA	NA
10903	14085	0.12390594851236	undirected	NA	NA
10903	14108	0.149439809686315	undirected	NA	NA
10903	14321	0.160871709683436	undirected	NA	NA
10903	14824	0.289270419614009	undirected	NA	NA
10903	15131	0.543734597163336	undirected	NA	NA
10903	15227	0.262275258075598	undirected	NA	NA
10903	15280	0.522205056307911	undirected	NA	NA
10903	15331	0.286299154878781	undirected	NA	NA
10903	15343	0.196081002004563	undirected	NA	NA
10903	15474	0.515814661813621	undirected	NA	NA
10903	15494	0.188018765178932	undirected	NA	NA
11022	11369	0.0831103441709258	undirected	NA	NA
11022	11476	0.26511111577183	undirected	NA	NA
11022	11647	0.323244808685536	undirected	NA	NA
11022	12146	0.179419994868369	undirected	NA	NA
11022	12381	0.118967618823272	undirected	NA	NA
11022	12389	0.042031845568505	undirected	NA	NA
11022	12431	0.338537220492265	undirected	NA	NA
11022	12719	0.174224976041985	undirected	NA	NA
11022	12794	0.345663077407526	undirected	NA	NA
11022	13251	0.103497935368096	undirected	NA	NA
11022	14017	0.276317642087481	undirected	NA	NA
11022	14085	0.157671299820049	undirected	NA	NA
11022	14108	0.106279131212222	undirected	NA	NA
11022	14321	0.146769970876121	undirected	NA	NA
11022	14824	0.218571958908474	undirected	NA	NA
11022	15131	0.329622622664721	undirected	NA	NA
11022	15227	0.196156188787552	undirected	NA	NA
11022	15280	0.326363022825388	undirected	NA	NA
11022	15331	0.194052681140968	undirected	NA	NA
11022	15343	0.171613192234031	undirected	NA	NA
11022	15474	0.297517428568103	undirected	NA	NA
11022	15494	0.11675118419578	undirected	NA	NA
11369	11476	0.19615690243024	undirected	NA	NA
11369	11647	0.201769942437371	undirected	NA	NA
11369	12146	0.0698377825705168	undirected	NA	NA
11369	12381	0.227090648233171	undirected	NA	NA
11369	12389	0.0193170513124593	undirected	NA	NA
11369	12431	0.20044473154158	undirected	NA	NA
11369	12719	0.186852613469526	undirected	NA	NA
11369	12794	0.20561742142517	undirected	NA	NA
11369	13251	0.0774289409945979	undirected	NA	NA
11369	14017	0.192850753627937	undirected	NA	NA
11369	14085	0.066889362434981	undirected	NA	NA
11369	14108	0.109105965251192	undirected	NA	NA
11369	14321	0.0754205758218694	undirected	NA	NA
11369	14824	0.14491665506898	undirected	NA	NA
11369	15131	0.211862378730754	undirected	NA	NA
11369	15227	0.161863023911037	undirected	NA	NA
11369	15280	0.201658196153837	undirected	NA	NA
11369	15331	0.109449455700264	undirected	NA	NA
11369	15343	0.121386345940552	undirected	NA	NA
11369	15474	0.191825367618096	undirected	NA	NA
11369	15494	0.127117094225643	undirected	NA	NA
11476	11647	0.56092496885386	undirected	NA	NA
11476	12146	0.244482349399939	undirected	NA	NA
11476	12381	0.389774355255619	undirected	NA	NA
11476	12389	0.0721072009946691	undirected	NA	NA
11476	12431	0.570580331893618	undirected	NA	NA
11476	12719	0.317839905719812	undirected	NA	NA
11476	12794	0.567635319551999	undirected	NA	NA
11476	13251	0.211088314799184	undirected	NA	NA
11476	14017	0.508905383334715	undirected	NA	NA
11476	14085	0.140685542119587	undirected	NA	NA
11476	14108	0.18319856832761	undirected	NA	NA
11476	14321	0.205981949946998	undirected	NA	NA
11476	14824	0.335161512785547	undirected	NA	NA
11476	15131	0.57435500623719	undirected	NA	NA
11476	15227	0.300174836370105	undirected	NA	NA
11476	15280	0.559084253051684	undirected	NA	NA
11476	15331	0.300895989787913	undirected	NA	NA
11476	15343	0.215927728110838	undirected	NA	NA
11476	15474	0.533707871070155	undirected	NA	NA
11476	15494	0.229998657429618	undirected	NA	NA
11647	12146	0.283714323773189	undirected	NA	NA
11647	12381	0.380657270606665	undirected	NA	NA
11647	12389	0.107340376586144	undirected	NA	NA
11647	12431	0.498504326998941	undirected	NA	NA
11647	12719	0.321107475208948	undirected	NA	NA
11647	12794	0.512053353496896	undirected	NA	NA
11647	13251	0.294143816920574	undirected	NA	NA
11647	14017	0.5496196528359	undirected	NA	NA
11647	14085	0.16567214208848	undirected	NA	NA
11647	14108	0.237894567645571	undirected	NA	NA
11647	14321	0.294334792615203	undirected	NA	NA
11647	14824	0.372231963680399	undirected	NA	NA
11647	15131	0.501093425195205	undirected	NA	NA
11647	15227	0.310443435550485	undirected	NA	NA
11647	15280	0.502404864661642	undirected	NA	NA
11647	15331	0.349624972293064	undirected	NA	NA
11647	15343	0.223436888452992	undirected	NA	NA
11647	15474	0.547890433730784	undirected	NA	NA
11647	15494	0.2440518899533	undirected	NA	NA
12146	12381	0.0886564239397089	undirected	NA	NA
12146	12389	0.017566798988896	undirected	NA	NA
12146	12431	0.310815935410328	undirected	NA	NA
12146	12719	0.130198487294147	undirected	NA	NA
12146	12794	0.308948260971553	undirected	NA	NA
12146	13251	0.0498797554614526	undirected	NA	NA
12146	14017	0.260365751030676	undirected	NA	NA
12146	14085	0.0715427477351709	undirected	NA	NA
12146	14108	0.0650508774447582	undirected	NA	NA
12146	14321	0.0916626046186317	undirected	NA	NA
12146	14824	0.188081820607983	undirected	NA	NA
12146	15131	0.292758017439526	undirected	NA	NA
12146	15227	0.129207683992202	undirected	NA	NA
12146	15280	0.292166054046673	undirected	NA	NA
12146	15331	0.283192782804847	undirected	NA	NA
12146	15343	0.0984225529570312	undirected	NA	NA
12146	15474	0.274333178247178	undirected	NA	NA
12146	15494	0.093715144032682	undirected	NA	NA
12381	12389	0.0201573469538769	undirected	NA	NA
12381	12431	0.386647333606389	undirected	NA	NA
12381	12719	0.208136860771253	undirected	NA	NA
12381	12794	0.369123851382611	undirected	NA	NA
12381	13251	0.0686632940754686	undirected	NA	NA
12381	14017	0.399972811848805	undirected	NA	NA
12381	14085	0.0720177935639868	undirected	NA	NA
12381	14108	0.114358930570059	undirected	NA	NA
12381	14321	0.0992277865063638	undirected	NA	NA
12381	14824	0.181371222649172	undirected	NA	NA
12381	15131	0.398723842141087	undirected	NA	NA
12381	15227	0.18493436116394	undirected	NA	NA
12381	15280	0.366285419133492	undirected	NA	NA
12381	15331	0.191221507070906	undirected	NA	NA
12381	15343	0.135300192171644	undirected	NA	NA
12381	15474	0.401620962197736	undirected	NA	NA
12381	15494	0.139847687326348	undirected	NA	NA
12389	12431	0.0940971227790161	undirected	NA	NA
12389	12719	0.0632972794774559	undirected	NA	NA
12389	12794	0.095247742744201	undirected	NA	NA
12389	13251	0.240079274698543	undirected	NA	NA
12389	14017	0.0708650261597585	undirected	NA	NA
12389	14085	0.0567224803399879	undirected	NA	NA
12389	14108	0.103247292535471	undirected	NA	NA
12389	14321	0.196635428967367	undirected	NA	NA
12389	14824	0.0879614190582089	undirected	NA	NA
12389	15131	0.0927284578165444	undirected	NA	NA
12389	15227	0.0649177127230025	undirected	NA	NA
12389	15280	0.106039446328236	undirected	NA	NA
12389	15331	0.0244176714360325	undirected	NA	NA
12389	15343	0.0407439491002261	undirected	NA	NA
12389	15474	0.081178349170223	undirected	NA	NA
12389	15494	0.0935383117365929	undirected	NA	NA
12431	12719	0.308889624738609	undirected	NA	NA
12431	12794	0.510554565610253	undirected	NA	NA
12431	13251	0.279887082436442	undirected	NA	NA
12431	14017	0.559466780445674	undirected	NA	NA
12431	14085	0.15965092037938	undirected	NA	NA
12431	14108	0.224558445882083	undirected	NA	NA
12431	14321	0.287424496238678	undirected	NA	NA
12431	14824	0.365578249802585	undirected	NA	NA
12431	15131	0.498491713558313	undirected	NA	NA
12431	15227	0.299846353067647	undirected	NA	NA
12431	15280	0.498857567309047	undirected	NA	NA
12431	15331	0.374542029315925	undirected	NA	NA
12431	15343	0.217600411345383	undirected	NA	NA
12431	15474	0.557007168743367	undirected	NA	NA
12431	15494	0.230720750479223	undirected	NA	NA
12719	12794	0.294912397684182	undirected	NA	NA
12719	13251	0.208405121926041	undirected	NA	NA
12719	14017	0.31876331416716	undirected	NA	NA
12719	14085	0.173617874381194	undirected	NA	NA
12719	14108	0.283892090956066	undirected	NA	NA
12719	14321	0.223849431578557	undirected	NA	NA
12719	14824	0.309306593511238	undirected	NA	NA
12719	15131	0.318505139263527	undirected	NA	NA
12719	15227	0.270970500989585	undirected	NA	NA
12719	15280	0.305282482047545	undirected	NA	NA
12719	15331	0.18049186362988	undirected	NA	NA
12719	15343	0.208483479923988	undirected	NA	NA
12719	15474	0.322751547886328	undirected	NA	NA
12719	15494	0.247011533851103	undirected	NA	NA
12794	13251	0.292052563166043	undirected	NA	NA
12794	14017	0.559427826168402	undirected	NA	NA
12794	14085	0.165174234199465	undirected	NA	NA
12794	14108	0.249812664971732	undirected	NA	NA
12794	14321	0.30934700401581	undirected	NA	NA
12794	14824	0.363678275695522	undirected	NA	NA
12794	15131	0.509160641001161	undirected	NA	NA
12794	15227	0.290602063346845	undirected	NA	NA
12794	15280	0.473977823922009	undirected	NA	NA
12794	15331	0.375194427792729	undirected	NA	NA
12794	15343	0.213410500174545	undirected	NA	NA
12794	15474	0.559880884836216	undirected	NA	NA
12794	15494	0.231918596385175	undirected	NA	NA
13251	14017	0.219447450120224	undirected	NA	NA
13251	14085	0.157627959789193	undirected	NA	NA
13251	14108	0.201687417828943	undirected	NA	NA
13251	14321	0.251127486921426	undirected	NA	NA
13251	14824	0.252960312070087	undirected	NA	NA
13251	15131	0.281809674866409	undirected	NA	NA
13251	15227	0.212871669490171	undirected	NA	NA
13251	15280	0.298001181685431	undirected	NA	NA
13251	15331	0.093044554467872	undirected	NA	NA
13251	15343	0.14935534651511	undirected	NA	NA
13251	15474	0.241543229670122	undirected	NA	NA
13251	15494	0.205111553598728	undirected	NA	NA
14017	14085	0.139428545635983	undirected	NA	NA
14017	14108	0.181201092908555	undirected	NA	NA
14017	14321	0.216648854993948	undirected	NA	NA
14017	14824	0.342047804124181	undirected	NA	NA
14017	15131	0.562841611496647	undirected	NA	NA
14017	15227	0.299674319027286	undirected	NA	NA
14017	15280	0.550413560949214	undirected	NA	NA
14017	15331	0.322117007524627	undirected	NA	NA
14017	15343	0.214164219130616	undirected	NA	NA
14017	15474	0.519303961722641	undirected	NA	NA
14017	15494	0.232296299110348	undirected	NA	NA
14085	14108	0.206525359651739	undirected	NA	NA
14085	14321	0.220142650806418	undirected	NA	NA
14085	14824	0.210949871460807	undirected	NA	NA
14085	15131	0.16232291150188	undirected	NA	NA
14085	15227	0.239239548016048	undirected	NA	NA
14085	15280	0.16037798983988	undirected	NA	NA
14085	15331	0.0799419871371807	undirected	NA	NA
14085	15343	0.245033608594834	undirected	NA	NA
14085	15474	0.148772448491649	undirected	NA	NA
14085	15494	0.115937301672147	undirected	NA	NA
14108	14321	0.185763398209597	undirected	NA	NA
14108	14824	0.275335495844262	undirected	NA	NA
14108	15131	0.236245319759949	undirected	NA	NA
14108	15227	0.289276671672574	undirected	NA	NA
14108	15280	0.247075091038471	undirected	NA	NA
14108	15331	0.0868370947322656	undirected	NA	NA
14108	15343	0.221606050738489	undirected	NA	NA
14108	15474	0.187960068626374	undirected	NA	NA
14108	15494	0.232376188589833	undirected	NA	NA
14321	14824	0.296403060118728	undirected	NA	NA
14321	15131	0.287651249016054	undirected	NA	NA
14321	15227	0.24991996704253	undirected	NA	NA
14321	15280	0.30386624420191	undirected	NA	NA
14321	15331	0.101082343516895	undirected	NA	NA
14321	15343	0.196799799623411	undirected	NA	NA
14321	15474	0.239389547334996	undirected	NA	NA
14321	15494	0.188802408939357	undirected	NA	NA
14824	15131	0.363404211705775	undirected	NA	NA
14824	15227	0.292903511878173	undirected	NA	NA
14824	15280	0.373316394242788	undirected	NA	NA
14824	15331	0.232998317567841	undirected	NA	NA
14824	15343	0.217381904602276	undirected	NA	NA
14824	15474	0.351840191780031	undirected	NA	NA
14824	15494	0.319526567771163	undirected	NA	NA
15131	15227	0.307999154539224	undirected	NA	NA
15131	15280	0.498222150249722	undirected	NA	NA
15131	15331	0.363332093232083	undirected	NA	NA
15131	15343	0.223830528903525	undirected	NA	NA
15131	15474	0.559855120412893	undirected	NA	NA
15131	15494	0.236918034764612	undirected	NA	NA
15227	15280	0.295197024439661	undirected	NA	NA
15227	15331	0.170950755739744	undirected	NA	NA
15227	15343	0.254465831394625	undirected	NA	NA
15227	15474	0.306780171642147	undirected	NA	NA
15227	15494	0.218821203479528	undirected	NA	NA
15280	15331	0.358404331084944	undirected	NA	NA
15280	15343	0.211225390245205	undirected	NA	NA
15280	15474	0.550256284865227	undirected	NA	NA
15280	15494	0.236493270757102	undirected	NA	NA
15331	15343	0.125758668416228	undirected	NA	NA
15331	15474	0.336844559530165	undirected	NA	NA
15331	15494	0.126911475371378	undirected	NA	NA
15343	15474	0.220583565045654	undirected	NA	NA
15343	15494	0.13977820232458	undirected	NA	NA
15474	15494	0.236360952392487	undirected	NA	NA
