fromNode	toNode	weight	direction	fromAltName	toAltName
829	2687	0.151687787768328	undirected	NA	NA
829	2924	0.00425114510827177	undirected	NA	NA
829	3202	0.269508926153004	undirected	NA	NA
829	3683	0.0680491981262376	undirected	NA	NA
829	4193	0.140757921713003	undirected	NA	NA
829	4199	0.122109177620751	undirected	NA	NA
829	4408	0.207293049960908	undirected	NA	NA
829	4798	0.000946854464944579	undirected	NA	NA
829	4952	0.0280373971835437	undirected	NA	NA
829	5241	0.0334734019487075	undirected	NA	NA
829	5303	0.203200804440604	undirected	NA	NA
829	5305	0.0177106851338685	undirected	NA	NA
829	5814	0.136630503805581	undirected	NA	NA
829	5871	0.070742718847562	undirected	NA	NA
829	6003	0.0844692702818397	undirected	NA	NA
829	6416	0.256912166208539	undirected	NA	NA
829	6474	0.274571633367373	undirected	NA	NA
829	6595	0.0693134640223164	undirected	NA	NA
829	6720	0.186000705876141	undirected	NA	NA
829	7218	0.112185690124079	undirected	NA	NA
829	8052	0.255693849258662	undirected	NA	NA
829	8326	0.277910197318885	undirected	NA	NA
829	8500	0.0805430376159589	undirected	NA	NA
829	8514	0.247539580992152	undirected	NA	NA
829	8697	0.117929141110961	undirected	NA	NA
829	9350	0.179506090614423	undirected	NA	NA
829	9506	0.173171090577189	undirected	NA	NA
829	9675	0.00289298497524267	undirected	NA	NA
829	9748	0.257438117353024	undirected	NA	NA
829	10350	0.0601295017588497	undirected	NA	NA
829	10609	0.124129394202152	undirected	NA	NA
829	10689	0.0845719691065856	undirected	NA	NA
829	11623	0.29675070168016	undirected	NA	NA
829	11913	0.068548458679499	undirected	NA	NA
829	12344	0.0244499214472111	undirected	NA	NA
829	12391	0.0110954350073146	undirected	NA	NA
829	12733	0.00436247209313294	undirected	NA	NA
829	13931	0.227089563603778	undirected	NA	NA
829	14449	0.00844034653993866	undirected	NA	NA
829	14611	0.272520497478238	undirected	NA	NA
829	14639	0.214860567106151	undirected	NA	NA
829	14790	0.029401809995708	undirected	NA	NA
829	15447	0.0516383572845318	undirected	NA	NA
829	15578	0.0134810987922167	undirected	NA	NA
829	15741	0.0054902366017829	undirected	NA	NA
2687	2924	0.0738934297765671	undirected	NA	NA
2687	3202	0.192468968938227	undirected	NA	NA
2687	3683	0.128685993360447	undirected	NA	NA
2687	4193	0.248803591755705	undirected	NA	NA
2687	4199	0.19256859181463	undirected	NA	NA
2687	4408	0.153080037029682	undirected	NA	NA
2687	4798	0.0371496163787612	undirected	NA	NA
2687	4952	0.0562031303525922	undirected	NA	NA
2687	5241	0.0847022725420818	undirected	NA	NA
2687	5303	0.123843724623276	undirected	NA	NA
2687	5305	0.0795035191767025	undirected	NA	NA
2687	5814	0.142929909289244	undirected	NA	NA
2687	5871	0.266248791106483	undirected	NA	NA
2687	6003	0.190052786786838	undirected	NA	NA
2687	6416	0.151204699887477	undirected	NA	NA
2687	6474	0.201092690304011	undirected	NA	NA
2687	6595	0.18494459926391	undirected	NA	NA
2687	6720	0.232484389150626	undirected	NA	NA
2687	7218	0.244439650837286	undirected	NA	NA
2687	8052	0.150366787269853	undirected	NA	NA
2687	8326	0.141275859293611	undirected	NA	NA
2687	8500	0.0754965585636714	undirected	NA	NA
2687	8514	0.200993549485788	undirected	NA	NA
2687	8697	0.171448045555572	undirected	NA	NA
2687	9350	0.112771621850994	undirected	NA	NA
2687	9506	0.243037007609094	undirected	NA	NA
2687	9675	0.0647869048312967	undirected	NA	NA
2687	9748	0.0687908437331027	undirected	NA	NA
2687	10350	0.226727586544378	undirected	NA	NA
2687	10609	0.197651284339059	undirected	NA	NA
2687	10689	0.176531155548556	undirected	NA	NA
2687	11623	0.193200158048066	undirected	NA	NA
2687	11913	0.0911020053407646	undirected	NA	NA
2687	12344	0.0647128659860042	undirected	NA	NA
2687	12391	0.125250458888618	undirected	NA	NA
2687	12733	0.0822854036395445	undirected	NA	NA
2687	13931	0.104691537457402	undirected	NA	NA
2687	14449	0.08685569077732	undirected	NA	NA
2687	14611	0.140250083525976	undirected	NA	NA
2687	14639	0.158401495803901	undirected	NA	NA
2687	14790	0.077840813373859	undirected	NA	NA
2687	15447	0.186758137258314	undirected	NA	NA
2687	15578	0.117582818203122	undirected	NA	NA
2687	15741	0.0876371571378139	undirected	NA	NA
2924	3202	0.0233363371073005	undirected	NA	NA
2924	3683	0.0295099138712826	undirected	NA	NA
2924	4193	0.0546265243473341	undirected	NA	NA
2924	4199	0.031044965188052	undirected	NA	NA
2924	4408	0.0303938645591649	undirected	NA	NA
2924	4798	0.39790194241862	undirected	NA	NA
2924	4952	0.0125803537190407	undirected	NA	NA
2924	5241	0.0322062755710708	undirected	NA	NA
2924	5303	0.00516944822940894	undirected	NA	NA
2924	5305	0.126492287994235	undirected	NA	NA
2924	5814	0.0833480211013678	undirected	NA	NA
2924	5871	0.119739185779171	undirected	NA	NA
2924	6003	0.245554950893338	undirected	NA	NA
2924	6416	0.00588556483935031	undirected	NA	NA
2924	6474	0.0191158959338332	undirected	NA	NA
2924	6595	0.129715135947265	undirected	NA	NA
2924	6720	0.0141988210079982	undirected	NA	NA
2924	7218	0.0330643250375542	undirected	NA	NA
2924	8052	0.00880983739993127	undirected	NA	NA
2924	8326	0.00481048675437921	undirected	NA	NA
2924	8500	0.009741943143623	undirected	NA	NA
2924	8514	0.0306713959304718	undirected	NA	NA
2924	8697	0.121396132093885	undirected	NA	NA
2924	9350	0.0133643181187875	undirected	NA	NA
2924	9506	0.0238949999852533	undirected	NA	NA
2924	9675	0.47923283840671	undirected	NA	NA
2924	9748	0.00279416154241629	undirected	NA	NA
2924	10350	0.117824353046229	undirected	NA	NA
2924	10609	0.0192851102602553	undirected	NA	NA
2924	10689	0.124650527962375	undirected	NA	NA
2924	11623	0.015481282717501	undirected	NA	NA
2924	11913	0.0196704851090963	undirected	NA	NA
2924	12344	0.0613426452013353	undirected	NA	NA
2924	12391	0.424289708428151	undirected	NA	NA
2924	12733	0.499890176178874	undirected	NA	NA
2924	13931	0.00456361421713871	undirected	NA	NA
2924	14449	0.377756086780141	undirected	NA	NA
2924	14611	0.00664681271332132	undirected	NA	NA
2924	14639	0.0281259624858733	undirected	NA	NA
2924	14790	0.0139773316912634	undirected	NA	NA
2924	15447	0.295303234930425	undirected	NA	NA
2924	15578	0.484919352426298	undirected	NA	NA
2924	15741	0.508344289407728	undirected	NA	NA
3202	3683	0.0889119101014501	undirected	NA	NA
3202	4193	0.179097980309493	undirected	NA	NA
3202	4199	0.180652157232501	undirected	NA	NA
3202	4408	0.170863844329567	undirected	NA	NA
3202	4798	0.0104290450717653	undirected	NA	NA
3202	4952	0.0817431730527111	undirected	NA	NA
3202	5241	0.106660123727427	undirected	NA	NA
3202	5303	0.157593187094088	undirected	NA	NA
3202	5305	0.0622863584041981	undirected	NA	NA
3202	5814	0.197473541925636	undirected	NA	NA
3202	5871	0.213263796165561	undirected	NA	NA
3202	6003	0.149844175100682	undirected	NA	NA
3202	6416	0.256757143355153	undirected	NA	NA
3202	6474	0.231923843612845	undirected	NA	NA
3202	6595	0.185863990001197	undirected	NA	NA
3202	6720	0.187445351815935	undirected	NA	NA
3202	7218	0.204456407762213	undirected	NA	NA
3202	8052	0.260349817065894	undirected	NA	NA
3202	8326	0.209856724435507	undirected	NA	NA
3202	8500	0.104707898240959	undirected	NA	NA
3202	8514	0.22755935157048	undirected	NA	NA
3202	8697	0.169088506509749	undirected	NA	NA
3202	9350	0.234758694235327	undirected	NA	NA
3202	9506	0.134928047986079	undirected	NA	NA
3202	9675	0.0224287237788541	undirected	NA	NA
3202	9748	0.170458934045579	undirected	NA	NA
3202	10350	0.19880751958652	undirected	NA	NA
3202	10609	0.181200391999887	undirected	NA	NA
3202	10689	0.186432861100737	undirected	NA	NA
3202	11623	0.256787151834936	undirected	NA	NA
3202	11913	0.0954263523977742	undirected	NA	NA
3202	12344	0.0750783816835891	undirected	NA	NA
3202	12391	0.0534612127205422	undirected	NA	NA
3202	12733	0.0305333615174827	undirected	NA	NA
3202	13931	0.197008023982283	undirected	NA	NA
3202	14449	0.0429638582748722	undirected	NA	NA
3202	14611	0.220811475020591	undirected	NA	NA
3202	14639	0.181996011384709	undirected	NA	NA
3202	14790	0.0527477107238562	undirected	NA	NA
3202	15447	0.138511666414915	undirected	NA	NA
3202	15578	0.0556655273001329	undirected	NA	NA
3202	15741	0.0374874404138367	undirected	NA	NA
3683	4193	0.0738587872900808	undirected	NA	NA
3683	4199	0.151123851313803	undirected	NA	NA
3683	4408	0.140426511914202	undirected	NA	NA
3683	4798	0.00860128038521907	undirected	NA	NA
3683	4952	0.0666766625078536	undirected	NA	NA
3683	5241	0.104097600577909	undirected	NA	NA
3683	5303	0.106910997953096	undirected	NA	NA
3683	5305	0.143644886340934	undirected	NA	NA
3683	5814	0.104478487798138	undirected	NA	NA
3683	5871	0.100914063563626	undirected	NA	NA
3683	6003	0.120097727378358	undirected	NA	NA
3683	6416	0.0769419235866352	undirected	NA	NA
3683	6474	0.0813001186157354	undirected	NA	NA
3683	6595	0.132571510802964	undirected	NA	NA
3683	6720	0.130028506382325	undirected	NA	NA
3683	7218	0.0958721852215632	undirected	NA	NA
3683	8052	0.121195735004088	undirected	NA	NA
3683	8326	0.0647663546494287	undirected	NA	NA
3683	8500	0.165942161081249	undirected	NA	NA
3683	8514	0.142042113963531	undirected	NA	NA
3683	8697	0.172876786939382	undirected	NA	NA
3683	9350	0.0483615147367838	undirected	NA	NA
3683	9506	0.0643948227369862	undirected	NA	NA
3683	9675	0.0247643482778022	undirected	NA	NA
3683	9748	0.0313179194501047	undirected	NA	NA
3683	10350	0.126083519759771	undirected	NA	NA
3683	10609	0.0746902091042133	undirected	NA	NA
3683	10689	0.142547517180997	undirected	NA	NA
3683	11623	0.0838936079073266	undirected	NA	NA
3683	11913	0.162100785880231	undirected	NA	NA
3683	12344	0.0932981374746839	undirected	NA	NA
3683	12391	0.0567616995974321	undirected	NA	NA
3683	12733	0.025732111954406	undirected	NA	NA
3683	13931	0.0853507197552748	undirected	NA	NA
3683	14449	0.0261495879059348	undirected	NA	NA
3683	14611	0.0489399825381615	undirected	NA	NA
3683	14639	0.144632865382045	undirected	NA	NA
3683	14790	0.181922145685663	undirected	NA	NA
3683	15447	0.0897303499605865	undirected	NA	NA
3683	15578	0.0563561471632781	undirected	NA	NA
3683	15741	0.0313066543500042	undirected	NA	NA
4193	4199	0.173392561643543	undirected	NA	NA
4193	4408	0.100429980607464	undirected	NA	NA
4193	4798	0.0295110315665716	undirected	NA	NA
4193	4952	0.0408496089195384	undirected	NA	NA
4193	5241	0.0586651762061234	undirected	NA	NA
4193	5303	0.0887320457954004	undirected	NA	NA
4193	5305	0.0411735248068035	undirected	NA	NA
4193	5814	0.0890158625328469	undirected	NA	NA
4193	5871	0.221298967673551	undirected	NA	NA
4193	6003	0.133321033615091	undirected	NA	NA
4193	6416	0.142989418735163	undirected	NA	NA
4193	6474	0.190366144852252	undirected	NA	NA
4193	6595	0.121912916135613	undirected	NA	NA
4193	6720	0.223473942512505	undirected	NA	NA
4193	7218	0.222905146019195	undirected	NA	NA
4193	8052	0.111498496255017	undirected	NA	NA
4193	8326	0.124442937393229	undirected	NA	NA
4193	8500	0.0364651234667942	undirected	NA	NA
4193	8514	0.155838757846987	undirected	NA	NA
4193	8697	0.126478586574231	undirected	NA	NA
4193	9350	0.0949415466576021	undirected	NA	NA
4193	9506	0.292055710369281	undirected	NA	NA
4193	9675	0.0480725441100108	undirected	NA	NA
4193	9748	0.0591524968928873	undirected	NA	NA
4193	10350	0.170364382866135	undirected	NA	NA
4193	10609	0.206420985132707	undirected	NA	NA
4193	10689	0.111796103570379	undirected	NA	NA
4193	11623	0.178115544514008	undirected	NA	NA
4193	11913	0.0486147210838937	undirected	NA	NA
4193	12344	0.0338664092948257	undirected	NA	NA
4193	12391	0.0972627317472553	undirected	NA	NA
4193	12733	0.0639106625861302	undirected	NA	NA
4193	13931	0.0718161431474477	undirected	NA	NA
4193	14449	0.0666903796278593	undirected	NA	NA
4193	14611	0.13784390938649	undirected	NA	NA
4193	14639	0.104948864923099	undirected	NA	NA
4193	14790	0.0424047256904563	undirected	NA	NA
4193	15447	0.135891400971135	undirected	NA	NA
4193	15578	0.0856706700817227	undirected	NA	NA
4193	15741	0.0659531295970751	undirected	NA	NA
4199	4408	0.12606889571444	undirected	NA	NA
4199	4798	0.0148327091941239	undirected	NA	NA
4199	4952	0.105282566311402	undirected	NA	NA
4199	5241	0.139837403075832	undirected	NA	NA
4199	5303	0.0980839887005278	undirected	NA	NA
4199	5305	0.0861013478035541	undirected	NA	NA
4199	5814	0.139134697270055	undirected	NA	NA
4199	5871	0.239421782525383	undirected	NA	NA
4199	6003	0.139103739797228	undirected	NA	NA
4199	6416	0.166710205942886	undirected	NA	NA
4199	6474	0.1299773921992	undirected	NA	NA
4199	6595	0.191039798824462	undirected	NA	NA
4199	6720	0.210699631846138	undirected	NA	NA
4199	7218	0.239982880991988	undirected	NA	NA
4199	8052	0.165115155946665	undirected	NA	NA
4199	8326	0.0900782351946831	undirected	NA	NA
4199	8500	0.133102204010644	undirected	NA	NA
4199	8514	0.189964693391305	undirected	NA	NA
4199	8697	0.154465747410102	undirected	NA	NA
4199	9350	0.133396272188056	undirected	NA	NA
4199	9506	0.143540292902409	undirected	NA	NA
4199	9675	0.030538628375379	undirected	NA	NA
4199	9748	0.0540040043399189	undirected	NA	NA
4199	10350	0.23492137416977	undirected	NA	NA
4199	10609	0.197605168298	undirected	NA	NA
4199	10689	0.181209277730059	undirected	NA	NA
4199	11623	0.140941893053989	undirected	NA	NA
4199	11913	0.141547182222318	undirected	NA	NA
4199	12344	0.0819868078625034	undirected	NA	NA
4199	12391	0.0725137555702735	undirected	NA	NA
4199	12733	0.0394519392600513	undirected	NA	NA
4199	13931	0.0897742396343828	undirected	NA	NA
4199	14449	0.043598178062314	undirected	NA	NA
4199	14611	0.0905871027363205	undirected	NA	NA
4199	14639	0.13474722239001	undirected	NA	NA
4199	14790	0.114624566691363	undirected	NA	NA
4199	15447	0.134861398909908	undirected	NA	NA
4199	15578	0.0649340732117268	undirected	NA	NA
4199	15741	0.0458637136528382	undirected	NA	NA
4408	4798	0.00847127346964601	undirected	NA	NA
4408	4952	0.0418935564389853	undirected	NA	NA
4408	5241	0.0711272626221178	undirected	NA	NA
4408	5303	0.2238940967421	undirected	NA	NA
4408	5305	0.102948320224583	undirected	NA	NA
4408	5814	0.199079093391621	undirected	NA	NA
4408	5871	0.109158248972433	undirected	NA	NA
4408	6003	0.175402007312998	undirected	NA	NA
4408	6416	0.127435618647801	undirected	NA	NA
4408	6474	0.223836209637954	undirected	NA	NA
4408	6595	0.14994110497427	undirected	NA	NA
4408	6720	0.114637649726567	undirected	NA	NA
4408	7218	0.0863501206567658	undirected	NA	NA
4408	8052	0.219454381749144	undirected	NA	NA
4408	8326	0.247163243684234	undirected	NA	NA
4408	8500	0.116460161454941	undirected	NA	NA
4408	8514	0.220644368524218	undirected	NA	NA
4408	8697	0.224935236053598	undirected	NA	NA
4408	9350	0.0967142087650956	undirected	NA	NA
4408	9506	0.0889795483845951	undirected	NA	NA
4408	9675	0.023165407081388	undirected	NA	NA
4408	9748	0.15509015349908	undirected	NA	NA
4408	10350	0.119308434272788	undirected	NA	NA
4408	10609	0.0710298455185886	undirected	NA	NA
4408	10689	0.172102892725083	undirected	NA	NA
4408	11623	0.221317777924233	undirected	NA	NA
4408	11913	0.117508371949301	undirected	NA	NA
4408	12344	0.0862552454964499	undirected	NA	NA
4408	12391	0.0521908872062962	undirected	NA	NA
4408	12733	0.0272088345685059	undirected	NA	NA
4408	13931	0.269189717013555	undirected	NA	NA
4408	14449	0.0384440216138001	undirected	NA	NA
4408	14611	0.195598231746939	undirected	NA	NA
4408	14639	0.247749708519837	undirected	NA	NA
4408	14790	0.0708931234885348	undirected	NA	NA
4408	15447	0.126309375601108	undirected	NA	NA
4408	15578	0.0636209730801438	undirected	NA	NA
4408	15741	0.0338882060479534	undirected	NA	NA
4798	4952	0.00827485740926154	undirected	NA	NA
4798	5241	0.0204358491453569	undirected	NA	NA
4798	5303	0.000489998968457065	undirected	NA	NA
4798	5305	0.0858270549304575	undirected	NA	NA
4798	5814	0.0498896052920222	undirected	NA	NA
4798	5871	0.0869936555066388	undirected	NA	NA
4798	6003	0.163943905397327	undirected	NA	NA
4798	6416	0.00225278510291083	undirected	NA	NA
4798	6474	0.00538672186803252	undirected	NA	NA
4798	6595	0.0872301574053585	undirected	NA	NA
4798	6720	0.00393200237902942	undirected	NA	NA
4798	7218	0.0196919530412908	undirected	NA	NA
4798	8052	0.002604544195666	undirected	NA	NA
4798	8326	0.000625677205760898	undirected	NA	NA
4798	8500	0.00275542124272855	undirected	NA	NA
4798	8514	0.0112208276997688	undirected	NA	NA
4798	8697	0.064186629763232	undirected	NA	NA
4798	9350	0.0083420694045642	undirected	NA	NA
4798	9506	0.00765855015572794	undirected	NA	NA
4798	9675	0.44991671823597	undirected	NA	NA
4798	9748	0.000735027073001777	undirected	NA	NA
4798	10350	0.0834202575371882	undirected	NA	NA
4798	10609	0.0103975336563066	undirected	NA	NA
4798	10689	0.0790024967702693	undirected	NA	NA
4798	11623	0.0046714913609839	undirected	NA	NA
4798	11913	0.00722613194748366	undirected	NA	NA
4798	12344	0.0418187819552779	undirected	NA	NA
4798	12391	0.351830779879958	undirected	NA	NA
4798	12733	0.459467152391845	undirected	NA	NA
4798	13931	0.000712487297014235	undirected	NA	NA
4798	14449	0.319357738861776	undirected	NA	NA
4798	14611	0.00156809264162932	undirected	NA	NA
4798	14639	0.00776602251658001	undirected	NA	NA
4798	14790	0.00448721626094689	undirected	NA	NA
4798	15447	0.221720919294693	undirected	NA	NA
4798	15578	0.397642141790461	undirected	NA	NA
4798	15741	0.463749307605772	undirected	NA	NA
4952	5241	0.22319010132675	undirected	NA	NA
4952	5303	0.0155325752444754	undirected	NA	NA
4952	5305	0.0857244093945978	undirected	NA	NA
4952	5814	0.106454858128271	undirected	NA	NA
4952	5871	0.141711146140081	undirected	NA	NA
4952	6003	0.0651171843753776	undirected	NA	NA
4952	6416	0.0697921396523617	undirected	NA	NA
4952	6474	0.0266908615805914	undirected	NA	NA
4952	6595	0.167617465612012	undirected	NA	NA
4952	6720	0.0484784338646361	undirected	NA	NA
4952	7218	0.0962970497552502	undirected	NA	NA
4952	8052	0.067973171116135	undirected	NA	NA
4952	8326	0.0135503465859201	undirected	NA	NA
4952	8500	0.119609003574833	undirected	NA	NA
4952	8514	0.0789947978338813	undirected	NA	NA
4952	8697	0.0815951648508569	undirected	NA	NA
4952	9350	0.107027673602932	undirected	NA	NA
4952	9506	0.0214431505471572	undirected	NA	NA
4952	9675	0.0166065303614943	undirected	NA	NA
4952	9748	0.0182695815757472	undirected	NA	NA
4952	10350	0.182501299543574	undirected	NA	NA
4952	10609	0.0704665018308303	undirected	NA	NA
4952	10689	0.149030624463495	undirected	NA	NA
4952	11623	0.0348115743962707	undirected	NA	NA
4952	11913	0.146973513361296	undirected	NA	NA
4952	12344	0.137712565180668	undirected	NA	NA
4952	12391	0.0302516180868186	undirected	NA	NA
4952	12733	0.0193198124377992	undirected	NA	NA
4952	13931	0.0242172981478663	undirected	NA	NA
4952	14449	0.0241899269156993	undirected	NA	NA
4952	14611	0.017834395877889	undirected	NA	NA
4952	14639	0.0454747370359934	undirected	NA	NA
4952	14790	0.0609467643854435	undirected	NA	NA
4952	15447	0.076859846910621	undirected	NA	NA
4952	15578	0.0306286349870636	undirected	NA	NA
4952	15741	0.025680718686072	undirected	NA	NA
5241	5303	0.0222319352380837	undirected	NA	NA
5241	5305	0.134014649122784	undirected	NA	NA
5241	5814	0.15052360189778	undirected	NA	NA
5241	5871	0.197001433408383	undirected	NA	NA
5241	6003	0.115588341827259	undirected	NA	NA
5241	6416	0.0727016681061634	undirected	NA	NA
5241	6474	0.0420178082083208	undirected	NA	NA
5241	6595	0.228960921237436	undirected	NA	NA
5241	6720	0.0654558127831033	undirected	NA	NA
5241	7218	0.112106217067854	undirected	NA	NA
5241	8052	0.0806733005234906	undirected	NA	NA
5241	8326	0.0190060681129674	undirected	NA	NA
5241	8500	0.136008972552519	undirected	NA	NA
5241	8514	0.114182651775203	undirected	NA	NA
5241	8697	0.137540230323586	undirected	NA	NA
5241	9350	0.103950087983701	undirected	NA	NA
5241	9506	0.0350905786839717	undirected	NA	NA
5241	9675	0.0381369180332558	undirected	NA	NA
5241	9748	0.0212563336406075	undirected	NA	NA
5241	10350	0.237948986093001	undirected	NA	NA
5241	10609	0.0771635115857909	undirected	NA	NA
5241	10689	0.206654185109574	undirected	NA	NA
5241	11623	0.0503886928977293	undirected	NA	NA
5241	11913	0.181434435880854	undirected	NA	NA
5241	12344	0.176814899705757	undirected	NA	NA
5241	12391	0.0617611970534461	undirected	NA	NA
5241	12733	0.0432104928081205	undirected	NA	NA
5241	13931	0.0317839166253439	undirected	NA	NA
5241	14449	0.0518315464588658	undirected	NA	NA
5241	14611	0.0243469933865817	undirected	NA	NA
5241	14639	0.0747051172429414	undirected	NA	NA
5241	14790	0.0859631562027279	undirected	NA	NA
5241	15447	0.135206012490865	undirected	NA	NA
5241	15578	0.0651321623766658	undirected	NA	NA
5241	15741	0.05437643934929	undirected	NA	NA
5303	5305	0.024546733072408	undirected	NA	NA
5303	5814	0.0867766475661298	undirected	NA	NA
5303	5871	0.033988961243584	undirected	NA	NA
5303	6003	0.0752815691560854	undirected	NA	NA
5303	6416	0.14368782127171	undirected	NA	NA
5303	6474	0.225876889463549	undirected	NA	NA
5303	6595	0.044483148576391	undirected	NA	NA
5303	6720	0.167498683460709	undirected	NA	NA
5303	7218	0.0608725508603797	undirected	NA	NA
5303	8052	0.195283804818061	undirected	NA	NA
5303	8326	0.242921896274892	undirected	NA	NA
5303	8500	0.0909442160097778	undirected	NA	NA
5303	8514	0.199383662604307	undirected	NA	NA
5303	8697	0.114254209781436	undirected	NA	NA
5303	9350	0.0588767383705088	undirected	NA	NA
5303	9506	0.139009397100367	undirected	NA	NA
5303	9675	0.0025884600440387	undirected	NA	NA
5303	9748	0.154495461844346	undirected	NA	NA
5303	10350	0.0340194419912603	undirected	NA	NA
5303	10609	0.0662948200236256	undirected	NA	NA
5303	10689	0.0595611833807966	undirected	NA	NA
5303	11623	0.222375662183785	undirected	NA	NA
5303	11913	0.0730711856710254	undirected	NA	NA
5303	12344	0.0196771745779189	undirected	NA	NA
5303	12391	0.01138622801505	undirected	NA	NA
5303	12733	0.00330977548114772	undirected	NA	NA
5303	13931	0.224112004297454	undirected	NA	NA
5303	14449	0.00527484423660046	undirected	NA	NA
5303	14611	0.195484383002544	undirected	NA	NA
5303	14639	0.225956481229222	undirected	NA	NA
5303	14790	0.0544807517390953	undirected	NA	NA
5303	15447	0.0367417824118884	undirected	NA	NA
5303	15578	0.0137038908030574	undirected	NA	NA
5303	15741	0.00407435171399792	undirected	NA	NA
5305	5814	0.142500025550234	undirected	NA	NA
5305	5871	0.144952741714418	undirected	NA	NA
5305	6003	0.164117510126299	undirected	NA	NA
5305	6416	0.0263205082470484	undirected	NA	NA
5305	6474	0.0385515987186143	undirected	NA	NA
5305	6595	0.202539161791277	undirected	NA	NA
5305	6720	0.0410284356331204	undirected	NA	NA
5305	7218	0.0515348531960188	undirected	NA	NA
5305	8052	0.0483952746910282	undirected	NA	NA
5305	8326	0.0157174219021548	undirected	NA	NA
5305	8500	0.105410884965217	undirected	NA	NA
5305	8514	0.0985843809471366	undirected	NA	NA
5305	8697	0.194509690443949	undirected	NA	NA
5305	9350	0.04002920332342	undirected	NA	NA
5305	9506	0.02618987150127	undirected	NA	NA
5305	9675	0.125779436019682	undirected	NA	NA
5305	9748	0.0117894677561971	undirected	NA	NA
5305	10350	0.173486026197236	undirected	NA	NA
5305	10609	0.0305109076668533	undirected	NA	NA
5305	10689	0.196324787572387	undirected	NA	NA
5305	11623	0.0389797052911892	undirected	NA	NA
5305	11913	0.155303024901833	undirected	NA	NA
5305	12344	0.188110192435602	undirected	NA	NA
5305	12391	0.142531554784141	undirected	NA	NA
5305	12733	0.129793481390105	undirected	NA	NA
5305	13931	0.0272501129175126	undirected	NA	NA
5305	14449	0.124788404462164	undirected	NA	NA
5305	14611	0.0165748752472314	undirected	NA	NA
5305	14639	0.10047474559989	undirected	NA	NA
5305	14790	0.0885097861809101	undirected	NA	NA
5305	15447	0.179433411798821	undirected	NA	NA
5305	15578	0.154680244038264	undirected	NA	NA
5305	15741	0.139514587129556	undirected	NA	NA
5814	5871	0.239154712487454	undirected	NA	NA
5814	6003	0.21145179912417	undirected	NA	NA
5814	6416	0.137368928502125	undirected	NA	NA
5814	6474	0.164635078174485	undirected	NA	NA
5814	6595	0.262809458139343	undirected	NA	NA
5814	6720	0.0989923825863468	undirected	NA	NA
5814	7218	0.10094580584103	undirected	NA	NA
5814	8052	0.186734657384141	undirected	NA	NA
5814	8326	0.114188296798377	undirected	NA	NA
5814	8500	0.116818707291641	undirected	NA	NA
5814	8514	0.230318840509126	undirected	NA	NA
5814	8697	0.246006931696695	undirected	NA	NA
5814	9350	0.121652559050635	undirected	NA	NA
5814	9506	0.0732898589163996	undirected	NA	NA
5814	9675	0.082131012736587	undirected	NA	NA
5814	9748	0.121721650819955	undirected	NA	NA
5814	10350	0.24576806388784	undirected	NA	NA
5814	10609	0.0771904111942383	undirected	NA	NA
5814	10689	0.257163984322212	undirected	NA	NA
5814	11623	0.178665765140522	undirected	NA	NA
5814	11913	0.144065098912222	undirected	NA	NA
5814	12344	0.160307336602502	undirected	NA	NA
5814	12391	0.11802973520376	undirected	NA	NA
5814	12733	0.0987479460579968	undirected	NA	NA
5814	13931	0.141854649343566	undirected	NA	NA
5814	14449	0.133786542539297	undirected	NA	NA
5814	14611	0.130219612227773	undirected	NA	NA
5814	14639	0.202326011253596	undirected	NA	NA
5814	14790	0.0482719963926985	undirected	NA	NA
5814	15447	0.242760682925863	undirected	NA	NA
5814	15578	0.141355726247846	undirected	NA	NA
5814	15741	0.116523277239065	undirected	NA	NA
5871	6003	0.261757482407929	undirected	NA	NA
5871	6416	0.121069797713377	undirected	NA	NA
5871	6474	0.115400421027092	undirected	NA	NA
5871	6595	0.321942507140877	undirected	NA	NA
5871	6720	0.148096279000197	undirected	NA	NA
5871	7218	0.253006364568106	undirected	NA	NA
5871	8052	0.101020152881485	undirected	NA	NA
5871	8326	0.0457608226875995	undirected	NA	NA
5871	8500	0.0635922965055374	undirected	NA	NA
5871	8514	0.187548551653321	undirected	NA	NA
5871	8697	0.264579549493993	undirected	NA	NA
5871	9350	0.143565004902202	undirected	NA	NA
5871	9506	0.161917500326481	undirected	NA	NA
5871	9675	0.119551044284179	undirected	NA	NA
5871	9748	0.0403463467033569	undirected	NA	NA
5871	10350	0.324238562630849	undirected	NA	NA
5871	10609	0.218617132903355	undirected	NA	NA
5871	10689	0.318903047643836	undirected	NA	NA
5871	11623	0.121009901683346	undirected	NA	NA
5871	11913	0.109303659519057	undirected	NA	NA
5871	12344	0.148162668730455	undirected	NA	NA
5871	12391	0.159098511328937	undirected	NA	NA
5871	12733	0.142950534670109	undirected	NA	NA
5871	13931	0.0416878138207999	undirected	NA	NA
5871	14449	0.151626053975659	undirected	NA	NA
5871	14611	0.0680002602456571	undirected	NA	NA
5871	14639	0.111892879235875	undirected	NA	NA
5871	14790	0.0603162166625428	undirected	NA	NA
5871	15447	0.258491570210742	undirected	NA	NA
5871	15578	0.161293422434394	undirected	NA	NA
5871	15741	0.151492751605633	undirected	NA	NA
6003	6416	0.0783543056811806	undirected	NA	NA
6003	6474	0.149556639143068	undirected	NA	NA
6003	6595	0.248303215012317	undirected	NA	NA
6003	6720	0.1056903294268	undirected	NA	NA
6003	7218	0.113210898105225	undirected	NA	NA
6003	8052	0.109423345852854	undirected	NA	NA
6003	8326	0.0915749487884902	undirected	NA	NA
6003	8500	0.0722026142396107	undirected	NA	NA
6003	8514	0.186427593529074	undirected	NA	NA
6003	8697	0.273173019125136	undirected	NA	NA
6003	9350	0.0765221595295321	undirected	NA	NA
6003	9506	0.113678878154401	undirected	NA	NA
6003	9675	0.226870326687004	undirected	NA	NA
6003	9748	0.0599251746261479	undirected	NA	NA
6003	10350	0.244010797983544	undirected	NA	NA
6003	10609	0.0895064790154046	undirected	NA	NA
6003	10689	0.260351092568542	undirected	NA	NA
6003	11623	0.140569366503495	undirected	NA	NA
6003	11913	0.105692350928528	undirected	NA	NA
6003	12344	0.135751544842447	undirected	NA	NA
6003	12391	0.265543042811512	undirected	NA	NA
6003	12733	0.260887445114282	undirected	NA	NA
6003	13931	0.0874599902113686	undirected	NA	NA
6003	14449	0.273919258047061	undirected	NA	NA
6003	14611	0.0954476304422346	undirected	NA	NA
6003	14639	0.173164077680312	undirected	NA	NA
6003	14790	0.0558208338905344	undirected	NA	NA
6003	15447	0.319542598007678	undirected	NA	NA
6003	15578	0.289504766463324	undirected	NA	NA
6003	15741	0.269645570603486	undirected	NA	NA
6416	6474	0.175695961290038	undirected	NA	NA
6416	6595	0.102973164479773	undirected	NA	NA
6416	6720	0.165684758466371	undirected	NA	NA
6416	7218	0.169083875791776	undirected	NA	NA
6416	8052	0.229825878060073	undirected	NA	NA
6416	8326	0.186934603551244	undirected	NA	NA
6416	8500	0.0914425689706996	undirected	NA	NA
6416	8514	0.204117428312863	undirected	NA	NA
6416	8697	0.110841505777449	undirected	NA	NA
6416	9350	0.248708679080103	undirected	NA	NA
6416	9506	0.132509340948927	undirected	NA	NA
6416	9675	0.00553960817570476	undirected	NA	NA
6416	9748	0.153973377368909	undirected	NA	NA
6416	10350	0.110220843713886	undirected	NA	NA
6416	10609	0.174906799216027	undirected	NA	NA
6416	10689	0.109832756474407	undirected	NA	NA
6416	11623	0.203520874276023	undirected	NA	NA
6416	11913	0.0868577312280903	undirected	NA	NA
6416	12344	0.0377372559716771	undirected	NA	NA
6416	12391	0.0177106246151698	undirected	NA	NA
6416	12733	0.00808125799904413	undirected	NA	NA
6416	13931	0.172583031214932	undirected	NA	NA
6416	14449	0.0120636556967257	undirected	NA	NA
6416	14611	0.18842888960118	undirected	NA	NA
6416	14639	0.136654493172554	undirected	NA	NA
6416	14790	0.0473380356218509	undirected	NA	NA
6416	15447	0.0616148790928893	undirected	NA	NA
6416	15578	0.017524274452122	undirected	NA	NA
6416	15741	0.010139580395853	undirected	NA	NA
6474	6595	0.106901894045622	undirected	NA	NA
6474	6720	0.165290889487001	undirected	NA	NA
6474	7218	0.135120130781535	undirected	NA	NA
6474	8052	0.198307600276699	undirected	NA	NA
6474	8326	0.312646876716993	undirected	NA	NA
6474	8500	0.0618369362934423	undirected	NA	NA
6474	8514	0.233115370007219	undirected	NA	NA
6474	8697	0.165873199014815	undirected	NA	NA
6474	9350	0.145276200421816	undirected	NA	NA
6474	9506	0.191723249844908	undirected	NA	NA
6474	9675	0.0134680497245637	undirected	NA	NA
6474	9748	0.19212815700618	undirected	NA	NA
6474	10350	0.0987051688048523	undirected	NA	NA
6474	10609	0.130617328496297	undirected	NA	NA
6474	10689	0.122424610677224	undirected	NA	NA
6474	11623	0.270073102128944	undirected	NA	NA
6474	11913	0.0634838690827346	undirected	NA	NA
6474	12344	0.0385608291714899	undirected	NA	NA
6474	12391	0.0380724290110708	undirected	NA	NA
6474	12733	0.0188878732814227	undirected	NA	NA
6474	13931	0.23932044809864	undirected	NA	NA
6474	14449	0.0297584216061339	undirected	NA	NA
6474	14611	0.267091881447971	undirected	NA	NA
6474	14639	0.22414630386426	undirected	NA	NA
6474	14790	0.0350334283401675	undirected	NA	NA
6474	15447	0.103942692760083	undirected	NA	NA
6474	15578	0.0437010163804655	undirected	NA	NA
6474	15741	0.0221952121035382	undirected	NA	NA
6595	6720	0.103126957776139	undirected	NA	NA
6595	7218	0.14719951902912	undirected	NA	NA
6595	8052	0.122913032901566	undirected	NA	NA
6595	8326	0.0495747023910384	undirected	NA	NA
6595	8500	0.114380806545861	undirected	NA	NA
6595	8514	0.204373322266317	undirected	NA	NA
6595	8697	0.295268834200133	undirected	NA	NA
6595	9350	0.122989200035497	undirected	NA	NA
6595	9506	0.0823860867130399	undirected	NA	NA
6595	9675	0.130580613573671	undirected	NA	NA
6595	9748	0.0493952825210138	undirected	NA	NA
6595	10350	0.329280951194966	undirected	NA	NA
6595	10609	0.115757931374774	undirected	NA	NA
6595	10689	0.33742339586468	undirected	NA	NA
6595	11623	0.115884958814469	undirected	NA	NA
6595	11913	0.17089829211977	undirected	NA	NA
6595	12344	0.215762413049104	undirected	NA	NA
6595	12391	0.174396644311074	undirected	NA	NA
6595	12733	0.152781259471905	undirected	NA	NA
6595	13931	0.0638979800713484	undirected	NA	NA
6595	14449	0.176082182285908	undirected	NA	NA
6595	14611	0.0638834847448439	undirected	NA	NA
6595	14639	0.151963390825173	undirected	NA	NA
6595	14790	0.0756694526363644	undirected	NA	NA
6595	15447	0.297723552369984	undirected	NA	NA
6595	15578	0.192608705307172	undirected	NA	NA
6595	15741	0.170737156860321	undirected	NA	NA
6720	7218	0.229300960044972	undirected	NA	NA
6720	8052	0.160342652733415	undirected	NA	NA
6720	8326	0.171083231837393	undirected	NA	NA
6720	8500	0.0762940213952258	undirected	NA	NA
6720	8514	0.171289393463678	undirected	NA	NA
6720	8697	0.130908147628844	undirected	NA	NA
6720	9350	0.123747279733458	undirected	NA	NA
6720	9506	0.205288694152923	undirected	NA	NA
6720	9675	0.0108514691523613	undirected	NA	NA
6720	9748	0.0719783079277913	undirected	NA	NA
6720	10350	0.130231050349964	undirected	NA	NA
6720	10609	0.223939268637215	undirected	NA	NA
6720	10689	0.108555235382924	undirected	NA	NA
6720	11623	0.168323767527141	undirected	NA	NA
6720	11913	0.0810448901594488	undirected	NA	NA
6720	12344	0.0324225479849646	undirected	NA	NA
6720	12391	0.0416624259949781	undirected	NA	NA
6720	12733	0.0158419557748049	undirected	NA	NA
6720	13931	0.124838353484394	undirected	NA	NA
6720	14449	0.0172944770658286	undirected	NA	NA
6720	14611	0.141124779579708	undirected	NA	NA
6720	14639	0.121184925115241	undirected	NA	NA
6720	14790	0.0979204769976662	undirected	NA	NA
6720	15447	0.0782329387261717	undirected	NA	NA
6720	15578	0.0339457995826846	undirected	NA	NA
6720	15741	0.0176526957221023	undirected	NA	NA
7218	8052	0.119841860917886	undirected	NA	NA
7218	8326	0.0755930927890444	undirected	NA	NA
7218	8500	0.0605627366235826	undirected	NA	NA
7218	8514	0.165993018810709	undirected	NA	NA
7218	8697	0.13613561475539	undirected	NA	NA
7218	9350	0.123543081458411	undirected	NA	NA
7218	9506	0.228420839171629	undirected	NA	NA
7218	9675	0.0331908030080895	undirected	NA	NA
7218	9748	0.0457702173336678	undirected	NA	NA
7218	10350	0.212596285444499	undirected	NA	NA
7218	10609	0.261975465004354	undirected	NA	NA
7218	10689	0.141398784666135	undirected	NA	NA
7218	11623	0.141276930370177	undirected	NA	NA
7218	11913	0.0811552557143721	undirected	NA	NA
7218	12344	0.0501205197057459	undirected	NA	NA
7218	12391	0.0764346314404019	undirected	NA	NA
7218	12733	0.0458802221032717	undirected	NA	NA
7218	13931	0.0542277879535972	undirected	NA	NA
7218	14449	0.0472975284795198	undirected	NA	NA
7218	14611	0.0933098680514665	undirected	NA	NA
7218	14639	0.0927450713401735	undirected	NA	NA
7218	14790	0.0695265361241907	undirected	NA	NA
7218	15447	0.123519714030577	undirected	NA	NA
7218	15578	0.0622088258494386	undirected	NA	NA
7218	15741	0.049439513658693	undirected	NA	NA
8052	8326	0.22319357505643	undirected	NA	NA
8052	8500	0.15461852271813	undirected	NA	NA
8052	8514	0.268213977418427	undirected	NA	NA
8052	8697	0.167980490037933	undirected	NA	NA
8052	9350	0.184545521838	undirected	NA	NA
8052	9506	0.1122557660543	undirected	NA	NA
8052	9675	0.00749704335119036	undirected	NA	NA
8052	9748	0.197044380837166	undirected	NA	NA
8052	10350	0.105572911557886	undirected	NA	NA
8052	10609	0.11644473100457	undirected	NA	NA
8052	10689	0.141916120536082	undirected	NA	NA
8052	11623	0.228079180783647	undirected	NA	NA
8052	11913	0.140033010047973	undirected	NA	NA
8052	12344	0.0617410631244838	undirected	NA	NA
8052	12391	0.0210861574049687	undirected	NA	NA
8052	12733	0.00967628520974398	undirected	NA	NA
8052	13931	0.247842893323848	undirected	NA	NA
8052	14449	0.0154338212662599	undirected	NA	NA
8052	14611	0.19481912669617	undirected	NA	NA
8052	14639	0.228470032582816	undirected	NA	NA
8052	14790	0.0684421578252496	undirected	NA	NA
8052	15447	0.0768393969683135	undirected	NA	NA
8052	15578	0.0247617977953369	undirected	NA	NA
8052	15741	0.0127454957175661	undirected	NA	NA
8326	8500	0.062971819645104	undirected	NA	NA
8326	8514	0.227803959398239	undirected	NA	NA
8326	8697	0.117262692285265	undirected	NA	NA
8326	9350	0.100142520665555	undirected	NA	NA
8326	9506	0.176671926190958	undirected	NA	NA
8326	9675	0.00239511604066174	undirected	NA	NA
8326	9748	0.248925510262005	undirected	NA	NA
8326	10350	0.0383594451204838	undirected	NA	NA
8326	10609	0.0840595782198752	undirected	NA	NA
8326	10689	0.0653988899683822	undirected	NA	NA
8326	11623	0.306678852053758	undirected	NA	NA
8326	11913	0.0519742722070189	undirected	NA	NA
8326	12344	0.0175326737977038	undirected	NA	NA
8326	12391	0.0105086121092007	undirected	NA	NA
8326	12733	0.00364836837129603	undirected	NA	NA
8326	13931	0.263369621983685	undirected	NA	NA
8326	14449	0.00792338585518696	undirected	NA	NA
8326	14611	0.298295052450845	undirected	NA	NA
8326	14639	0.247731799132482	undirected	NA	NA
8326	14790	0.0241876593048141	undirected	NA	NA
8326	15447	0.0478132279383731	undirected	NA	NA
8326	15578	0.0144604283585861	undirected	NA	NA
8326	15741	0.00446294709000653	undirected	NA	NA
8500	8514	0.139916780546411	undirected	NA	NA
8500	8697	0.136063617142924	undirected	NA	NA
8500	9350	0.0683486051433025	undirected	NA	NA
8500	9506	0.0299754605431075	undirected	NA	NA
8500	9675	0.00937062307752379	undirected	NA	NA
8500	9748	0.0525531449750939	undirected	NA	NA
8500	10350	0.0936588937572224	undirected	NA	NA
8500	10609	0.0502679546677817	undirected	NA	NA
8500	10689	0.127132311612995	undirected	NA	NA
8500	11623	0.0746387482678974	undirected	NA	NA
8500	11913	0.202410604552811	undirected	NA	NA
8500	12344	0.112619666544219	undirected	NA	NA
8500	12391	0.0205831109271072	undirected	NA	NA
8500	12733	0.00921406714505276	undirected	NA	NA
8500	13931	0.114071743301126	undirected	NA	NA
8500	14449	0.0116401384694053	undirected	NA	NA
8500	14611	0.0496239976258794	undirected	NA	NA
8500	14639	0.121576731116109	undirected	NA	NA
8500	14790	0.134754247057792	undirected	NA	NA
8500	15447	0.0530064361299196	undirected	NA	NA
8500	15578	0.0236194815324183	undirected	NA	NA
8500	15741	0.0129196532122877	undirected	NA	NA
8514	8697	0.229095686070344	undirected	NA	NA
8514	9350	0.174898663511427	undirected	NA	NA
8514	9506	0.119450628279524	undirected	NA	NA
8514	9675	0.0271171210163334	undirected	NA	NA
8514	9748	0.162470605767512	undirected	NA	NA
8514	10350	0.192228662230099	undirected	NA	NA
8514	10609	0.141348370725343	undirected	NA	NA
8514	10689	0.216895913645756	undirected	NA	NA
8514	11623	0.248576283572116	undirected	NA	NA
8514	11913	0.132509815764105	undirected	NA	NA
8514	12344	0.100189795565381	undirected	NA	NA
8514	12391	0.0620600232052191	undirected	NA	NA
8514	12733	0.0340714434965777	undirected	NA	NA
8514	13931	0.240080851380072	undirected	NA	NA
8514	14449	0.0474211350242785	undirected	NA	NA
8514	14611	0.207120178920279	undirected	NA	NA
8514	14639	0.23030011251733	undirected	NA	NA
8514	14790	0.0838649219323897	undirected	NA	NA
8514	15447	0.155610062501242	undirected	NA	NA
8514	15578	0.0694287503195735	undirected	NA	NA
8514	15741	0.0424978047238932	undirected	NA	NA
8697	9350	0.105266219481295	undirected	NA	NA
8697	9506	0.099666271493163	undirected	NA	NA
8697	9675	0.111549502590436	undirected	NA	NA
8697	9748	0.0804959642055615	undirected	NA	NA
8697	10350	0.275975555234864	undirected	NA	NA
8697	10609	0.0936387191767686	undirected	NA	NA
8697	10689	0.289582542055224	undirected	NA	NA
8697	11623	0.166893247180737	undirected	NA	NA
8697	11913	0.163796644493599	undirected	NA	NA
8697	12344	0.166764650622733	undirected	NA	NA
8697	12391	0.167114267962613	undirected	NA	NA
8697	12733	0.128917047667452	undirected	NA	NA
8697	13931	0.135440284002836	undirected	NA	NA
8697	14449	0.149495957618282	undirected	NA	NA
8697	14611	0.112198532922421	undirected	NA	NA
8697	14639	0.226114594062895	undirected	NA	NA
8697	14790	0.0907516648826185	undirected	NA	NA
8697	15447	0.280975420528936	undirected	NA	NA
8697	15578	0.187354826072247	undirected	NA	NA
8697	15741	0.14562718753455	undirected	NA	NA
9350	9506	0.094800029345064	undirected	NA	NA
9350	9675	0.0148954387464529	undirected	NA	NA
9350	9748	0.132836804048114	undirected	NA	NA
9350	10350	0.131362646874899	undirected	NA	NA
9350	10609	0.125266496833016	undirected	NA	NA
9350	10689	0.126283966042923	undirected	NA	NA
9350	11623	0.176917300366645	undirected	NA	NA
9350	11913	0.0786431442361698	undirected	NA	NA
9350	12344	0.0575049257158683	undirected	NA	NA
9350	12391	0.030854615603894	undirected	NA	NA
9350	12733	0.0208611681537266	undirected	NA	NA
9350	13931	0.0978635277658854	undirected	NA	NA
9350	14449	0.030646767760404	undirected	NA	NA
9350	14611	0.146057418752496	undirected	NA	NA
9350	14639	0.104544530150741	undirected	NA	NA
9350	14790	0.0268223334530953	undirected	NA	NA
9350	15447	0.0817119878699018	undirected	NA	NA
9350	15578	0.0316362560986698	undirected	NA	NA
9350	15741	0.0256552465367057	undirected	NA	NA
9506	9675	0.017054922595435	undirected	NA	NA
9506	9748	0.0648273996915127	undirected	NA	NA
9506	10350	0.117696058429679	undirected	NA	NA
9506	10609	0.215092268789784	undirected	NA	NA
9506	10689	0.0827460514564928	undirected	NA	NA
9506	11623	0.176953002889329	undirected	NA	NA
9506	11913	0.0301652695082824	undirected	NA	NA
9506	12344	0.0188600902801455	undirected	NA	NA
9506	12391	0.0599928396450237	undirected	NA	NA
9506	12733	0.0262665066818722	undirected	NA	NA
9506	13931	0.0956520679206482	undirected	NA	NA
9506	14449	0.0275546876379427	undirected	NA	NA
9506	14611	0.158302820315867	undirected	NA	NA
9506	14639	0.0940385653401603	undirected	NA	NA
9506	14790	0.0408552966090287	undirected	NA	NA
9506	15447	0.0903319430970707	undirected	NA	NA
9506	15578	0.0476083028185308	undirected	NA	NA
9506	15741	0.026604067247006	undirected	NA	NA
9675	9748	0.00197637692948894	undirected	NA	NA
9675	10350	0.11968908413508	undirected	NA	NA
9675	10609	0.0190625542716905	undirected	NA	NA
9675	10689	0.124187273915515	undirected	NA	NA
9675	11623	0.0117372282482069	undirected	NA	NA
9675	11913	0.0204067413319358	undirected	NA	NA
9675	12344	0.0670250335139777	undirected	NA	NA
9675	12391	0.412108282084189	undirected	NA	NA
9675	12733	0.513444171242749	undirected	NA	NA
9675	13931	0.00278492585685765	undirected	NA	NA
9675	14449	0.398391245004087	undirected	NA	NA
9675	14611	0.00425587642887006	undirected	NA	NA
9675	14639	0.0216246806898089	undirected	NA	NA
9675	14790	0.0129409368884423	undirected	NA	NA
9675	15447	0.281816653087626	undirected	NA	NA
9675	15578	0.468005152055388	undirected	NA	NA
9675	15741	0.507500292146325	undirected	NA	NA
9748	10350	0.03531921743987	undirected	NA	NA
9748	10609	0.0477373409275312	undirected	NA	NA
9748	10689	0.0614428380337558	undirected	NA	NA
9748	11623	0.207965880734721	undirected	NA	NA
9748	11913	0.0442787001035229	undirected	NA	NA
9748	12344	0.0219620166620784	undirected	NA	NA
9748	12391	0.00571570505278072	undirected	NA	NA
9748	12733	0.0028691901296969	undirected	NA	NA
9748	13931	0.241935272114812	undirected	NA	NA
9748	14449	0.00829324873412652	undirected	NA	NA
9748	14611	0.237606114074786	undirected	NA	NA
9748	14639	0.157221668544874	undirected	NA	NA
9748	14790	0.00988235807747316	undirected	NA	NA
9748	15447	0.0388287457830309	undirected	NA	NA
9748	15578	0.00915888718784093	undirected	NA	NA
9748	15741	0.00392037952549353	undirected	NA	NA
10350	10609	0.178542028331403	undirected	NA	NA
10350	10689	0.331088271076895	undirected	NA	NA
10350	11623	0.10646258544856	undirected	NA	NA
10350	11913	0.15091935974627	undirected	NA	NA
10350	12344	0.183742710195063	undirected	NA	NA
10350	12391	0.163618873399839	undirected	NA	NA
10350	12733	0.142195457625542	undirected	NA	NA
10350	13931	0.0432247141023206	undirected	NA	NA
10350	14449	0.152681401455128	undirected	NA	NA
10350	14611	0.0545292233039041	undirected	NA	NA
10350	14639	0.12216281768609	undirected	NA	NA
10350	14790	0.0813585593163964	undirected	NA	NA
10350	15447	0.256490750014569	undirected	NA	NA
10350	15578	0.168248584532415	undirected	NA	NA
10350	15741	0.154168667237912	undirected	NA	NA
10609	10689	0.10345103072318	undirected	NA	NA
10609	11623	0.137751589083541	undirected	NA	NA
10609	11913	0.0612969741342659	undirected	NA	NA
10609	12344	0.0303331554528739	undirected	NA	NA
10609	12391	0.0553532421841141	undirected	NA	NA
10609	12733	0.0284741584570634	undirected	NA	NA
10609	13931	0.0555846210794525	undirected	NA	NA
10609	14449	0.0291391466596502	undirected	NA	NA
10609	14611	0.0992720268304986	undirected	NA	NA
10609	14639	0.0775128033461076	undirected	NA	NA
10609	14790	0.0547870023800882	undirected	NA	NA
10609	15447	0.0922506296703125	undirected	NA	NA
10609	15578	0.0415171420957972	undirected	NA	NA
10609	15741	0.030620588379768	undirected	NA	NA
10689	11623	0.131695116118155	undirected	NA	NA
10689	11913	0.176481218347309	undirected	NA	NA
10689	12344	0.202794460843305	undirected	NA	NA
10689	12391	0.171465010123094	undirected	NA	NA
10689	12733	0.14512416135447	undirected	NA	NA
10689	13931	0.0843708924608286	undirected	NA	NA
10689	14449	0.171770286022513	undirected	NA	NA
10689	14611	0.077507760122002	undirected	NA	NA
10689	14639	0.174435448167234	undirected	NA	NA
10689	14790	0.078832644404879	undirected	NA	NA
10689	15447	0.304801397600507	undirected	NA	NA
10689	15578	0.192400959329863	undirected	NA	NA
10689	15741	0.164793848997915	undirected	NA	NA
11623	11913	0.074739729670577	undirected	NA	NA
11623	12344	0.0435325323699022	undirected	NA	NA
11623	12391	0.0329587180710434	undirected	NA	NA
11623	12733	0.0163996425244305	undirected	NA	NA
11623	13931	0.251781918653471	undirected	NA	NA
11623	14449	0.0264490826651588	undirected	NA	NA
11623	14611	0.272451946658946	undirected	NA	NA
11623	14639	0.224454549706249	undirected	NA	NA
11623	14790	0.0373899131705025	undirected	NA	NA
11623	15447	0.100322099184145	undirected	NA	NA
11623	15578	0.0380107604387638	undirected	NA	NA
11623	15741	0.019882726035494	undirected	NA	NA
11913	12344	0.160822516176717	undirected	NA	NA
11913	12391	0.0392236838408672	undirected	NA	NA
11913	12733	0.0206009470579753	undirected	NA	NA
11913	13931	0.0920309393375223	undirected	NA	NA
11913	14449	0.0254675246950048	undirected	NA	NA
11913	14611	0.0452810894206965	undirected	NA	NA
11913	14639	0.123724083459967	undirected	NA	NA
11913	14790	0.135369896734439	undirected	NA	NA
11913	15447	0.0907852478725105	undirected	NA	NA
11913	15578	0.0443412292387019	undirected	NA	NA
11913	15741	0.0280526366456328	undirected	NA	NA
12344	12391	0.0817801753989121	undirected	NA	NA
12344	12733	0.0696844092300279	undirected	NA	NA
12344	13931	0.0336786737642938	undirected	NA	NA
12344	14449	0.0854425168799791	undirected	NA	NA
12344	14611	0.0214203741291318	undirected	NA	NA
12344	14639	0.0863491216654761	undirected	NA	NA
12344	14790	0.0562850583151617	undirected	NA	NA
12344	15447	0.157918423225581	undirected	NA	NA
12344	15578	0.0975016869631587	undirected	NA	NA
12344	15741	0.0843798371542546	undirected	NA	NA
12391	12733	0.445193640688687	undirected	NA	NA
12391	13931	0.00954712880409075	undirected	NA	NA
12391	14449	0.352100005911495	undirected	NA	NA
12391	14611	0.0143236897964513	undirected	NA	NA
12391	14639	0.0499875548462609	undirected	NA	NA
12391	14790	0.0316989379088503	undirected	NA	NA
12391	15447	0.297914606012247	undirected	NA	NA
12391	15578	0.424371459998174	undirected	NA	NA
12391	15741	0.427614101794278	undirected	NA	NA
12733	13931	0.00358787704854011	undirected	NA	NA
12733	14449	0.423548478063474	undirected	NA	NA
12733	14611	0.00647614868160653	undirected	NA	NA
12733	14639	0.0255252202300982	undirected	NA	NA
12733	14790	0.0127387684907009	undirected	NA	NA
12733	15447	0.320500436528025	undirected	NA	NA
12733	15578	0.510395061223376	undirected	NA	NA
12733	15741	0.546216687127042	undirected	NA	NA
13931	14449	0.00741978960236626	undirected	NA	NA
13931	14611	0.224564085575253	undirected	NA	NA
13931	14639	0.270537367101395	undirected	NA	NA
13931	14790	0.0356840669914694	undirected	NA	NA
13931	15447	0.0472956165437843	undirected	NA	NA
13931	15578	0.0138924153795608	undirected	NA	NA
13931	15741	0.00482062676100758	undirected	NA	NA
14449	14611	0.0135532605677205	undirected	NA	NA
14449	14639	0.0362128476498834	undirected	NA	NA
14449	14790	0.0108108103367268	undirected	NA	NA
14449	15447	0.326799982781933	undirected	NA	NA
14449	15578	0.432336023353342	undirected	NA	NA
14449	15741	0.444006301418874	undirected	NA	NA
14611	14639	0.197368720828145	undirected	NA	NA
14611	14790	0.0174721682749465	undirected	NA	NA
14611	15447	0.0600668260509525	undirected	NA	NA
14611	15578	0.0185346138243423	undirected	NA	NA
14611	15741	0.00788319218905981	undirected	NA	NA
14639	14790	0.0747057647966994	undirected	NA	NA
14639	15447	0.124277966250428	undirected	NA	NA
14639	15578	0.0605159459157863	undirected	NA	NA
14639	15741	0.032000760774441	undirected	NA	NA
14790	15447	0.0414103329624422	undirected	NA	NA
14790	15578	0.0261869179089381	undirected	NA	NA
14790	15741	0.0150970184973183	undirected	NA	NA
15447	15578	0.323718159086369	undirected	NA	NA
15447	15741	0.325681361887875	undirected	NA	NA
15578	15741	0.48815752162419	undirected	NA	NA
