fromNode	toNode	weight	direction	fromAltName	toAltName
1752	1969	0.145856928265118	undirected	NA	NA
1752	2478	0.199257079315355	undirected	NA	NA
1752	2512	0.171091856378014	undirected	NA	NA
1752	2908	0.27514872318511	undirected	NA	NA
1752	3174	0.135458776839085	undirected	NA	NA
1752	3711	0.239768559284405	undirected	NA	NA
1752	3775	0.101468745719919	undirected	NA	NA
1752	3799	0.256618599183927	undirected	NA	NA
1752	4288	0.230773601521742	undirected	NA	NA
1752	4687	0.0723259582376668	undirected	NA	NA
1752	5098	0.121304946577186	undirected	NA	NA
1752	5676	0.104397115903426	undirected	NA	NA
1752	5795	0.217037522983898	undirected	NA	NA
1752	6540	0.205648353706691	undirected	NA	NA
1752	6573	0.103555013135639	undirected	NA	NA
1752	7442	0.220252590764389	undirected	NA	NA
1752	7936	0.130304863919645	undirected	NA	NA
1752	8209	0.227726824685249	undirected	NA	NA
1752	8341	0.123334024977664	undirected	NA	NA
1752	9024	0.212040221656642	undirected	NA	NA
1752	9701	0.0937854343543482	undirected	NA	NA
1752	10403	0.127721767385105	undirected	NA	NA
1752	10409	0.241170333513536	undirected	NA	NA
1752	10427	0.261270177547054	undirected	NA	NA
1752	10528	0.107215592071057	undirected	NA	NA
1752	10693	0.247197055885328	undirected	NA	NA
1752	11358	0.103485751889599	undirected	NA	NA
1752	11735	0.110877874000161	undirected	NA	NA
1752	12208	0.174878284834665	undirected	NA	NA
1752	12448	0.135953921691093	undirected	NA	NA
1752	12685	0.188754376222958	undirected	NA	NA
1752	12864	0.212276919933993	undirected	NA	NA
1752	12878	0.217890682124333	undirected	NA	NA
1752	12913	0.157048858805659	undirected	NA	NA
1752	13116	0.215725143879084	undirected	NA	NA
1752	13333	0.251575872070387	undirected	NA	NA
1752	13466	0.15437175173711	undirected	NA	NA
1752	14413	0.124092241274433	undirected	NA	NA
1752	14437	0.143439764695462	undirected	NA	NA
1752	14461	0.192251973140242	undirected	NA	NA
1752	14837	0.210499281885381	undirected	NA	NA
1752	15395	0.117079193419224	undirected	NA	NA
1969	2478	0.241292758581701	undirected	NA	NA
1969	2512	0.128749523585924	undirected	NA	NA
1969	2908	0.225068760607654	undirected	NA	NA
1969	3174	0.142860428367803	undirected	NA	NA
1969	3711	0.106796329034442	undirected	NA	NA
1969	3775	0.15231366804559	undirected	NA	NA
1969	3799	0.109492500263775	undirected	NA	NA
1969	4288	0.0969890556221352	undirected	NA	NA
1969	4687	0.0623076180039318	undirected	NA	NA
1969	5098	0.214881045417164	undirected	NA	NA
1969	5676	0.205077263663488	undirected	NA	NA
1969	5795	0.19219135975054	undirected	NA	NA
1969	6540	0.0884290923960501	undirected	NA	NA
1969	6573	0.170459002122516	undirected	NA	NA
1969	7442	0.126420533464364	undirected	NA	NA
1969	7936	0.147668685126423	undirected	NA	NA
1969	8209	0.207282854164985	undirected	NA	NA
1969	8341	0.23043906770477	undirected	NA	NA
1969	9024	0.0996868842576291	undirected	NA	NA
1969	9701	0.173603015291637	undirected	NA	NA
1969	10403	0.0666280832888129	undirected	NA	NA
1969	10409	0.185933530866761	undirected	NA	NA
1969	10427	0.180864764504729	undirected	NA	NA
1969	10528	0.159143677095006	undirected	NA	NA
1969	10693	0.164681826068862	undirected	NA	NA
1969	11358	0.117573366224066	undirected	NA	NA
1969	11735	0.160032701573424	undirected	NA	NA
1969	12208	0.190321494762953	undirected	NA	NA
1969	12448	0.10158167045732	undirected	NA	NA
1969	12685	0.132675621658241	undirected	NA	NA
1969	12864	0.171979951357922	undirected	NA	NA
1969	12878	0.123683918879369	undirected	NA	NA
1969	12913	0.0478432840297048	undirected	NA	NA
1969	13116	0.22856320203425	undirected	NA	NA
1969	13333	0.112656559012771	undirected	NA	NA
1969	13466	0.102430159357084	undirected	NA	NA
1969	14413	0.166316938400592	undirected	NA	NA
1969	14437	0.199648751935394	undirected	NA	NA
1969	14461	0.140883170723223	undirected	NA	NA
1969	14837	0.123711436461552	undirected	NA	NA
1969	15395	0.164616775312266	undirected	NA	NA
2478	2512	0.168924311742668	undirected	NA	NA
2478	2908	0.214575133265051	undirected	NA	NA
2478	3174	0.173205047719457	undirected	NA	NA
2478	3711	0.131808789954463	undirected	NA	NA
2478	3775	0.211529116236186	undirected	NA	NA
2478	3799	0.130344973217885	undirected	NA	NA
2478	4288	0.101036344261197	undirected	NA	NA
2478	4687	0.111244942134205	undirected	NA	NA
2478	5098	0.198962840637698	undirected	NA	NA
2478	5676	0.16645188870785	undirected	NA	NA
2478	5795	0.182878283407227	undirected	NA	NA
2478	6540	0.11248344751207	undirected	NA	NA
2478	6573	0.219775564350165	undirected	NA	NA
2478	7442	0.168645424544643	undirected	NA	NA
2478	7936	0.192066072674115	undirected	NA	NA
2478	8209	0.186797080399495	undirected	NA	NA
2478	8341	0.197736132415513	undirected	NA	NA
2478	9024	0.129899203687619	undirected	NA	NA
2478	9701	0.240554416675863	undirected	NA	NA
2478	10403	0.0965956378087588	undirected	NA	NA
2478	10409	0.230712776997019	undirected	NA	NA
2478	10427	0.200627796701915	undirected	NA	NA
2478	10528	0.22321974521931	undirected	NA	NA
2478	10693	0.173618924506023	undirected	NA	NA
2478	11358	0.181786847161137	undirected	NA	NA
2478	11735	0.243097862426617	undirected	NA	NA
2478	12208	0.244459735758972	undirected	NA	NA
2478	12448	0.157189973702754	undirected	NA	NA
2478	12685	0.193396987825023	undirected	NA	NA
2478	12864	0.231055900926341	undirected	NA	NA
2478	12878	0.176613231688705	undirected	NA	NA
2478	12913	0.108288723342953	undirected	NA	NA
2478	13116	0.206742677853106	undirected	NA	NA
2478	13333	0.141638259422853	undirected	NA	NA
2478	13466	0.13457958075023	undirected	NA	NA
2478	14413	0.233888510228208	undirected	NA	NA
2478	14437	0.206749620321463	undirected	NA	NA
2478	14461	0.217974784298447	undirected	NA	NA
2478	14837	0.158054424311043	undirected	NA	NA
2478	15395	0.183139990350679	undirected	NA	NA
2512	2908	0.246032603657473	undirected	NA	NA
2512	3174	0.206595712575901	undirected	NA	NA
2512	3711	0.284317162836005	undirected	NA	NA
2512	3775	0.204986997856059	undirected	NA	NA
2512	3799	0.273644812277585	undirected	NA	NA
2512	4288	0.298061997655006	undirected	NA	NA
2512	4687	0.169306013162875	undirected	NA	NA
2512	5098	0.166914000799006	undirected	NA	NA
2512	5676	0.125542420246291	undirected	NA	NA
2512	5795	0.215657810809697	undirected	NA	NA
2512	6540	0.247682974464944	undirected	NA	NA
2512	6573	0.200221740715459	undirected	NA	NA
2512	7442	0.26439341528215	undirected	NA	NA
2512	7936	0.239066394901939	undirected	NA	NA
2512	8209	0.262410611988418	undirected	NA	NA
2512	8341	0.142900231724787	undirected	NA	NA
2512	9024	0.273738221382967	undirected	NA	NA
2512	9701	0.282965974984762	undirected	NA	NA
2512	10403	0.242509041699258	undirected	NA	NA
2512	10409	0.239798994755436	undirected	NA	NA
2512	10427	0.263675820721411	undirected	NA	NA
2512	10528	0.28129795351895	undirected	NA	NA
2512	10693	0.273328125798243	undirected	NA	NA
2512	11358	0.220763023857716	undirected	NA	NA
2512	11735	0.269602104083967	undirected	NA	NA
2512	12208	0.130356325134462	undirected	NA	NA
2512	12448	0.208118933987577	undirected	NA	NA
2512	12685	0.205797878625814	undirected	NA	NA
2512	12864	0.194052313028645	undirected	NA	NA
2512	12878	0.241469796353315	undirected	NA	NA
2512	12913	0.245452654702501	undirected	NA	NA
2512	13116	0.208128374718976	undirected	NA	NA
2512	13333	0.278517266429061	undirected	NA	NA
2512	13466	0.23049137626119	undirected	NA	NA
2512	14413	0.233373764884671	undirected	NA	NA
2512	14437	0.17241688589855	undirected	NA	NA
2512	14461	0.18520815543875	undirected	NA	NA
2512	14837	0.255963385610898	undirected	NA	NA
2512	15395	0.188020220166108	undirected	NA	NA
2908	3174	0.24582720791667	undirected	NA	NA
2908	3711	0.26757255316549	undirected	NA	NA
2908	3775	0.260136309733132	undirected	NA	NA
2908	3799	0.255429152202647	undirected	NA	NA
2908	4288	0.212724907674411	undirected	NA	NA
2908	4687	0.171036178556106	undirected	NA	NA
2908	5098	0.191430706997585	undirected	NA	NA
2908	5676	0.142441900564199	undirected	NA	NA
2908	5795	0.208833999544566	undirected	NA	NA
2908	6540	0.240546599177095	undirected	NA	NA
2908	6573	0.260224552887649	undirected	NA	NA
2908	7442	0.228318224762924	undirected	NA	NA
2908	7936	0.268083784077419	undirected	NA	NA
2908	8209	0.234975750333522	undirected	NA	NA
2908	8341	0.150158672580847	undirected	NA	NA
2908	9024	0.264550765098459	undirected	NA	NA
2908	9701	0.292097460674212	undirected	NA	NA
2908	10403	0.151931485796726	undirected	NA	NA
2908	10409	0.276910582969523	undirected	NA	NA
2908	10427	0.236911709098777	undirected	NA	NA
2908	10528	0.292652728253705	undirected	NA	NA
2908	10693	0.216817191213419	undirected	NA	NA
2908	11358	0.249620128348991	undirected	NA	NA
2908	11735	0.303611475528222	undirected	NA	NA
2908	12208	0.248878183086706	undirected	NA	NA
2908	12448	0.232612528695665	undirected	NA	NA
2908	12685	0.231515492034293	undirected	NA	NA
2908	12864	0.243400814658531	undirected	NA	NA
2908	12878	0.224506735727451	undirected	NA	NA
2908	12913	0.234042738836527	undirected	NA	NA
2908	13116	0.20094123454447	undirected	NA	NA
2908	13333	0.278820240530035	undirected	NA	NA
2908	13466	0.193176058273357	undirected	NA	NA
2908	14413	0.290938258154687	undirected	NA	NA
2908	14437	0.222023215397819	undirected	NA	NA
2908	14461	0.241844972797713	undirected	NA	NA
2908	14837	0.202289361634382	undirected	NA	NA
2908	15395	0.236823819204136	undirected	NA	NA
3174	3711	0.247801639502461	undirected	NA	NA
3174	3775	0.289407254382613	undirected	NA	NA
3174	3799	0.204978243483533	undirected	NA	NA
3174	4288	0.235204351463093	undirected	NA	NA
3174	4687	0.200121712581849	undirected	NA	NA
3174	5098	0.251332050599429	undirected	NA	NA
3174	5676	0.193969837923821	undirected	NA	NA
3174	5795	0.270390204023534	undirected	NA	NA
3174	6540	0.228639128327805	undirected	NA	NA
3174	6573	0.283544606681394	undirected	NA	NA
3174	7442	0.237252193672457	undirected	NA	NA
3174	7936	0.290973203196779	undirected	NA	NA
3174	8209	0.292638730289575	undirected	NA	NA
3174	8341	0.20175125806987	undirected	NA	NA
3174	9024	0.268556228061303	undirected	NA	NA
3174	9701	0.349290620770306	undirected	NA	NA
3174	10403	0.272501202938485	undirected	NA	NA
3174	10409	0.223079678653046	undirected	NA	NA
3174	10427	0.264136565127783	undirected	NA	NA
3174	10528	0.350215476950841	undirected	NA	NA
3174	10693	0.291696278194289	undirected	NA	NA
3174	11358	0.279877884709726	undirected	NA	NA
3174	11735	0.331814649741745	undirected	NA	NA
3174	12208	0.130490435771308	undirected	NA	NA
3174	12448	0.20506159505728	undirected	NA	NA
3174	12685	0.218269759712466	undirected	NA	NA
3174	12864	0.197359334851697	undirected	NA	NA
3174	12878	0.191025349248543	undirected	NA	NA
3174	12913	0.172048532349819	undirected	NA	NA
3174	13116	0.266590824720078	undirected	NA	NA
3174	13333	0.235688204553298	undirected	NA	NA
3174	13466	0.284180431939104	undirected	NA	NA
3174	14413	0.297667052894765	undirected	NA	NA
3174	14437	0.263722536349304	undirected	NA	NA
3174	14461	0.157183060664438	undirected	NA	NA
3174	14837	0.27107724843254	undirected	NA	NA
3174	15395	0.26115183229331	undirected	NA	NA
3711	3775	0.214745438342434	undirected	NA	NA
3711	3799	0.249160615254693	undirected	NA	NA
3711	4288	0.238460251410688	undirected	NA	NA
3711	4687	0.181917302235776	undirected	NA	NA
3711	5098	0.150961546436046	undirected	NA	NA
3711	5676	0.087973927529604	undirected	NA	NA
3711	5795	0.224897639829598	undirected	NA	NA
3711	6540	0.239520858525769	undirected	NA	NA
3711	6573	0.205751863396215	undirected	NA	NA
3711	7442	0.309701318803151	undirected	NA	NA
3711	7936	0.255840324537972	undirected	NA	NA
3711	8209	0.269152380728915	undirected	NA	NA
3711	8341	0.114346535114833	undirected	NA	NA
3711	9024	0.238805775320053	undirected	NA	NA
3711	9701	0.210935256888225	undirected	NA	NA
3711	10403	0.216338990082605	undirected	NA	NA
3711	10409	0.324647600489915	undirected	NA	NA
3711	10427	0.307505628686224	undirected	NA	NA
3711	10528	0.238591126456783	undirected	NA	NA
3711	10693	0.291350493460318	undirected	NA	NA
3711	11358	0.233849613604506	undirected	NA	NA
3711	11735	0.249039733724343	undirected	NA	NA
3711	12208	0.150148274939617	undirected	NA	NA
3711	12448	0.266925997977881	undirected	NA	NA
3711	12685	0.283047961514169	undirected	NA	NA
3711	12864	0.280374756483285	undirected	NA	NA
3711	12878	0.300401522798257	undirected	NA	NA
3711	12913	0.247076305777582	undirected	NA	NA
3711	13116	0.21898747026067	undirected	NA	NA
3711	13333	0.260323428971018	undirected	NA	NA
3711	13466	0.24860973808706	undirected	NA	NA
3711	14413	0.25211877755522	undirected	NA	NA
3711	14437	0.200907091366421	undirected	NA	NA
3711	14461	0.28036812879838	undirected	NA	NA
3711	14837	0.280035409351664	undirected	NA	NA
3711	15395	0.20767910475035	undirected	NA	NA
3775	3799	0.174229560909278	undirected	NA	NA
3775	4288	0.173746826553191	undirected	NA	NA
3775	4687	0.230885899098096	undirected	NA	NA
3775	5098	0.33314122392377	undirected	NA	NA
3775	5676	0.295497870385422	undirected	NA	NA
3775	5795	0.304772886575899	undirected	NA	NA
3775	6540	0.153034267338213	undirected	NA	NA
3775	6573	0.298872587036517	undirected	NA	NA
3775	7442	0.236859267524791	undirected	NA	NA
3775	7936	0.275769224360245	undirected	NA	NA
3775	8209	0.274049898374301	undirected	NA	NA
3775	8341	0.296906428386463	undirected	NA	NA
3775	9024	0.244440911199968	undirected	NA	NA
3775	9701	0.348424312271389	undirected	NA	NA
3775	10403	0.273868546549442	undirected	NA	NA
3775	10409	0.24370773932075	undirected	NA	NA
3775	10427	0.272284379233195	undirected	NA	NA
3775	10528	0.330555698883175	undirected	NA	NA
3775	10693	0.282332291330313	undirected	NA	NA
3775	11358	0.266425272973132	undirected	NA	NA
3775	11735	0.334742766707017	undirected	NA	NA
3775	12208	0.141813592176014	undirected	NA	NA
3775	12448	0.232723956930436	undirected	NA	NA
3775	12685	0.270583950976429	undirected	NA	NA
3775	12864	0.253992426494301	undirected	NA	NA
3775	12878	0.199349618706507	undirected	NA	NA
3775	12913	0.147675498856667	undirected	NA	NA
3775	13116	0.31108399933616	undirected	NA	NA
3775	13333	0.195785177201838	undirected	NA	NA
3775	13466	0.303978110108178	undirected	NA	NA
3775	14413	0.289042107965125	undirected	NA	NA
3775	14437	0.341458344802461	undirected	NA	NA
3775	14461	0.198110619823248	undirected	NA	NA
3775	14837	0.286677213660084	undirected	NA	NA
3775	15395	0.309926807561068	undirected	NA	NA
3799	4288	0.234817380380489	undirected	NA	NA
3799	4687	0.155730730501799	undirected	NA	NA
3799	5098	0.124055387920852	undirected	NA	NA
3799	5676	0.0751264377708492	undirected	NA	NA
3799	5795	0.197860406318763	undirected	NA	NA
3799	6540	0.234594364223879	undirected	NA	NA
3799	6573	0.166670621619143	undirected	NA	NA
3799	7442	0.299646556726598	undirected	NA	NA
3799	7936	0.215089243448245	undirected	NA	NA
3799	8209	0.239850055584969	undirected	NA	NA
3799	8341	0.10063044237538	undirected	NA	NA
3799	9024	0.232690781989644	undirected	NA	NA
3799	9701	0.180777709142822	undirected	NA	NA
3799	10403	0.190157759227853	undirected	NA	NA
3799	10409	0.316528085682871	undirected	NA	NA
3799	10427	0.28924796419304	undirected	NA	NA
3799	10528	0.201414077836825	undirected	NA	NA
3799	10693	0.26527738560676	undirected	NA	NA
3799	11358	0.196426163105011	undirected	NA	NA
3799	11735	0.214639095332125	undirected	NA	NA
3799	12208	0.156920716334207	undirected	NA	NA
3799	12448	0.24427539102836	undirected	NA	NA
3799	12685	0.264860325441691	undirected	NA	NA
3799	12864	0.270219596606242	undirected	NA	NA
3799	12878	0.307194884683235	undirected	NA	NA
3799	12913	0.265801606274083	undirected	NA	NA
3799	13116	0.192288766780609	undirected	NA	NA
3799	13333	0.265532704956318	undirected	NA	NA
3799	13466	0.213438198385419	undirected	NA	NA
3799	14413	0.213391720344322	undirected	NA	NA
3799	14437	0.162885005999091	undirected	NA	NA
3799	14461	0.288318921888359	undirected	NA	NA
3799	14837	0.256765597786459	undirected	NA	NA
3799	15395	0.165179689411649	undirected	NA	NA
4288	4687	0.158638156866331	undirected	NA	NA
4288	5098	0.120001402487963	undirected	NA	NA
4288	5676	0.0557491376189227	undirected	NA	NA
4288	5795	0.166614840869978	undirected	NA	NA
4288	6540	0.264092103437386	undirected	NA	NA
4288	6573	0.169106473764981	undirected	NA	NA
4288	7442	0.277285903901532	undirected	NA	NA
4288	7936	0.240638753294337	undirected	NA	NA
4288	8209	0.261574612331203	undirected	NA	NA
4288	8341	0.0776405424213173	undirected	NA	NA
4288	9024	0.223029471256012	undirected	NA	NA
4288	9701	0.190344699061492	undirected	NA	NA
4288	10403	0.192808605945255	undirected	NA	NA
4288	10409	0.283885451823649	undirected	NA	NA
4288	10427	0.254500950263505	undirected	NA	NA
4288	10528	0.217608772865247	undirected	NA	NA
4288	10693	0.247901558000134	undirected	NA	NA
4288	11358	0.199205433802155	undirected	NA	NA
4288	11735	0.209556258031352	undirected	NA	NA
4288	12208	0.121869132748256	undirected	NA	NA
4288	12448	0.249685561715374	undirected	NA	NA
4288	12685	0.215670705651383	undirected	NA	NA
4288	12864	0.206058399168695	undirected	NA	NA
4288	12878	0.263942308804779	undirected	NA	NA
4288	12913	0.230796583181337	undirected	NA	NA
4288	13116	0.164549756123966	undirected	NA	NA
4288	13333	0.253787020550675	undirected	NA	NA
4288	13466	0.212887042929704	undirected	NA	NA
4288	14413	0.210395456746475	undirected	NA	NA
4288	14437	0.156896483368117	undirected	NA	NA
4288	14461	0.2213082346371	undirected	NA	NA
4288	14837	0.223763617897924	undirected	NA	NA
4288	15395	0.191321481187327	undirected	NA	NA
4687	5098	0.171012732947916	undirected	NA	NA
4687	5676	0.128352303016206	undirected	NA	NA
4687	5795	0.184703224553569	undirected	NA	NA
4687	6540	0.127574039773668	undirected	NA	NA
4687	6573	0.213708655833577	undirected	NA	NA
4687	7442	0.196924280374521	undirected	NA	NA
4687	7936	0.213022750341683	undirected	NA	NA
4687	8209	0.182636734140452	undirected	NA	NA
4687	8341	0.138811003730243	undirected	NA	NA
4687	9024	0.197344133266932	undirected	NA	NA
4687	9701	0.279432422219417	undirected	NA	NA
4687	10403	0.235505462417758	undirected	NA	NA
4687	10409	0.181287354486561	undirected	NA	NA
4687	10427	0.196496580910255	undirected	NA	NA
4687	10528	0.278264758877733	undirected	NA	NA
4687	10693	0.20361432207942	undirected	NA	NA
4687	11358	0.240105855833447	undirected	NA	NA
4687	11735	0.284276899373574	undirected	NA	NA
4687	12208	0.069908127378108	undirected	NA	NA
4687	12448	0.192992432813903	undirected	NA	NA
4687	12685	0.202606647234332	undirected	NA	NA
4687	12864	0.177365579458835	undirected	NA	NA
4687	12878	0.171343007312793	undirected	NA	NA
4687	12913	0.156642401285984	undirected	NA	NA
4687	13116	0.177687805477674	undirected	NA	NA
4687	13333	0.165223244472966	undirected	NA	NA
4687	13466	0.23095402630818	undirected	NA	NA
4687	14413	0.23822825473137	undirected	NA	NA
4687	14437	0.190744757194054	undirected	NA	NA
4687	14461	0.155856377969553	undirected	NA	NA
4687	14837	0.21978384776874	undirected	NA	NA
4687	15395	0.190814702072587	undirected	NA	NA
5098	5676	0.243681755286444	undirected	NA	NA
5098	5795	0.223452996297504	undirected	NA	NA
5098	6540	0.130914714123007	undirected	NA	NA
5098	6573	0.340624738261317	undirected	NA	NA
5098	7442	0.130718061815375	undirected	NA	NA
5098	7936	0.285420264892759	undirected	NA	NA
5098	8209	0.180745811275169	undirected	NA	NA
5098	8341	0.228376573034308	undirected	NA	NA
5098	9024	0.168988458887862	undirected	NA	NA
5098	9701	0.389260680760534	undirected	NA	NA
5098	10403	0.133297427363775	undirected	NA	NA
5098	10409	0.162500590700493	undirected	NA	NA
5098	10427	0.175248958497705	undirected	NA	NA
5098	10528	0.363144654750688	undirected	NA	NA
5098	10693	0.184697123497901	undirected	NA	NA
5098	11358	0.278627433840295	undirected	NA	NA
5098	11735	0.36113014836617	undirected	NA	NA
5098	12208	0.181496335459456	undirected	NA	NA
5098	12448	0.179747022535334	undirected	NA	NA
5098	12685	0.144685714584351	undirected	NA	NA
5098	12864	0.149286913590866	undirected	NA	NA
5098	12878	0.10907283283077	undirected	NA	NA
5098	12913	0.0922373730743646	undirected	NA	NA
5098	13116	0.230287807004688	undirected	NA	NA
5098	13333	0.146951614493022	undirected	NA	NA
5098	13466	0.158442787783353	undirected	NA	NA
5098	14413	0.332207620599301	undirected	NA	NA
5098	14437	0.237408825103672	undirected	NA	NA
5098	14461	0.12850355889539	undirected	NA	NA
5098	14837	0.168491479797119	undirected	NA	NA
5098	15395	0.287622386857488	undirected	NA	NA
5676	5795	0.151985644591822	undirected	NA	NA
5676	6540	0.0676414355509069	undirected	NA	NA
5676	6573	0.307730824988311	undirected	NA	NA
5676	7442	0.107541325843626	undirected	NA	NA
5676	7936	0.22089955961721	undirected	NA	NA
5676	8209	0.146600681987045	undirected	NA	NA
5676	8341	0.212011060232595	undirected	NA	NA
5676	9024	0.0989527457498679	undirected	NA	NA
5676	9701	0.322257721431516	undirected	NA	NA
5676	10403	0.0761216502846834	undirected	NA	NA
5676	10409	0.16252488041864	undirected	NA	NA
5676	10427	0.136274441551638	undirected	NA	NA
5676	10528	0.288225661971811	undirected	NA	NA
5676	10693	0.12095735486367	undirected	NA	NA
5676	11358	0.226316607625997	undirected	NA	NA
5676	11735	0.309553890172387	undirected	NA	NA
5676	12208	0.18834777668512	undirected	NA	NA
5676	12448	0.13982852024441	undirected	NA	NA
5676	12685	0.154291575917443	undirected	NA	NA
5676	12864	0.176541866850726	undirected	NA	NA
5676	12878	0.102348348600757	undirected	NA	NA
5676	12913	0.0569518283552387	undirected	NA	NA
5676	13116	0.182118901786931	undirected	NA	NA
5676	13333	0.0888724880153888	undirected	NA	NA
5676	13466	0.119981915394784	undirected	NA	NA
5676	14413	0.292469815840209	undirected	NA	NA
5676	14437	0.252036292971844	undirected	NA	NA
5676	14461	0.146575017510441	undirected	NA	NA
5676	14837	0.112639755488636	undirected	NA	NA
5676	15395	0.236519621696239	undirected	NA	NA
5795	6540	0.207582481741518	undirected	NA	NA
5795	6573	0.303702072894261	undirected	NA	NA
5795	7442	0.206869295939213	undirected	NA	NA
5795	7936	0.288198445922639	undirected	NA	NA
5795	8209	0.233837733108609	undirected	NA	NA
5795	8341	0.168225344026544	undirected	NA	NA
5795	9024	0.237681812062126	undirected	NA	NA
5795	9701	0.306149948131748	undirected	NA	NA
5795	10403	0.158988847315398	undirected	NA	NA
5795	10409	0.249353252023377	undirected	NA	NA
5795	10427	0.228255567990128	undirected	NA	NA
5795	10528	0.313371836835073	undirected	NA	NA
5795	10693	0.21777846891583	undirected	NA	NA
5795	11358	0.276311250032691	undirected	NA	NA
5795	11735	0.323937781341461	undirected	NA	NA
5795	12208	0.215087541188938	undirected	NA	NA
5795	12448	0.224812347521926	undirected	NA	NA
5795	12685	0.229874466658341	undirected	NA	NA
5795	12864	0.234149141069972	undirected	NA	NA
5795	12878	0.189461817482459	undirected	NA	NA
5795	12913	0.182161651427713	undirected	NA	NA
5795	13116	0.221518159221692	undirected	NA	NA
5795	13333	0.231078874710095	undirected	NA	NA
5795	13466	0.210550385851112	undirected	NA	NA
5795	14413	0.319812755764763	undirected	NA	NA
5795	14437	0.26703317530746	undirected	NA	NA
5795	14461	0.208300934706534	undirected	NA	NA
5795	14837	0.204591188098196	undirected	NA	NA
5795	15395	0.275720964726135	undirected	NA	NA
6540	6573	0.151309346547223	undirected	NA	NA
6540	7442	0.26560874485825	undirected	NA	NA
6540	7936	0.216037916759752	undirected	NA	NA
6540	8209	0.290416556965799	undirected	NA	NA
6540	8341	0.0866809037696472	undirected	NA	NA
6540	9024	0.221495569732678	undirected	NA	NA
6540	9701	0.140724463333754	undirected	NA	NA
6540	10403	0.198839727976186	undirected	NA	NA
6540	10409	0.262665558535943	undirected	NA	NA
6540	10427	0.274653547180212	undirected	NA	NA
6540	10528	0.173032234741364	undirected	NA	NA
6540	10693	0.283963114929463	undirected	NA	NA
6540	11358	0.167535025462313	undirected	NA	NA
6540	11735	0.162422685457066	undirected	NA	NA
6540	12208	0.106907459932042	undirected	NA	NA
6540	12448	0.209005256433971	undirected	NA	NA
6540	12685	0.208873820414978	undirected	NA	NA
6540	12864	0.199699394145898	undirected	NA	NA
6540	12878	0.235060499881762	undirected	NA	NA
6540	12913	0.153133288507835	undirected	NA	NA
6540	13116	0.200271447769315	undirected	NA	NA
6540	13333	0.23886772963274	undirected	NA	NA
6540	13466	0.227667045130472	undirected	NA	NA
6540	14413	0.179806737896757	undirected	NA	NA
6540	14437	0.175123751704264	undirected	NA	NA
6540	14461	0.185762594483699	undirected	NA	NA
6540	14837	0.243683366285609	undirected	NA	NA
6540	15395	0.192010647027548	undirected	NA	NA
6573	7442	0.228128651587463	undirected	NA	NA
6573	7936	0.26894971446109	undirected	NA	NA
6573	8209	0.277783310328894	undirected	NA	NA
6573	8341	0.307250253029291	undirected	NA	NA
6573	9024	0.233807667691728	undirected	NA	NA
6573	9701	0.361615907413637	undirected	NA	NA
6573	10403	0.257628468029808	undirected	NA	NA
6573	10409	0.23894135049722	undirected	NA	NA
6573	10427	0.267391469037166	undirected	NA	NA
6573	10528	0.340015491728838	undirected	NA	NA
6573	10693	0.277998749950319	undirected	NA	NA
6573	11358	0.268024167680114	undirected	NA	NA
6573	11735	0.341083721420935	undirected	NA	NA
6573	12208	0.151101978840889	undirected	NA	NA
6573	12448	0.221308190250721	undirected	NA	NA
6573	12685	0.257751563541655	undirected	NA	NA
6573	12864	0.245547889041921	undirected	NA	NA
6573	12878	0.190983987233431	undirected	NA	NA
6573	12913	0.134660592858212	undirected	NA	NA
6573	13116	0.314037733390559	undirected	NA	NA
6573	13333	0.188748472952044	undirected	NA	NA
6573	13466	0.291094536576426	undirected	NA	NA
6573	14413	0.296229116428737	undirected	NA	NA
6573	14437	0.341683216792101	undirected	NA	NA
6573	14461	0.189429308868623	undirected	NA	NA
6573	14837	0.274886421328593	undirected	NA	NA
6573	15395	0.308009919991681	undirected	NA	NA
7442	7936	0.266443426345648	undirected	NA	NA
7442	8209	0.19326792790632	undirected	NA	NA
7442	8341	0.115842415060486	undirected	NA	NA
7442	9024	0.300194391421851	undirected	NA	NA
7442	9701	0.286704531931687	undirected	NA	NA
7442	10403	0.190801521407828	undirected	NA	NA
7442	10409	0.241873441329754	undirected	NA	NA
7442	10427	0.231686880708885	undirected	NA	NA
7442	10528	0.294969310921659	undirected	NA	NA
7442	10693	0.238268861808543	undirected	NA	NA
7442	11358	0.25441309304752	undirected	NA	NA
7442	11735	0.298848419438462	undirected	NA	NA
7442	12208	0.156023003553811	undirected	NA	NA
7442	12448	0.251695002532859	undirected	NA	NA
7442	12685	0.195820727646953	undirected	NA	NA
7442	12864	0.188336887764227	undirected	NA	NA
7442	12878	0.209490547127898	undirected	NA	NA
7442	12913	0.296980600482349	undirected	NA	NA
7442	13116	0.185996627339792	undirected	NA	NA
7442	13333	0.311689675759722	undirected	NA	NA
7442	13466	0.179472840425263	undirected	NA	NA
7442	14413	0.271380326700508	undirected	NA	NA
7442	14437	0.16213525661146	undirected	NA	NA
7442	14461	0.212433400658924	undirected	NA	NA
7442	14837	0.234135685083981	undirected	NA	NA
7442	15395	0.210479888372468	undirected	NA	NA
7936	8209	0.314093820780437	undirected	NA	NA
7936	8341	0.232990032392951	undirected	NA	NA
7936	9024	0.275796101171942	undirected	NA	NA
7936	9701	0.34447073657127	undirected	NA	NA
7936	10403	0.297975531587619	undirected	NA	NA
7936	10409	0.25676885857062	undirected	NA	NA
7936	10427	0.28941087163441	undirected	NA	NA
7936	10528	0.337912196602616	undirected	NA	NA
7936	10693	0.31084018843968	undirected	NA	NA
7936	11358	0.267648665132242	undirected	NA	NA
7936	11735	0.325695609190522	undirected	NA	NA
7936	12208	0.135083469390896	undirected	NA	NA
7936	12448	0.240920704876113	undirected	NA	NA
7936	12685	0.252469024583776	undirected	NA	NA
7936	12864	0.230360769005892	undirected	NA	NA
7936	12878	0.220772376775976	undirected	NA	NA
7936	12913	0.181032300466881	undirected	NA	NA
7936	13116	0.288560108859946	undirected	NA	NA
7936	13333	0.240105296024367	undirected	NA	NA
7936	13466	0.311527353035813	undirected	NA	NA
7936	14413	0.284734157420047	undirected	NA	NA
7936	14437	0.295860230338656	undirected	NA	NA
7936	14461	0.189958169221053	undirected	NA	NA
7936	14837	0.296052955071939	undirected	NA	NA
7936	15395	0.291860712382886	undirected	NA	NA
8209	8341	0.150261098149454	undirected	NA	NA
8209	9024	0.272544206918685	undirected	NA	NA
8209	9701	0.331244533250553	undirected	NA	NA
8209	10403	0.18808453676014	undirected	NA	NA
8209	10409	0.223712473094697	undirected	NA	NA
8209	10427	0.230773154154722	undirected	NA	NA
8209	10528	0.338954936627404	undirected	NA	NA
8209	10693	0.255791915724291	undirected	NA	NA
8209	11358	0.266761916122834	undirected	NA	NA
8209	11735	0.314240149750259	undirected	NA	NA
8209	12208	0.186866351411048	undirected	NA	NA
8209	12448	0.236646677759567	undirected	NA	NA
8209	12685	0.166077512269526	undirected	NA	NA
8209	12864	0.158318931905863	undirected	NA	NA
8209	12878	0.163877181460373	undirected	NA	NA
8209	12913	0.197401003083629	undirected	NA	NA
8209	13116	0.223655351633838	undirected	NA	NA
8209	13333	0.274276512356131	undirected	NA	NA
8209	13466	0.193425012579595	undirected	NA	NA
8209	14413	0.29888003782717	undirected	NA	NA
8209	14437	0.20962847255626	undirected	NA	NA
8209	14461	0.159119709981639	undirected	NA	NA
8209	14837	0.220596170272734	undirected	NA	NA
8209	15395	0.286378479492444	undirected	NA	NA
8341	9024	0.124807856384052	undirected	NA	NA
8341	9701	0.342069354397978	undirected	NA	NA
8341	10403	0.0798400709930967	undirected	NA	NA
8341	10409	0.172698543018678	undirected	NA	NA
8341	10427	0.137173535131244	undirected	NA	NA
8341	10528	0.305651090058332	undirected	NA	NA
8341	10693	0.120604867769173	undirected	NA	NA
8341	11358	0.237016653771331	undirected	NA	NA
8341	11735	0.325576291676274	undirected	NA	NA
8341	12208	0.209190886606891	undirected	NA	NA
8341	12448	0.154301505199269	undirected	NA	NA
8341	12685	0.156670570827573	undirected	NA	NA
8341	12864	0.176646092282273	undirected	NA	NA
8341	12878	0.112257823848236	undirected	NA	NA
8341	12913	0.0772960820947306	undirected	NA	NA
8341	13116	0.172620640009694	undirected	NA	NA
8341	13333	0.114679547070468	undirected	NA	NA
8341	13466	0.121707185351166	undirected	NA	NA
8341	14413	0.300763998641323	undirected	NA	NA
8341	14437	0.236507945028033	undirected	NA	NA
8341	14461	0.156944186369882	undirected	NA	NA
8341	14837	0.114036432061291	undirected	NA	NA
8341	15395	0.237550272145428	undirected	NA	NA
9024	9701	0.229304114271319	undirected	NA	NA
9024	10403	0.224269944021198	undirected	NA	NA
9024	10409	0.315600591875987	undirected	NA	NA
9024	10427	0.305664829795112	undirected	NA	NA
9024	10528	0.260215016424338	undirected	NA	NA
9024	10693	0.294277809629072	undirected	NA	NA
9024	11358	0.257524122272483	undirected	NA	NA
9024	11735	0.271457858402182	undirected	NA	NA
9024	12208	0.1402171265092	undirected	NA	NA
9024	12448	0.271023586114333	undirected	NA	NA
9024	12685	0.288416331312342	undirected	NA	NA
9024	12864	0.281634384883422	undirected	NA	NA
9024	12878	0.282240055822004	undirected	NA	NA
9024	12913	0.221269675717288	undirected	NA	NA
9024	13116	0.232162366238176	undirected	NA	NA
9024	13333	0.23926317257639	undirected	NA	NA
9024	13466	0.263584650818604	undirected	NA	NA
9024	14413	0.276896591234647	undirected	NA	NA
9024	14437	0.226811673494778	undirected	NA	NA
9024	14461	0.268565249676223	undirected	NA	NA
9024	14837	0.284548610273461	undirected	NA	NA
9024	15395	0.233023057712849	undirected	NA	NA
9701	10403	0.296147957114462	undirected	NA	NA
9701	10409	0.309206491195376	undirected	NA	NA
9701	10427	0.307706158380463	undirected	NA	NA
9701	10528	0.33395086694834	undirected	NA	NA
9701	10693	0.30730400723288	undirected	NA	NA
9701	11358	0.322450734261161	undirected	NA	NA
9701	11735	0.323781123813135	undirected	NA	NA
9701	12208	0.1440953834225	undirected	NA	NA
9701	12448	0.297481589652992	undirected	NA	NA
9701	12685	0.305908055564019	undirected	NA	NA
9701	12864	0.293423892657651	undirected	NA	NA
9701	12878	0.252416154606838	undirected	NA	NA
9701	12913	0.140001911651462	undirected	NA	NA
9701	13116	0.328805584268316	undirected	NA	NA
9701	13333	0.190225904807654	undirected	NA	NA
9701	13466	0.328092614084796	undirected	NA	NA
9701	14413	0.345822076549736	undirected	NA	NA
9701	14437	0.376880310928955	undirected	NA	NA
9701	14461	0.253255805066472	undirected	NA	NA
9701	14837	0.303605651612338	undirected	NA	NA
9701	15395	0.370342056052174	undirected	NA	NA
10403	10409	0.20598940163617	undirected	NA	NA
10403	10427	0.167705751856887	undirected	NA	NA
10403	10528	0.321818120113341	undirected	NA	NA
10403	10693	0.1813572566958	undirected	NA	NA
10403	11358	0.293166332272721	undirected	NA	NA
10403	11735	0.317370240518615	undirected	NA	NA
10403	12208	0.0851681043221647	undirected	NA	NA
10403	12448	0.258190006101915	undirected	NA	NA
10403	12685	0.183002562184566	undirected	NA	NA
10403	12864	0.160845121392152	undirected	NA	NA
10403	12878	0.169941755470572	undirected	NA	NA
10403	12913	0.194238756934993	undirected	NA	NA
10403	13116	0.140199875088197	undirected	NA	NA
10403	13333	0.212320398451729	undirected	NA	NA
10403	13466	0.198161258414936	undirected	NA	NA
10403	14413	0.294760168122661	undirected	NA	NA
10403	14437	0.177792187959556	undirected	NA	NA
10403	14461	0.166819177288047	undirected	NA	NA
10403	14837	0.180300710752822	undirected	NA	NA
10403	15395	0.24562981305324	undirected	NA	NA
10409	10427	0.271016553912454	undirected	NA	NA
10409	10528	0.302528693582035	undirected	NA	NA
10409	10693	0.271002310632578	undirected	NA	NA
10409	11358	0.248275628601494	undirected	NA	NA
10409	11735	0.309863571589172	undirected	NA	NA
10409	12208	0.207481033549275	undirected	NA	NA
10409	12448	0.228440956271826	undirected	NA	NA
10409	12685	0.214219293005232	undirected	NA	NA
10409	12864	0.218305760151835	undirected	NA	NA
10409	12878	0.230984666127378	undirected	NA	NA
10409	12913	0.295539330620725	undirected	NA	NA
10409	13116	0.234537457935888	undirected	NA	NA
10409	13333	0.325219538716459	undirected	NA	NA
10409	13466	0.203736906782905	undirected	NA	NA
10409	14413	0.275873853059627	undirected	NA	NA
10409	14437	0.166343623514548	undirected	NA	NA
10409	14461	0.203021340712748	undirected	NA	NA
10409	14837	0.26410806210058	undirected	NA	NA
10409	15395	0.208947831232556	undirected	NA	NA
10427	10528	0.315160730871075	undirected	NA	NA
10427	10693	0.234828086853167	undirected	NA	NA
10427	11358	0.272628698799753	undirected	NA	NA
10427	11735	0.321854951571966	undirected	NA	NA
10427	12208	0.210526032297123	undirected	NA	NA
10427	12448	0.254912018290159	undirected	NA	NA
10427	12685	0.227828025616583	undirected	NA	NA
10427	12864	0.227302507071966	undirected	NA	NA
10427	12878	0.223329451294944	undirected	NA	NA
10427	12913	0.275357270050663	undirected	NA	NA
10427	13116	0.206287530814011	undirected	NA	NA
10427	13333	0.314628416429653	undirected	NA	NA
10427	13466	0.20289144720178	undirected	NA	NA
10427	14413	0.304053141451499	undirected	NA	NA
10427	14437	0.212046735236844	undirected	NA	NA
10427	14461	0.232792645878542	undirected	NA	NA
10427	14837	0.225644973456295	undirected	NA	NA
10427	15395	0.247079181725063	undirected	NA	NA
10528	10693	0.32454101169143	undirected	NA	NA
10528	11358	0.312501997494353	undirected	NA	NA
10528	11735	0.310550725799434	undirected	NA	NA
10528	12208	0.139336935831307	undirected	NA	NA
10528	12448	0.296320683048433	undirected	NA	NA
10528	12685	0.303543280875103	undirected	NA	NA
10528	12864	0.28231035439481	undirected	NA	NA
10528	12878	0.252592328615317	undirected	NA	NA
10528	12913	0.164167397267782	undirected	NA	NA
10528	13116	0.326223802729056	undirected	NA	NA
10528	13333	0.217400394571518	undirected	NA	NA
10528	13466	0.346735602092116	undirected	NA	NA
10528	14413	0.327346716026018	undirected	NA	NA
10528	14437	0.365131224358247	undirected	NA	NA
10528	14461	0.239623156812404	undirected	NA	NA
10528	14837	0.31982012497755	undirected	NA	NA
10528	15395	0.362455866500602	undirected	NA	NA
10693	11358	0.282586789893421	undirected	NA	NA
10693	11735	0.320875981000748	undirected	NA	NA
10693	12208	0.187088873967362	undirected	NA	NA
10693	12448	0.263393712546898	undirected	NA	NA
10693	12685	0.226867042220967	undirected	NA	NA
10693	12864	0.219468009913508	undirected	NA	NA
10693	12878	0.218720732278967	undirected	NA	NA
10693	12913	0.249248260509038	undirected	NA	NA
10693	13116	0.195111478034537	undirected	NA	NA
10693	13333	0.298897702638383	undirected	NA	NA
10693	13466	0.22302136131818	undirected	NA	NA
10693	14413	0.311082108163587	undirected	NA	NA
10693	14437	0.228041751006611	undirected	NA	NA
10693	14461	0.216167525432857	undirected	NA	NA
10693	14837	0.212300857822305	undirected	NA	NA
10693	15395	0.273344539299331	undirected	NA	NA
11358	11735	0.316078963066207	undirected	NA	NA
11358	12208	0.1182878053504	undirected	NA	NA
11358	12448	0.245871867851916	undirected	NA	NA
11358	12685	0.270495569753397	undirected	NA	NA
11358	12864	0.246548072100223	undirected	NA	NA
11358	12878	0.218076682666068	undirected	NA	NA
11358	12913	0.179079221854798	undirected	NA	NA
11358	13116	0.274810782608139	undirected	NA	NA
11358	13333	0.213864857108044	undirected	NA	NA
11358	13466	0.306214840506593	undirected	NA	NA
11358	14413	0.269156705761825	undirected	NA	NA
11358	14437	0.295312032551344	undirected	NA	NA
11358	14461	0.205190310349208	undirected	NA	NA
11358	14837	0.292197743658	undirected	NA	NA
11358	15395	0.28255104115762	undirected	NA	NA
11735	12208	0.151438029911611	undirected	NA	NA
11735	12448	0.295674794510096	undirected	NA	NA
11735	12685	0.328590119710134	undirected	NA	NA
11735	12864	0.312381131339498	undirected	NA	NA
11735	12878	0.266431636601553	undirected	NA	NA
11735	12913	0.18571956432683	undirected	NA	NA
11735	13116	0.33412886264765	undirected	NA	NA
11735	13333	0.226004870048681	undirected	NA	NA
11735	13466	0.342177273877942	undirected	NA	NA
11735	14413	0.332022477567649	undirected	NA	NA
11735	14437	0.364589591735994	undirected	NA	NA
11735	14461	0.266934750455478	undirected	NA	NA
11735	14837	0.331807942994009	undirected	NA	NA
11735	15395	0.343794558886745	undirected	NA	NA
12208	12448	0.113047306413952	undirected	NA	NA
12208	12685	0.171461034668883	undirected	NA	NA
12208	12864	0.215486412545526	undirected	NA	NA
12208	12878	0.160421065118294	undirected	NA	NA
12208	12913	0.0860340832315198	undirected	NA	NA
12208	13116	0.235817036248788	undirected	NA	NA
12208	13333	0.155549036775807	undirected	NA	NA
12208	13466	0.119755094322855	undirected	NA	NA
12208	14413	0.158698206831988	undirected	NA	NA
12208	14437	0.185800020888123	undirected	NA	NA
12208	14461	0.183108215346505	undirected	NA	NA
12208	14837	0.160091844697275	undirected	NA	NA
12208	15395	0.13775008023406	undirected	NA	NA
12448	12685	0.225302385367093	undirected	NA	NA
12448	12864	0.207073357594095	undirected	NA	NA
12448	12878	0.226135359338848	undirected	NA	NA
12448	12913	0.235381190334486	undirected	NA	NA
12448	13116	0.214164046086514	undirected	NA	NA
12448	13333	0.254017326940408	undirected	NA	NA
12448	13466	0.24876079070165	undirected	NA	NA
12448	14413	0.253297782470769	undirected	NA	NA
12448	14437	0.193485295118073	undirected	NA	NA
12448	14461	0.188092675407618	undirected	NA	NA
12448	14837	0.265321927778494	undirected	NA	NA
12448	15395	0.191293528366525	undirected	NA	NA
12685	12864	0.201440366001714	undirected	NA	NA
12685	12878	0.185720944952778	undirected	NA	NA
12685	12913	0.27231508667251	undirected	NA	NA
12685	13116	0.209607221788599	undirected	NA	NA
12685	13333	0.278529566630731	undirected	NA	NA
12685	13466	0.182475734039552	undirected	NA	NA
12685	14413	0.294309597196048	undirected	NA	NA
12685	14437	0.178159065687719	undirected	NA	NA
12685	14461	0.20962260901377	undirected	NA	NA
12685	14837	0.238810028942132	undirected	NA	NA
12685	15395	0.207731200999557	undirected	NA	NA
12864	12878	0.1859811344465	undirected	NA	NA
12864	12913	0.271299305623407	undirected	NA	NA
12864	13116	0.216732563274585	undirected	NA	NA
12864	13333	0.27908074391338	undirected	NA	NA
12864	13466	0.164349959094085	undirected	NA	NA
12864	14413	0.279426799523977	undirected	NA	NA
12864	14437	0.176248879592517	undirected	NA	NA
12864	14461	0.223449142635664	undirected	NA	NA
12864	14837	0.230206852657552	undirected	NA	NA
12864	15395	0.19155898278927	undirected	NA	NA
12878	12913	0.313011420074281	undirected	NA	NA
12878	13116	0.170650770740822	undirected	NA	NA
12878	13333	0.302872334552619	undirected	NA	NA
12878	13466	0.157780940995228	undirected	NA	NA
12878	14413	0.235281702642575	undirected	NA	NA
12878	14437	0.133078472531413	undirected	NA	NA
12878	14461	0.223497658369323	undirected	NA	NA
12878	14837	0.221722516701922	undirected	NA	NA
12878	15395	0.16590481526594	undirected	NA	NA
12913	13116	0.167848720629041	undirected	NA	NA
12913	13333	0.236499067399587	undirected	NA	NA
12913	13466	0.206858616692766	undirected	NA	NA
12913	14413	0.184165087732933	undirected	NA	NA
12913	14437	0.133229139543753	undirected	NA	NA
12913	14461	0.297199752344757	undirected	NA	NA
12913	14837	0.259984104015858	undirected	NA	NA
12913	15395	0.127849966816503	undirected	NA	NA
13116	13333	0.224139312652677	undirected	NA	NA
13116	13466	0.190999252925334	undirected	NA	NA
13116	14413	0.324485401116622	undirected	NA	NA
13116	14437	0.264763900427697	undirected	NA	NA
13116	14461	0.194069345795976	undirected	NA	NA
13116	14837	0.180042054895612	undirected	NA	NA
13116	15395	0.280509321543395	undirected	NA	NA
13333	13466	0.243746848762618	undirected	NA	NA
13333	14413	0.232684061556546	undirected	NA	NA
13333	14437	0.194571384351606	undirected	NA	NA
13333	14461	0.276796376123576	undirected	NA	NA
13333	14837	0.282723288065965	undirected	NA	NA
13333	15395	0.195874565907111	undirected	NA	NA
13466	14413	0.31933106775035	undirected	NA	NA
13466	14437	0.203269766906895	undirected	NA	NA
13466	14461	0.162731159860835	undirected	NA	NA
13466	14837	0.218033247336252	undirected	NA	NA
13466	15395	0.271390615659371	undirected	NA	NA
14413	14437	0.338589638517418	undirected	NA	NA
14413	14461	0.227810134239039	undirected	NA	NA
14413	14837	0.314462834592108	undirected	NA	NA
14413	15395	0.309723691924442	undirected	NA	NA
14437	14461	0.132327556438014	undirected	NA	NA
14437	14837	0.215037206969378	undirected	NA	NA
14437	15395	0.292482175271535	undirected	NA	NA
14461	14837	0.231339304535486	undirected	NA	NA
14461	15395	0.144783876454466	undirected	NA	NA
14837	15395	0.249754160274479	undirected	NA	NA
