fromNode	toNode	weight	direction	fromAltName	toAltName
379	393	0.205310888341612	undirected	NA	NA
379	535	0.244739748857118	undirected	NA	NA
379	779	0.162817473768266	undirected	NA	NA
379	964	0.231672479526957	undirected	NA	NA
379	1818	0.234222663458638	undirected	NA	NA
379	1863	0.366519237959647	undirected	NA	NA
379	1946	0.367181918007729	undirected	NA	NA
379	1950	0.354651891013074	undirected	NA	NA
379	3230	0.351750182775096	undirected	NA	NA
379	3404	0.220216061136897	undirected	NA	NA
379	3428	0.180423538948413	undirected	NA	NA
379	3687	0.359522908876647	undirected	NA	NA
379	4252	0.370409261562035	undirected	NA	NA
379	4728	0.289151947171332	undirected	NA	NA
379	4805	0.372884339382734	undirected	NA	NA
379	4806	0.285393389021496	undirected	NA	NA
379	4845	0.255432939742702	undirected	NA	NA
379	5012	0.328880956300811	undirected	NA	NA
379	5502	0.214294129884789	undirected	NA	NA
379	5582	0.383194753673126	undirected	NA	NA
379	5964	0.217037564958142	undirected	NA	NA
379	6271	0.246984002911406	undirected	NA	NA
379	6411	0.13903151737231	undirected	NA	NA
379	6432	0.292900809486654	undirected	NA	NA
379	6440	0.391951128513666	undirected	NA	NA
379	6902	0.363303714581209	undirected	NA	NA
379	7322	0.372855310742277	undirected	NA	NA
379	7360	0.177404782283282	undirected	NA	NA
379	7771	0.299023305681109	undirected	NA	NA
379	7866	0.216634284602368	undirected	NA	NA
379	8006	0.304499179682756	undirected	NA	NA
379	8015	0.230251992770507	undirected	NA	NA
379	8190	0.278289264284168	undirected	NA	NA
379	9050	0.165042065095759	undirected	NA	NA
379	9342	0.295254749791233	undirected	NA	NA
379	10288	0.375370865451177	undirected	NA	NA
379	10617	0.333489151910443	undirected	NA	NA
379	10628	0.216646983513273	undirected	NA	NA
379	12076	0.372711014939235	undirected	NA	NA
379	12342	0.21703032160711	undirected	NA	NA
379	12530	0.348647419399818	undirected	NA	NA
379	12658	0.187621616024003	undirected	NA	NA
379	12887	0.239313983415216	undirected	NA	NA
379	12937	0.267202969853108	undirected	NA	NA
379	13293	0.276259077319758	undirected	NA	NA
379	13344	0.311109652084442	undirected	NA	NA
379	13853	0.244699530797255	undirected	NA	NA
379	15682	0.379052737509844	undirected	NA	NA
393	535	0.257788467924221	undirected	NA	NA
393	779	0.2520367926716	undirected	NA	NA
393	964	0.266185818048405	undirected	NA	NA
393	1818	0.0566198375041859	undirected	NA	NA
393	1863	0.232343591173237	undirected	NA	NA
393	1946	0.232144069593356	undirected	NA	NA
393	1950	0.227721333989546	undirected	NA	NA
393	3230	0.242407064812046	undirected	NA	NA
393	3404	0.229052327082066	undirected	NA	NA
393	3428	0.334071077934031	undirected	NA	NA
393	3687	0.196074583867945	undirected	NA	NA
393	4252	0.23229751235292	undirected	NA	NA
393	4728	0.266306083596296	undirected	NA	NA
393	4805	0.213400313070301	undirected	NA	NA
393	4806	0.285592691230426	undirected	NA	NA
393	4845	0.218168828045135	undirected	NA	NA
393	5012	0.191781169058218	undirected	NA	NA
393	5502	0.244938827857218	undirected	NA	NA
393	5582	0.20495501695705	undirected	NA	NA
393	5964	0.296701616066689	undirected	NA	NA
393	6271	0.270435466871694	undirected	NA	NA
393	6411	0.222155200640951	undirected	NA	NA
393	6432	0.29634748729149	undirected	NA	NA
393	6440	0.158160523625525	undirected	NA	NA
393	6902	0.198380786737893	undirected	NA	NA
393	7322	0.221552716755808	undirected	NA	NA
393	7360	0.343540232590188	undirected	NA	NA
393	7771	0.086077534814897	undirected	NA	NA
393	7866	0.133373276147589	undirected	NA	NA
393	8006	0.216236888616801	undirected	NA	NA
393	8015	0.289563957710922	undirected	NA	NA
393	8190	0.308862508240138	undirected	NA	NA
393	9050	0.247986217481337	undirected	NA	NA
393	9342	0.0600612267407589	undirected	NA	NA
393	10288	0.241617618017262	undirected	NA	NA
393	10617	0.26603492659341	undirected	NA	NA
393	10628	0.164727190828142	undirected	NA	NA
393	12076	0.212169519771501	undirected	NA	NA
393	12342	0.206858533896797	undirected	NA	NA
393	12530	0.260705506485456	undirected	NA	NA
393	12658	0.0817020742923329	undirected	NA	NA
393	12887	0.208538389502884	undirected	NA	NA
393	12937	0.0767739628355537	undirected	NA	NA
393	13293	0.230881815246417	undirected	NA	NA
393	13344	0.123731937152332	undirected	NA	NA
393	13853	0.236867470147397	undirected	NA	NA
393	15682	0.114238314216105	undirected	NA	NA
535	779	0.203989764367872	undirected	NA	NA
535	964	0.275005316971283	undirected	NA	NA
535	1818	0.0975521363889589	undirected	NA	NA
535	1863	0.261080880874055	undirected	NA	NA
535	1946	0.25678720514207	undirected	NA	NA
535	1950	0.253778084247251	undirected	NA	NA
535	3230	0.305128707472507	undirected	NA	NA
535	3404	0.295969939604587	undirected	NA	NA
535	3428	0.294431216898815	undirected	NA	NA
535	3687	0.235548290117061	undirected	NA	NA
535	4252	0.261615162546669	undirected	NA	NA
535	4728	0.323822495728051	undirected	NA	NA
535	4805	0.259709221651333	undirected	NA	NA
535	4806	0.306718796818045	undirected	NA	NA
535	4845	0.231805507427149	undirected	NA	NA
535	5012	0.245326844427902	undirected	NA	NA
535	5502	0.355674268799196	undirected	NA	NA
535	5582	0.230559295074817	undirected	NA	NA
535	5964	0.268603137466257	undirected	NA	NA
535	6271	0.317237844671373	undirected	NA	NA
535	6411	0.290940838940475	undirected	NA	NA
535	6432	0.309693334279309	undirected	NA	NA
535	6440	0.206523408767572	undirected	NA	NA
535	6902	0.249875568772693	undirected	NA	NA
535	7322	0.26138108269363	undirected	NA	NA
535	7360	0.310235556076341	undirected	NA	NA
535	7771	0.0842349872319175	undirected	NA	NA
535	7866	0.240500763759693	undirected	NA	NA
535	8006	0.18270327203516	undirected	NA	NA
535	8015	0.304970235640153	undirected	NA	NA
535	8190	0.298735288556408	undirected	NA	NA
535	9050	0.24495312247605	undirected	NA	NA
535	9342	0.0793181958041061	undirected	NA	NA
535	10288	0.275645466786537	undirected	NA	NA
535	10617	0.264918826183973	undirected	NA	NA
535	10628	0.277095815841802	undirected	NA	NA
535	12076	0.248412524972522	undirected	NA	NA
535	12342	0.262074865560786	undirected	NA	NA
535	12530	0.306572066555256	undirected	NA	NA
535	12658	0.193045052076112	undirected	NA	NA
535	12887	0.311875643978894	undirected	NA	NA
535	12937	0.080391944183495	undirected	NA	NA
535	13293	0.294393294283906	undirected	NA	NA
535	13344	0.210064822539066	undirected	NA	NA
535	13853	0.33243734310217	undirected	NA	NA
535	15682	0.14177256588605	undirected	NA	NA
779	964	0.175449421893608	undirected	NA	NA
779	1818	0.065640475863163	undirected	NA	NA
779	1863	0.165752067174665	undirected	NA	NA
779	1946	0.171216152873865	undirected	NA	NA
779	1950	0.170990057184442	undirected	NA	NA
779	3230	0.186623480212062	undirected	NA	NA
779	3404	0.117030566656149	undirected	NA	NA
779	3428	0.193186195357692	undirected	NA	NA
779	3687	0.162232125999337	undirected	NA	NA
779	4252	0.169626618639984	undirected	NA	NA
779	4728	0.242353770947177	undirected	NA	NA
779	4805	0.167973192701153	undirected	NA	NA
779	4806	0.232966940226921	undirected	NA	NA
779	4845	0.118397674286034	undirected	NA	NA
779	5012	0.156571318028976	undirected	NA	NA
779	5502	0.21262945189628	undirected	NA	NA
779	5582	0.143162888745231	undirected	NA	NA
779	5964	0.192339780680357	undirected	NA	NA
779	6271	0.23019856111923	undirected	NA	NA
779	6411	0.173276556170711	undirected	NA	NA
779	6432	0.235489982416936	undirected	NA	NA
779	6440	0.132703827381007	undirected	NA	NA
779	6902	0.160059880546661	undirected	NA	NA
779	7322	0.179510118710389	undirected	NA	NA
779	7360	0.210323812586057	undirected	NA	NA
779	7771	0.0881395952605817	undirected	NA	NA
779	7866	0.0955049984854413	undirected	NA	NA
779	8006	0.150845186601337	undirected	NA	NA
779	8015	0.247322654558496	undirected	NA	NA
779	8190	0.27156934789576	undirected	NA	NA
779	9050	0.141592939676968	undirected	NA	NA
779	9342	0.0575435211996959	undirected	NA	NA
779	10288	0.180341150517155	undirected	NA	NA
779	10617	0.201190980774207	undirected	NA	NA
779	10628	0.0779793425695864	undirected	NA	NA
779	12076	0.160992061007318	undirected	NA	NA
779	12342	0.148561839559411	undirected	NA	NA
779	12530	0.245401793475305	undirected	NA	NA
779	12658	0.056353382498652	undirected	NA	NA
779	12887	0.212719042546193	undirected	NA	NA
779	12937	0.0736438115404919	undirected	NA	NA
779	13293	0.188236136136655	undirected	NA	NA
779	13344	0.0892042236136649	undirected	NA	NA
779	13853	0.194385317075008	undirected	NA	NA
779	15682	0.110083247694631	undirected	NA	NA
964	1818	0.0726233069968683	undirected	NA	NA
964	1863	0.259022136556928	undirected	NA	NA
964	1946	0.255892702359811	undirected	NA	NA
964	1950	0.233991448884658	undirected	NA	NA
964	3230	0.290380854777174	undirected	NA	NA
964	3404	0.287949550509686	undirected	NA	NA
964	3428	0.337400634597264	undirected	NA	NA
964	3687	0.214923716254114	undirected	NA	NA
964	4252	0.258638583456351	undirected	NA	NA
964	4728	0.252396042930791	undirected	NA	NA
964	4805	0.238308141044764	undirected	NA	NA
964	4806	0.25309806523742	undirected	NA	NA
964	4845	0.236041732009408	undirected	NA	NA
964	5012	0.198046194747336	undirected	NA	NA
964	5502	0.264070707767951	undirected	NA	NA
964	5582	0.261901770298122	undirected	NA	NA
964	5964	0.286402355329199	undirected	NA	NA
964	6271	0.24148662861627	undirected	NA	NA
964	6411	0.185753738460369	undirected	NA	NA
964	6432	0.276266607490596	undirected	NA	NA
964	6440	0.198344985028808	undirected	NA	NA
964	6902	0.21925955739423	undirected	NA	NA
964	7322	0.243968874353797	undirected	NA	NA
964	7360	0.328615209190391	undirected	NA	NA
964	7771	0.105216196331457	undirected	NA	NA
964	7866	0.154867892229645	undirected	NA	NA
964	8006	0.250361509006429	undirected	NA	NA
964	8015	0.246789712295772	undirected	NA	NA
964	8190	0.275907451101868	undirected	NA	NA
964	9050	0.219859724873735	undirected	NA	NA
964	9342	0.0965106515803084	undirected	NA	NA
964	10288	0.270455045236262	undirected	NA	NA
964	10617	0.290599242223686	undirected	NA	NA
964	10628	0.25928219945613	undirected	NA	NA
964	12076	0.236846694758889	undirected	NA	NA
964	12342	0.28445976535143	undirected	NA	NA
964	12530	0.277726508312121	undirected	NA	NA
964	12658	0.12831313696251	undirected	NA	NA
964	12887	0.203281071602477	undirected	NA	NA
964	12937	0.0906842048586469	undirected	NA	NA
964	13293	0.282828436268665	undirected	NA	NA
964	13344	0.19432292015276	undirected	NA	NA
964	13853	0.241629318833691	undirected	NA	NA
964	15682	0.146320483635087	undirected	NA	NA
1818	1863	0.219362927773291	undirected	NA	NA
1818	1946	0.212654462608559	undirected	NA	NA
1818	1950	0.22877688176118	undirected	NA	NA
1818	3230	0.171718842619017	undirected	NA	NA
1818	3404	0.103364614230735	undirected	NA	NA
1818	3428	0.0446380159701355	undirected	NA	NA
1818	3687	0.245670290044645	undirected	NA	NA
1818	4252	0.215384188897102	undirected	NA	NA
1818	4728	0.128385942372954	undirected	NA	NA
1818	4805	0.236022599805423	undirected	NA	NA
1818	4806	0.13298111556984	undirected	NA	NA
1818	4845	0.154680345636637	undirected	NA	NA
1818	5012	0.248593973314654	undirected	NA	NA
1818	5502	0.0799074252827984	undirected	NA	NA
1818	5582	0.176301226346165	undirected	NA	NA
1818	5964	0.0691393712605519	undirected	NA	NA
1818	6271	0.106471360560978	undirected	NA	NA
1818	6411	0.0561595208477594	undirected	NA	NA
1818	6432	0.122856986171414	undirected	NA	NA
1818	6440	0.242426247235796	undirected	NA	NA
1818	6902	0.250682921542346	undirected	NA	NA
1818	7322	0.221242163940877	undirected	NA	NA
1818	7360	0.0429939415522514	undirected	NA	NA
1818	7771	0.177867419601739	undirected	NA	NA
1818	7866	0.216743784171579	undirected	NA	NA
1818	8006	0.107770591650763	undirected	NA	NA
1818	8015	0.0844325873465884	undirected	NA	NA
1818	8190	0.0934431480301585	undirected	NA	NA
1818	9050	0.0706604516508443	undirected	NA	NA
1818	9342	0.216231267299994	undirected	NA	NA
1818	10288	0.207548791614329	undirected	NA	NA
1818	10617	0.145092433500852	undirected	NA	NA
1818	10628	0.114377527792432	undirected	NA	NA
1818	12076	0.237702112985702	undirected	NA	NA
1818	12342	0.0709040826507981	undirected	NA	NA
1818	12530	0.148795815244897	undirected	NA	NA
1818	12658	0.162553072197585	undirected	NA	NA
1818	12887	0.120318153121268	undirected	NA	NA
1818	12937	0.197536837824748	undirected	NA	NA
1818	13293	0.10279411978579	undirected	NA	NA
1818	13344	0.182140910529499	undirected	NA	NA
1818	13853	0.115161586775862	undirected	NA	NA
1818	15682	0.242714987275573	undirected	NA	NA
1863	1946	0.371518706617987	undirected	NA	NA
1863	1950	0.358878157050473	undirected	NA	NA
1863	3230	0.364444443641117	undirected	NA	NA
1863	3404	0.243371924328329	undirected	NA	NA
1863	3428	0.209903037076461	undirected	NA	NA
1863	3687	0.360507536884288	undirected	NA	NA
1863	4252	0.375184386437441	undirected	NA	NA
1863	4728	0.305117989031673	undirected	NA	NA
1863	4805	0.373074874273221	undirected	NA	NA
1863	4806	0.302527311004794	undirected	NA	NA
1863	4845	0.276580589580111	undirected	NA	NA
1863	5012	0.326473945058993	undirected	NA	NA
1863	5502	0.221176751387387	undirected	NA	NA
1863	5582	0.395585640667466	undirected	NA	NA
1863	5964	0.250240266598596	undirected	NA	NA
1863	6271	0.263849160677898	undirected	NA	NA
1863	6411	0.149620764951244	undirected	NA	NA
1863	6432	0.316855900831022	undirected	NA	NA
1863	6440	0.391875540117992	undirected	NA	NA
1863	6902	0.360669584947329	undirected	NA	NA
1863	7322	0.373808635164047	undirected	NA	NA
1863	7360	0.204452848501877	undirected	NA	NA
1863	7771	0.297801353164328	undirected	NA	NA
1863	7866	0.21302386351478	undirected	NA	NA
1863	8006	0.319066526932505	undirected	NA	NA
1863	8015	0.249738777678304	undirected	NA	NA
1863	8190	0.30158151412191	undirected	NA	NA
1863	9050	0.191343169218035	undirected	NA	NA
1863	9342	0.292471397014996	undirected	NA	NA
1863	10288	0.382523047265179	undirected	NA	NA
1863	10617	0.347796822523893	undirected	NA	NA
1863	10628	0.231003758650806	undirected	NA	NA
1863	12076	0.37978847994128	undirected	NA	NA
1863	12342	0.234721730283478	undirected	NA	NA
1863	12530	0.363494807044874	undirected	NA	NA
1863	12658	0.183366187978275	undirected	NA	NA
1863	12887	0.245469245113637	undirected	NA	NA
1863	12937	0.26993037840999	undirected	NA	NA
1863	13293	0.293535438084479	undirected	NA	NA
1863	13344	0.311559114297539	undirected	NA	NA
1863	13853	0.261565116451731	undirected	NA	NA
1863	15682	0.37465135861684	undirected	NA	NA
1946	1950	0.352468537558601	undirected	NA	NA
1946	3230	0.358547011275436	undirected	NA	NA
1946	3404	0.23127326201814	undirected	NA	NA
1946	3428	0.2066872366473	undirected	NA	NA
1946	3687	0.360615284488	undirected	NA	NA
1946	4252	0.368170101921791	undirected	NA	NA
1946	4728	0.300516484388774	undirected	NA	NA
1946	4805	0.365823243410971	undirected	NA	NA
1946	4806	0.296534304416226	undirected	NA	NA
1946	4845	0.267489307986818	undirected	NA	NA
1946	5012	0.317634723996569	undirected	NA	NA
1946	5502	0.222992357510871	undirected	NA	NA
1946	5582	0.393597702965227	undirected	NA	NA
1946	5964	0.24251914951029	undirected	NA	NA
1946	6271	0.259049987884774	undirected	NA	NA
1946	6411	0.147134789598828	undirected	NA	NA
1946	6432	0.309593552429709	undirected	NA	NA
1946	6440	0.387311100463139	undirected	NA	NA
1946	6902	0.352732350848887	undirected	NA	NA
1946	7322	0.368447344479241	undirected	NA	NA
1946	7360	0.202388388917845	undirected	NA	NA
1946	7771	0.29600161078559	undirected	NA	NA
1946	7866	0.203314209737463	undirected	NA	NA
1946	8006	0.324639956149192	undirected	NA	NA
1946	8015	0.247134415222593	undirected	NA	NA
1946	8190	0.301307061850579	undirected	NA	NA
1946	9050	0.179615319509863	undirected	NA	NA
1946	9342	0.284743298191631	undirected	NA	NA
1946	10288	0.375746139353338	undirected	NA	NA
1946	10617	0.346455826185925	undirected	NA	NA
1946	10628	0.222953342661469	undirected	NA	NA
1946	12076	0.377403653782208	undirected	NA	NA
1946	12342	0.235473822998289	undirected	NA	NA
1946	12530	0.361818294474372	undirected	NA	NA
1946	12658	0.175879791172906	undirected	NA	NA
1946	12887	0.243050093850657	undirected	NA	NA
1946	12937	0.261667137737229	undirected	NA	NA
1946	13293	0.29269169603198	undirected	NA	NA
1946	13344	0.305001747161659	undirected	NA	NA
1946	13853	0.253734668010522	undirected	NA	NA
1946	15682	0.369137575707277	undirected	NA	NA
1950	3230	0.340604857002184	undirected	NA	NA
1950	3404	0.227084879082715	undirected	NA	NA
1950	3428	0.196475551884311	undirected	NA	NA
1950	3687	0.35303899803011	undirected	NA	NA
1950	4252	0.35587758542478	undirected	NA	NA
1950	4728	0.305026392984422	undirected	NA	NA
1950	4805	0.357753389245588	undirected	NA	NA
1950	4806	0.304494138888056	undirected	NA	NA
1950	4845	0.270075603844127	undirected	NA	NA
1950	5012	0.325081587763163	undirected	NA	NA
1950	5502	0.216277055222515	undirected	NA	NA
1950	5582	0.368286925701128	undirected	NA	NA
1950	5964	0.238399308512178	undirected	NA	NA
1950	6271	0.268654635045531	undirected	NA	NA
1950	6411	0.160195751745522	undirected	NA	NA
1950	6432	0.312849740238974	undirected	NA	NA
1950	6440	0.377417526306027	undirected	NA	NA
1950	6902	0.349711475619277	undirected	NA	NA
1950	7322	0.357137130110055	undirected	NA	NA
1950	7360	0.19552576563648	undirected	NA	NA
1950	7771	0.278363887737769	undirected	NA	NA
1950	7866	0.21724860907439	undirected	NA	NA
1950	8006	0.291294632818548	undirected	NA	NA
1950	8015	0.253599673807594	undirected	NA	NA
1950	8190	0.292508806065469	undirected	NA	NA
1950	9050	0.194735596313918	undirected	NA	NA
1950	9342	0.265713143615347	undirected	NA	NA
1950	10288	0.362020661771471	undirected	NA	NA
1950	10617	0.322950866574784	undirected	NA	NA
1950	10628	0.212428306857847	undirected	NA	NA
1950	12076	0.368966033422671	undirected	NA	NA
1950	12342	0.206453943465436	undirected	NA	NA
1950	12530	0.346184508226305	undirected	NA	NA
1950	12658	0.179861580140433	undirected	NA	NA
1950	12887	0.251076787675208	undirected	NA	NA
1950	12937	0.261769082736325	undirected	NA	NA
1950	13293	0.267671742103166	undirected	NA	NA
1950	13344	0.290071700380561	undirected	NA	NA
1950	13853	0.262592944364345	undirected	NA	NA
1950	15682	0.359917700895399	undirected	NA	NA
3230	3404	0.239807832392615	undirected	NA	NA
3230	3428	0.271383760425194	undirected	NA	NA
3230	3687	0.339427715696072	undirected	NA	NA
3230	4252	0.359662195373028	undirected	NA	NA
3230	4728	0.290624525441085	undirected	NA	NA
3230	4805	0.346677941363207	undirected	NA	NA
3230	4806	0.264600918390089	undirected	NA	NA
3230	4845	0.279075724175718	undirected	NA	NA
3230	5012	0.300889735475993	undirected	NA	NA
3230	5502	0.291508703594775	undirected	NA	NA
3230	5582	0.376980942496867	undirected	NA	NA
3230	5964	0.263586428112027	undirected	NA	NA
3230	6271	0.256510251312384	undirected	NA	NA
3230	6411	0.16959465867293	undirected	NA	NA
3230	6432	0.289035217829051	undirected	NA	NA
3230	6440	0.34864173447847	undirected	NA	NA
3230	6902	0.334451748126661	undirected	NA	NA
3230	7322	0.341435282101891	undirected	NA	NA
3230	7360	0.268975597794922	undirected	NA	NA
3230	7771	0.219670282428724	undirected	NA	NA
3230	7866	0.220275332800004	undirected	NA	NA
3230	8006	0.313155658631179	undirected	NA	NA
3230	8015	0.251188302301944	undirected	NA	NA
3230	8190	0.307703362231515	undirected	NA	NA
3230	9050	0.181891259936093	undirected	NA	NA
3230	9342	0.215317697884898	undirected	NA	NA
3230	10288	0.352591959261386	undirected	NA	NA
3230	10617	0.308844106894312	undirected	NA	NA
3230	10628	0.277814077750599	undirected	NA	NA
3230	12076	0.359471395177383	undirected	NA	NA
3230	12342	0.268869306320722	undirected	NA	NA
3230	12530	0.332693893951459	undirected	NA	NA
3230	12658	0.197964517787627	undirected	NA	NA
3230	12887	0.251381610773681	undirected	NA	NA
3230	12937	0.194249903153626	undirected	NA	NA
3230	13293	0.313798430331859	undirected	NA	NA
3230	13344	0.307306346998125	undirected	NA	NA
3230	13853	0.267284669307822	undirected	NA	NA
3230	15682	0.300364731745836	undirected	NA	NA
3404	3428	0.308851858331555	undirected	NA	NA
3404	3687	0.210739581951574	undirected	NA	NA
3404	4252	0.234847792452608	undirected	NA	NA
3404	4728	0.247742151069634	undirected	NA	NA
3404	4805	0.223478743169687	undirected	NA	NA
3404	4806	0.221772550092314	undirected	NA	NA
3404	4845	0.246534625384857	undirected	NA	NA
3404	5012	0.200065060804537	undirected	NA	NA
3404	5502	0.259617919899066	undirected	NA	NA
3404	5582	0.248212386124218	undirected	NA	NA
3404	5964	0.29127923687664	undirected	NA	NA
3404	6271	0.229479588784796	undirected	NA	NA
3404	6411	0.166369708480414	undirected	NA	NA
3404	6432	0.259745836585958	undirected	NA	NA
3404	6440	0.217570765734445	undirected	NA	NA
3404	6902	0.214236813777515	undirected	NA	NA
3404	7322	0.218268643486212	undirected	NA	NA
3404	7360	0.299150443509279	undirected	NA	NA
3404	7771	0.116086874389725	undirected	NA	NA
3404	7866	0.171125706210638	undirected	NA	NA
3404	8006	0.193267210470776	undirected	NA	NA
3404	8015	0.226547461430834	undirected	NA	NA
3404	8190	0.266464665154107	undirected	NA	NA
3404	9050	0.22461762258458	undirected	NA	NA
3404	9342	0.125027443257425	undirected	NA	NA
3404	10288	0.237489009855974	undirected	NA	NA
3404	10617	0.215281224347001	undirected	NA	NA
3404	10628	0.264510700138552	undirected	NA	NA
3404	12076	0.235082851801891	undirected	NA	NA
3404	12342	0.238391649601771	undirected	NA	NA
3404	12530	0.256634168753931	undirected	NA	NA
3404	12658	0.16132058665708	undirected	NA	NA
3404	12887	0.210062676357589	undirected	NA	NA
3404	12937	0.115885578482714	undirected	NA	NA
3404	13293	0.268928597026229	undirected	NA	NA
3404	13344	0.217781033512626	undirected	NA	NA
3404	13853	0.25947043817923	undirected	NA	NA
3404	15682	0.173595865575227	undirected	NA	NA
3428	3687	0.167469627527973	undirected	NA	NA
3428	4252	0.210246676248228	undirected	NA	NA
3428	4728	0.292669448292957	undirected	NA	NA
3428	4805	0.193974552408251	undirected	NA	NA
3428	4806	0.286189895458786	undirected	NA	NA
3428	4845	0.218703591928012	undirected	NA	NA
3428	5012	0.170355006194798	undirected	NA	NA
3428	5502	0.266339208504905	undirected	NA	NA
3428	5582	0.188997855921181	undirected	NA	NA
3428	5964	0.349624626863859	undirected	NA	NA
3428	6271	0.294920542014131	undirected	NA	NA
3428	6411	0.260113748620275	undirected	NA	NA
3428	6432	0.316265633616545	undirected	NA	NA
3428	6440	0.135827878064317	undirected	NA	NA
3428	6902	0.177364259812403	undirected	NA	NA
3428	7322	0.201816085860448	undirected	NA	NA
3428	7360	0.356226768447706	undirected	NA	NA
3428	7771	0.055955824379903	undirected	NA	NA
3428	7866	0.147151992800454	undirected	NA	NA
3428	8006	0.182978995282507	undirected	NA	NA
3428	8015	0.309885518513112	undirected	NA	NA
3428	8190	0.323292041385794	undirected	NA	NA
3428	9050	0.286690973448036	undirected	NA	NA
3428	9342	0.0459457935005161	undirected	NA	NA
3428	10288	0.22883625384776	undirected	NA	NA
3428	10617	0.263022752102932	undirected	NA	NA
3428	10628	0.229790139638936	undirected	NA	NA
3428	12076	0.186249207888521	undirected	NA	NA
3428	12342	0.291811444405777	undirected	NA	NA
3428	12530	0.285119729043293	undirected	NA	NA
3428	12658	0.104690624417527	undirected	NA	NA
3428	12887	0.243845235526631	undirected	NA	NA
3428	12937	0.0512776660122334	undirected	NA	NA
3428	13293	0.294920811363857	undirected	NA	NA
3428	13344	0.134974120204969	undirected	NA	NA
3428	13853	0.293931812086891	undirected	NA	NA
3428	15682	0.0859426578961463	undirected	NA	NA
3687	4252	0.363716886371602	undirected	NA	NA
3687	4728	0.284252792745947	undirected	NA	NA
3687	4805	0.368951330146397	undirected	NA	NA
3687	4806	0.282329654862888	undirected	NA	NA
3687	4845	0.250019370669084	undirected	NA	NA
3687	5012	0.332079253308058	undirected	NA	NA
3687	5502	0.205554730549901	undirected	NA	NA
3687	5582	0.369772698355281	undirected	NA	NA
3687	5964	0.205896635070927	undirected	NA	NA
3687	6271	0.244017146629642	undirected	NA	NA
3687	6411	0.139112701528648	undirected	NA	NA
3687	6432	0.286132144338784	undirected	NA	NA
3687	6440	0.387700377038492	undirected	NA	NA
3687	6902	0.36228686382718	undirected	NA	NA
3687	7322	0.367443232629552	undirected	NA	NA
3687	7360	0.165959068139842	undirected	NA	NA
3687	7771	0.294598846377476	undirected	NA	NA
3687	7866	0.221885476445763	undirected	NA	NA
3687	8006	0.288938709340522	undirected	NA	NA
3687	8015	0.225736206206745	undirected	NA	NA
3687	8190	0.267079893417909	undirected	NA	NA
3687	9050	0.162503028579689	undirected	NA	NA
3687	9342	0.28929976888443	undirected	NA	NA
3687	10288	0.367179103366452	undirected	NA	NA
3687	10617	0.320002696640307	undirected	NA	NA
3687	10628	0.206699521404625	undirected	NA	NA
3687	12076	0.367000892368635	undirected	NA	NA
3687	12342	0.199523626488457	undirected	NA	NA
3687	12530	0.336549799252374	undirected	NA	NA
3687	12658	0.188274501092625	undirected	NA	NA
3687	12887	0.237942587860345	undirected	NA	NA
3687	12937	0.268105358286812	undirected	NA	NA
3687	13293	0.259550224408364	undirected	NA	NA
3687	13344	0.303097480172798	undirected	NA	NA
3687	13853	0.240720486762234	undirected	NA	NA
3687	15682	0.377422896239565	undirected	NA	NA
4252	4728	0.302524076583283	undirected	NA	NA
4252	4805	0.364847021070919	undirected	NA	NA
4252	4806	0.297383656642525	undirected	NA	NA
4252	4845	0.271911587944458	undirected	NA	NA
4252	5012	0.317355851628915	undirected	NA	NA
4252	5502	0.227692228269797	undirected	NA	NA
4252	5582	0.397164986494195	undirected	NA	NA
4252	5964	0.244990894130143	undirected	NA	NA
4252	6271	0.261044589960482	undirected	NA	NA
4252	6411	0.149438360270976	undirected	NA	NA
4252	6432	0.311043492908848	undirected	NA	NA
4252	6440	0.391189913625913	undirected	NA	NA
4252	6902	0.351912966367873	undirected	NA	NA
4252	7322	0.367159739735501	undirected	NA	NA
4252	7360	0.205899933083472	undirected	NA	NA
4252	7771	0.294826237628489	undirected	NA	NA
4252	7866	0.20578642360804	undirected	NA	NA
4252	8006	0.325121576697548	undirected	NA	NA
4252	8015	0.248528006587231	undirected	NA	NA
4252	8190	0.302394961151443	undirected	NA	NA
4252	9050	0.182082917987961	undirected	NA	NA
4252	9342	0.285778145188002	undirected	NA	NA
4252	10288	0.374855278538028	undirected	NA	NA
4252	10617	0.345080623700089	undirected	NA	NA
4252	10628	0.229480623676098	undirected	NA	NA
4252	12076	0.381145549031887	undirected	NA	NA
4252	12342	0.237819791747082	undirected	NA	NA
4252	12530	0.362623394494963	undirected	NA	NA
4252	12658	0.181601964207332	undirected	NA	NA
4252	12887	0.245833847942897	undirected	NA	NA
4252	12937	0.261999507043344	undirected	NA	NA
4252	13293	0.295394381467255	undirected	NA	NA
4252	13344	0.310796620398465	undirected	NA	NA
4252	13853	0.257502802135261	undirected	NA	NA
4252	15682	0.371226023995326	undirected	NA	NA
4728	4805	0.297088838338716	undirected	NA	NA
4728	4806	0.313249312983128	undirected	NA	NA
4728	4845	0.25821418137751	undirected	NA	NA
4728	5012	0.284732995695321	undirected	NA	NA
4728	5502	0.327865740557383	undirected	NA	NA
4728	5582	0.272035064276721	undirected	NA	NA
4728	5964	0.26578981352033	undirected	NA	NA
4728	6271	0.297233942893731	undirected	NA	NA
4728	6411	0.250881682193791	undirected	NA	NA
4728	6432	0.303579278010973	undirected	NA	NA
4728	6440	0.255164913435055	undirected	NA	NA
4728	6902	0.289613349538203	undirected	NA	NA
4728	7322	0.296196731768721	undirected	NA	NA
4728	7360	0.309656143999116	undirected	NA	NA
4728	7771	0.130031393764121	undirected	NA	NA
4728	7866	0.231895105511488	undirected	NA	NA
4728	8006	0.226468907792221	undirected	NA	NA
4728	8015	0.288609836805377	undirected	NA	NA
4728	8190	0.312458605925932	undirected	NA	NA
4728	9050	0.232382558766162	undirected	NA	NA
4728	9342	0.110975573198785	undirected	NA	NA
4728	10288	0.305812882903744	undirected	NA	NA
4728	10617	0.279666762158671	undirected	NA	NA
4728	10628	0.227853463612997	undirected	NA	NA
4728	12076	0.297514672091601	undirected	NA	NA
4728	12342	0.211945134220288	undirected	NA	NA
4728	12530	0.288964713149447	undirected	NA	NA
4728	12658	0.165489773953701	undirected	NA	NA
4728	12887	0.282240252623198	undirected	NA	NA
4728	12937	0.123637789147474	undirected	NA	NA
4728	13293	0.261812735352113	undirected	NA	NA
4728	13344	0.211808702097307	undirected	NA	NA
4728	13853	0.290582718831375	undirected	NA	NA
4728	15682	0.196920046413986	undirected	NA	NA
4805	4806	0.289392579835433	undirected	NA	NA
4805	4845	0.267242420759612	undirected	NA	NA
4805	5012	0.321902026623169	undirected	NA	NA
4805	5502	0.232307436824246	undirected	NA	NA
4805	5582	0.389217531608041	undirected	NA	NA
4805	5964	0.225357611092981	undirected	NA	NA
4805	6271	0.256522405245975	undirected	NA	NA
4805	6411	0.151334388941603	undirected	NA	NA
4805	6432	0.298034042191556	undirected	NA	NA
4805	6440	0.397087361685507	undirected	NA	NA
4805	6902	0.355308190504069	undirected	NA	NA
4805	7322	0.35898420742003	undirected	NA	NA
4805	7360	0.192563795885196	undirected	NA	NA
4805	7771	0.287997175156635	undirected	NA	NA
4805	7866	0.221667068126479	undirected	NA	NA
4805	8006	0.307696770454152	undirected	NA	NA
4805	8015	0.240380520781433	undirected	NA	NA
4805	8190	0.28658036011963	undirected	NA	NA
4805	9050	0.1724676360566	undirected	NA	NA
4805	9342	0.282843472568006	undirected	NA	NA
4805	10288	0.362418628517625	undirected	NA	NA
4805	10617	0.324932256385721	undirected	NA	NA
4805	10628	0.229903676339429	undirected	NA	NA
4805	12076	0.382813634922017	undirected	NA	NA
4805	12342	0.221357408195557	undirected	NA	NA
4805	12530	0.349306263507116	undirected	NA	NA
4805	12658	0.198655940731059	undirected	NA	NA
4805	12887	0.250512344286339	undirected	NA	NA
4805	12937	0.259946093679116	undirected	NA	NA
4805	13293	0.28126462214815	undirected	NA	NA
4805	13344	0.31839885207863	undirected	NA	NA
4805	13853	0.256024164590245	undirected	NA	NA
4805	15682	0.375788644168894	undirected	NA	NA
4806	4845	0.25974703434405	undirected	NA	NA
4806	5012	0.278047797064492	undirected	NA	NA
4806	5502	0.292091088841278	undirected	NA	NA
4806	5582	0.273431846230966	undirected	NA	NA
4806	5964	0.281523023809851	undirected	NA	NA
4806	6271	0.298732201301963	undirected	NA	NA
4806	6411	0.231655546482201	undirected	NA	NA
4806	6432	0.309997894204532	undirected	NA	NA
4806	6440	0.258817808055333	undirected	NA	NA
4806	6902	0.283123067030323	undirected	NA	NA
4806	7322	0.28669438453827	undirected	NA	NA
4806	7360	0.300132123540897	undirected	NA	NA
4806	7771	0.144703163350045	undirected	NA	NA
4806	7866	0.210563770835663	undirected	NA	NA
4806	8006	0.230925779326055	undirected	NA	NA
4806	8015	0.301950328599611	undirected	NA	NA
4806	8190	0.32418931742989	undirected	NA	NA
4806	9050	0.229803688625219	undirected	NA	NA
4806	9342	0.120685680301811	undirected	NA	NA
4806	10288	0.29578836162697	undirected	NA	NA
4806	10617	0.265137336033689	undirected	NA	NA
4806	10628	0.203196712308864	undirected	NA	NA
4806	12076	0.297340794234852	undirected	NA	NA
4806	12342	0.20457238446715	undirected	NA	NA
4806	12530	0.301188100512518	undirected	NA	NA
4806	12658	0.146013069873506	undirected	NA	NA
4806	12887	0.277992266027253	undirected	NA	NA
4806	12937	0.139742837829518	undirected	NA	NA
4806	13293	0.25679067730169	undirected	NA	NA
4806	13344	0.201519571353146	undirected	NA	NA
4806	13853	0.292266801805023	undirected	NA	NA
4806	15682	0.209322196366104	undirected	NA	NA
4845	5012	0.2434922563413	undirected	NA	NA
4845	5502	0.179437392595833	undirected	NA	NA
4845	5582	0.277767691103134	undirected	NA	NA
4845	5964	0.265076289000061	undirected	NA	NA
4845	6271	0.234753668213423	undirected	NA	NA
4845	6411	0.143246227263486	undirected	NA	NA
4845	6432	0.284893895694248	undirected	NA	NA
4845	6440	0.269251985467954	undirected	NA	NA
4845	6902	0.25867061489367	undirected	NA	NA
4845	7322	0.264914741539615	undirected	NA	NA
4845	7360	0.209318204594969	undirected	NA	NA
4845	7771	0.192799247655809	undirected	NA	NA
4845	7866	0.173044520851467	undirected	NA	NA
4845	8006	0.214803278919812	undirected	NA	NA
4845	8015	0.224650770298215	undirected	NA	NA
4845	8190	0.256532479036388	undirected	NA	NA
4845	9050	0.237157925914698	undirected	NA	NA
4845	9342	0.197797274561383	undirected	NA	NA
4845	10288	0.280733471595707	undirected	NA	NA
4845	10617	0.257722663536012	undirected	NA	NA
4845	10628	0.200224903078166	undirected	NA	NA
4845	12076	0.26912541803051	undirected	NA	NA
4845	12342	0.189256397597805	undirected	NA	NA
4845	12530	0.279854595472944	undirected	NA	NA
4845	12658	0.143330966092103	undirected	NA	NA
4845	12887	0.200846872198978	undirected	NA	NA
4845	12937	0.202293914460379	undirected	NA	NA
4845	13293	0.234109679391198	undirected	NA	NA
4845	13344	0.222324829466965	undirected	NA	NA
4845	13853	0.241911728123301	undirected	NA	NA
4845	15682	0.252070900245826	undirected	NA	NA
5012	5502	0.221029758338769	undirected	NA	NA
5012	5582	0.324751797407948	undirected	NA	NA
5012	5964	0.201453804482639	undirected	NA	NA
5012	6271	0.252835058384945	undirected	NA	NA
5012	6411	0.163414515730291	undirected	NA	NA
5012	6432	0.278555686690002	undirected	NA	NA
5012	6440	0.352888082252013	undirected	NA	NA
5012	6902	0.322867140614257	undirected	NA	NA
5012	7322	0.318872522834565	undirected	NA	NA
5012	7360	0.173801655875562	undirected	NA	NA
5012	7771	0.238751248557519	undirected	NA	NA
5012	7866	0.230974304342219	undirected	NA	NA
5012	8006	0.243635496258558	undirected	NA	NA
5012	8015	0.232712768534039	undirected	NA	NA
5012	8190	0.257553742751348	undirected	NA	NA
5012	9050	0.172988592554371	undirected	NA	NA
5012	9342	0.231943282828875	undirected	NA	NA
5012	10288	0.317557903197356	undirected	NA	NA
5012	10617	0.273266451060479	undirected	NA	NA
5012	10628	0.199545741607757	undirected	NA	NA
5012	12076	0.341075153234202	undirected	NA	NA
5012	12342	0.176961471882769	undirected	NA	NA
5012	12530	0.308216445703984	undirected	NA	NA
5012	12658	0.198367705700237	undirected	NA	NA
5012	12887	0.252928644791784	undirected	NA	NA
5012	12937	0.232728003694316	undirected	NA	NA
5012	13293	0.236626275419052	undirected	NA	NA
5012	13344	0.276923428188424	undirected	NA	NA
5012	13853	0.25324957806402	undirected	NA	NA
5012	15682	0.331878807620049	undirected	NA	NA
5502	5582	0.184803175694878	undirected	NA	NA
5502	5964	0.239600784960382	undirected	NA	NA
5502	6271	0.318638027454993	undirected	NA	NA
5502	6411	0.313355244472459	undirected	NA	NA
5502	6432	0.288581544812836	undirected	NA	NA
5502	6440	0.1670804088748	undirected	NA	NA
5502	6902	0.223354003393094	undirected	NA	NA
5502	7322	0.238231213593794	undirected	NA	NA
5502	7360	0.282992159759189	undirected	NA	NA
5502	7771	0.0587453657796208	undirected	NA	NA
5502	7866	0.236070613367032	undirected	NA	NA
5502	8006	0.147996900007861	undirected	NA	NA
5502	8015	0.306025506680591	undirected	NA	NA
5502	8190	0.300011676105361	undirected	NA	NA
5502	9050	0.206503108558945	undirected	NA	NA
5502	9342	0.0541084077573971	undirected	NA	NA
5502	10288	0.245504932301477	undirected	NA	NA
5502	10617	0.243727751735875	undirected	NA	NA
5502	10628	0.244223394770631	undirected	NA	NA
5502	12076	0.208625796051163	undirected	NA	NA
5502	12342	0.270599182818317	undirected	NA	NA
5502	12530	0.308609710310664	undirected	NA	NA
5502	12658	0.18744841453508	undirected	NA	NA
5502	12887	0.345558963934673	undirected	NA	NA
5502	12937	0.0544467067246667	undirected	NA	NA
5502	13293	0.306261257551527	undirected	NA	NA
5502	13344	0.18187433973225	undirected	NA	NA
5502	13853	0.336504647155117	undirected	NA	NA
5502	15682	0.105144588620339	undirected	NA	NA
5582	5964	0.235128123512563	undirected	NA	NA
5582	6271	0.226513623014759	undirected	NA	NA
5582	6411	0.112304302651504	undirected	NA	NA
5582	6432	0.291848364272516	undirected	NA	NA
5582	6440	0.333575899902723	undirected	NA	NA
5582	6902	0.372679447536847	undirected	NA	NA
5582	7322	0.389082356143057	undirected	NA	NA
5582	7360	0.175416103078717	undirected	NA	NA
5582	7771	0.283001741401808	undirected	NA	NA
5582	7866	0.203563831570157	undirected	NA	NA
5582	8006	0.281148488618539	undirected	NA	NA
5582	8015	0.211385474904159	undirected	NA	NA
5582	8190	0.274436799796133	undirected	NA	NA
5582	9050	0.167668013287993	undirected	NA	NA
5582	9342	0.295666011244922	undirected	NA	NA
5582	10288	0.401859485463187	undirected	NA	NA
5582	10617	0.36576323542614	undirected	NA	NA
5582	10628	0.206691424131983	undirected	NA	NA
5582	12076	0.382493895020687	undirected	NA	NA
5582	12342	0.24679169169244	undirected	NA	NA
5582	12530	0.354849403709614	undirected	NA	NA
5582	12658	0.147812635994612	undirected	NA	NA
5582	12887	0.207626815649185	undirected	NA	NA
5582	12937	0.247420653279893	undirected	NA	NA
5582	13293	0.296140190985992	undirected	NA	NA
5582	13344	0.270897572833701	undirected	NA	NA
5582	13853	0.228857794279239	undirected	NA	NA
5582	15682	0.328137273854056	undirected	NA	NA
5964	6271	0.267425618585199	undirected	NA	NA
5964	6411	0.21460933823685	undirected	NA	NA
5964	6432	0.303925964586668	undirected	NA	NA
5964	6440	0.182890977441781	undirected	NA	NA
5964	6902	0.210379203604089	undirected	NA	NA
5964	7322	0.228477932455192	undirected	NA	NA
5964	7360	0.346408253601749	undirected	NA	NA
5964	7771	0.0952925713734933	undirected	NA	NA
5964	7866	0.154679367031768	undirected	NA	NA
5964	8006	0.220053059197858	undirected	NA	NA
5964	8015	0.276491029176034	undirected	NA	NA
5964	8190	0.286606571052136	undirected	NA	NA
5964	9050	0.286780573073087	undirected	NA	NA
5964	9342	0.0797555866168494	undirected	NA	NA
5964	10288	0.255045822033695	undirected	NA	NA
5964	10617	0.267860529924745	undirected	NA	NA
5964	10628	0.227381555976725	undirected	NA	NA
5964	12076	0.230462660721138	undirected	NA	NA
5964	12342	0.230593377334859	undirected	NA	NA
5964	12530	0.261980284967169	undirected	NA	NA
5964	12658	0.11058708407767	undirected	NA	NA
5964	12887	0.205962313091634	undirected	NA	NA
5964	12937	0.0911431281900066	undirected	NA	NA
5964	13293	0.241832769833065	undirected	NA	NA
5964	13344	0.160421658701373	undirected	NA	NA
5964	13853	0.25620792168058	undirected	NA	NA
5964	15682	0.134212225474119	undirected	NA	NA
6271	6411	0.253343375839499	undirected	NA	NA
6271	6432	0.289529254200194	undirected	NA	NA
6271	6440	0.211671602373843	undirected	NA	NA
6271	6902	0.25061153513977	undirected	NA	NA
6271	7322	0.256226312363293	undirected	NA	NA
6271	7360	0.314914999438934	undirected	NA	NA
6271	7771	0.102708807315505	undirected	NA	NA
6271	7866	0.210428245390267	undirected	NA	NA
6271	8006	0.189603807664533	undirected	NA	NA
6271	8015	0.292431182564517	undirected	NA	NA
6271	8190	0.307268168280935	undirected	NA	NA
6271	9050	0.235061854407192	undirected	NA	NA
6271	9342	0.0843436345445027	undirected	NA	NA
6271	10288	0.265885267452102	undirected	NA	NA
6271	10617	0.246360661786731	undirected	NA	NA
6271	10628	0.197092971840585	undirected	NA	NA
6271	12076	0.256167851937324	undirected	NA	NA
6271	12342	0.195060434801359	undirected	NA	NA
6271	12530	0.271149233439122	undirected	NA	NA
6271	12658	0.14097585680745	undirected	NA	NA
6271	12887	0.278823440001794	undirected	NA	NA
6271	12937	0.100566494301606	undirected	NA	NA
6271	13293	0.243498409780477	undirected	NA	NA
6271	13344	0.172274060811324	undirected	NA	NA
6271	13853	0.289838019076437	undirected	NA	NA
6271	15682	0.15864855566378	undirected	NA	NA
6411	6432	0.224733477596796	undirected	NA	NA
6411	6440	0.106203435493517	undirected	NA	NA
6411	6902	0.149543762160689	undirected	NA	NA
6411	7322	0.152668263198779	undirected	NA	NA
6411	7360	0.289728040976619	undirected	NA	NA
6411	7771	0.0383971680006874	undirected	NA	NA
6411	7866	0.16253842539975	undirected	NA	NA
6411	8006	0.091796503655654	undirected	NA	NA
6411	8015	0.256643715308652	undirected	NA	NA
6411	8190	0.25020813693775	undirected	NA	NA
6411	9050	0.19548281816862	undirected	NA	NA
6411	9342	0.029269965499364	undirected	NA	NA
6411	10288	0.158079907327191	undirected	NA	NA
6411	10617	0.1516505570983	undirected	NA	NA
6411	10628	0.125978214028969	undirected	NA	NA
6411	12076	0.143676842147094	undirected	NA	NA
6411	12342	0.146404545579626	undirected	NA	NA
6411	12530	0.202549571694817	undirected	NA	NA
6411	12658	0.096449794330192	undirected	NA	NA
6411	12887	0.25962717047779	undirected	NA	NA
6411	12937	0.0401142490753465	undirected	NA	NA
6411	13293	0.187328020522172	undirected	NA	NA
6411	13344	0.0898764834185106	undirected	NA	NA
6411	13853	0.260929404699126	undirected	NA	NA
6411	15682	0.0680861171585883	undirected	NA	NA
6432	6440	0.26289445159715	undirected	NA	NA
6432	6902	0.287738690379056	undirected	NA	NA
6432	7322	0.296716660383869	undirected	NA	NA
6432	7360	0.325303255491912	undirected	NA	NA
6432	7771	0.14594933266066	undirected	NA	NA
6432	7866	0.209427830565507	undirected	NA	NA
6432	8006	0.251759521059916	undirected	NA	NA
6432	8015	0.296910483235858	undirected	NA	NA
6432	8190	0.3276338549792	undirected	NA	NA
6432	9050	0.252089592955261	undirected	NA	NA
6432	9342	0.123406110178311	undirected	NA	NA
6432	10288	0.312432952207236	undirected	NA	NA
6432	10617	0.290394419154788	undirected	NA	NA
6432	10628	0.231213668397503	undirected	NA	NA
6432	12076	0.306526353308057	undirected	NA	NA
6432	12342	0.221122873765009	undirected	NA	NA
6432	12530	0.296596747046909	undirected	NA	NA
6432	12658	0.148655459890663	undirected	NA	NA
6432	12887	0.261603426791821	undirected	NA	NA
6432	12937	0.139681439371779	undirected	NA	NA
6432	13293	0.266836389073461	undirected	NA	NA
6432	13344	0.211966771452947	undirected	NA	NA
6432	13853	0.287653611755648	undirected	NA	NA
6432	15682	0.208883378373894	undirected	NA	NA
6440	6902	0.391881801419025	undirected	NA	NA
6440	7322	0.389439446427944	undirected	NA	NA
6440	7360	0.129092276325801	undirected	NA	NA
6440	7771	0.29931013719241	undirected	NA	NA
6440	7866	0.240339655158366	undirected	NA	NA
6440	8006	0.248716836628889	undirected	NA	NA
6440	8015	0.18763240825186	undirected	NA	NA
6440	8190	0.230038228987549	undirected	NA	NA
6440	9050	0.147099553531979	undirected	NA	NA
6440	9342	0.326219130322616	undirected	NA	NA
6440	10288	0.38950634381563	undirected	NA	NA
6440	10617	0.322336618663491	undirected	NA	NA
6440	10628	0.198621992322124	undirected	NA	NA
6440	12076	0.392219238236736	undirected	NA	NA
6440	12342	0.189044975252964	undirected	NA	NA
6440	12530	0.320352477963417	undirected	NA	NA
6440	12658	0.183112059086086	undirected	NA	NA
6440	12887	0.206720775429476	undirected	NA	NA
6440	12937	0.277856581910868	undirected	NA	NA
6440	13293	0.246523447019728	undirected	NA	NA
6440	13344	0.294007986572242	undirected	NA	NA
6440	13853	0.216974746031563	undirected	NA	NA
6440	15682	0.367813260181575	undirected	NA	NA
6902	7322	0.353769458811657	undirected	NA	NA
6902	7360	0.177224985078853	undirected	NA	NA
6902	7771	0.281438913144126	undirected	NA	NA
6902	7866	0.226992227556702	undirected	NA	NA
6902	8006	0.287007369581568	undirected	NA	NA
6902	8015	0.231678766413119	undirected	NA	NA
6902	8190	0.270729918487779	undirected	NA	NA
6902	9050	0.167369124969	undirected	NA	NA
6902	9342	0.278678443028602	undirected	NA	NA
6902	10288	0.354188544944365	undirected	NA	NA
6902	10617	0.309476336782994	undirected	NA	NA
6902	10628	0.220651912758719	undirected	NA	NA
6902	12076	0.373727392230116	undirected	NA	NA
6902	12342	0.20298916079205	undirected	NA	NA
6902	12530	0.335016794406715	undirected	NA	NA
6902	12658	0.204390602461816	undirected	NA	NA
6902	12887	0.248449443400346	undirected	NA	NA
6902	12937	0.259504957737768	undirected	NA	NA
6902	13293	0.263684249051247	undirected	NA	NA
6902	13344	0.313069786324637	undirected	NA	NA
6902	13853	0.2511103532953	undirected	NA	NA
6902	15682	0.373579961702331	undirected	NA	NA
7322	7360	0.200976424458992	undirected	NA	NA
7322	7771	0.28205490580555	undirected	NA	NA
7322	7866	0.215181719818332	undirected	NA	NA
7322	8006	0.316237560391358	undirected	NA	NA
7322	8015	0.243536905715508	undirected	NA	NA
7322	8190	0.293037742959187	undirected	NA	NA
7322	9050	0.169446703134647	undirected	NA	NA
7322	9342	0.270753567975429	undirected	NA	NA
7322	10288	0.352802639005096	undirected	NA	NA
7322	10617	0.324221045951678	undirected	NA	NA
7322	10628	0.227189043123085	undirected	NA	NA
7322	12076	0.38074397291021	undirected	NA	NA
7322	12342	0.227698631311042	undirected	NA	NA
7322	12530	0.349860593558712	undirected	NA	NA
7322	12658	0.188625274104125	undirected	NA	NA
7322	12887	0.249443780993367	undirected	NA	NA
7322	12937	0.249502734449403	undirected	NA	NA
7322	13293	0.285380640086678	undirected	NA	NA
7322	13344	0.310299644276679	undirected	NA	NA
7322	13853	0.253103509223837	undirected	NA	NA
7322	15682	0.364881852878374	undirected	NA	NA
7360	7771	0.0496463362495944	undirected	NA	NA
7360	7866	0.153651435339862	undirected	NA	NA
7360	8006	0.168394603037195	undirected	NA	NA
7360	8015	0.330419403284433	undirected	NA	NA
7360	8190	0.334638762851291	undirected	NA	NA
7360	9050	0.291438892942949	undirected	NA	NA
7360	9342	0.0390132186374375	undirected	NA	NA
7360	10288	0.225139340585154	undirected	NA	NA
7360	10617	0.257472430160688	undirected	NA	NA
7360	10628	0.216592735868937	undirected	NA	NA
7360	12076	0.181931870204127	undirected	NA	NA
7360	12342	0.283571855968515	undirected	NA	NA
7360	12530	0.291364011542912	undirected	NA	NA
7360	12658	0.103718388935359	undirected	NA	NA
7360	12887	0.266688270096403	undirected	NA	NA
7360	12937	0.0459828408597975	undirected	NA	NA
7360	13293	0.294180545071146	undirected	NA	NA
7360	13344	0.125984680698592	undirected	NA	NA
7360	13853	0.310833843271237	undirected	NA	NA
7360	15682	0.0789727440370243	undirected	NA	NA
7771	7866	0.126742403313019	undirected	NA	NA
7771	8006	0.231893794753744	undirected	NA	NA
7771	8015	0.0913664658831544	undirected	NA	NA
7771	8190	0.122217014791592	undirected	NA	NA
7771	9050	0.0725136665963293	undirected	NA	NA
7771	9342	0.231977394947799	undirected	NA	NA
7771	10288	0.281077385487701	undirected	NA	NA
7771	10617	0.231714145721402	undirected	NA	NA
7771	10628	0.11360818742399	undirected	NA	NA
7771	12076	0.300935426315654	undirected	NA	NA
7771	12342	0.102521109997808	undirected	NA	NA
7771	12530	0.188738838300192	undirected	NA	NA
7771	12658	0.0856645591171609	undirected	NA	NA
7771	12887	0.091495917445258	undirected	NA	NA
7771	12937	0.237155019037659	undirected	NA	NA
7771	13293	0.131920570896398	undirected	NA	NA
7771	13344	0.17041370630822	undirected	NA	NA
7771	13853	0.0968375145563919	undirected	NA	NA
7771	15682	0.293667847478162	undirected	NA	NA
7866	8006	0.134030812825837	undirected	NA	NA
7866	8015	0.184378777880854	undirected	NA	NA
7866	8190	0.191119087080904	undirected	NA	NA
7866	9050	0.145415555570108	undirected	NA	NA
7866	9342	0.141915845068761	undirected	NA	NA
7866	10288	0.212986394559317	undirected	NA	NA
7866	10617	0.174749300867022	undirected	NA	NA
7866	10628	0.179224679515852	undirected	NA	NA
7866	12076	0.226967843632987	undirected	NA	NA
7866	12342	0.140590974442156	undirected	NA	NA
7866	12530	0.225622074900745	undirected	NA	NA
7866	12658	0.229857149804938	undirected	NA	NA
7866	12887	0.239498869694561	undirected	NA	NA
7866	12937	0.137742248178766	undirected	NA	NA
7866	13293	0.189833081382056	undirected	NA	NA
7866	13344	0.225322494672476	undirected	NA	NA
7866	13853	0.2363351636224	undirected	NA	NA
7866	15682	0.210529194787231	undirected	NA	NA
8006	8015	0.189786748946215	undirected	NA	NA
8006	8190	0.260285891141567	undirected	NA	NA
8006	9050	0.136619947871435	undirected	NA	NA
8006	9342	0.213903546537753	undirected	NA	NA
8006	10288	0.331464317267564	undirected	NA	NA
8006	10617	0.339722121107479	undirected	NA	NA
8006	10628	0.144633569609327	undirected	NA	NA
8006	12076	0.298904350163146	undirected	NA	NA
8006	12342	0.236545041846349	undirected	NA	NA
8006	12530	0.310851007879173	undirected	NA	NA
8006	12658	0.0837111626519228	undirected	NA	NA
8006	12887	0.162788614665179	undirected	NA	NA
8006	12937	0.184379613946385	undirected	NA	NA
8006	13293	0.264141002905336	undirected	NA	NA
8006	13344	0.181638394620265	undirected	NA	NA
8006	13853	0.176904120441309	undirected	NA	NA
8006	15682	0.236456015039299	undirected	NA	NA
8015	8190	0.313775464454006	undirected	NA	NA
8015	9050	0.242333297943356	undirected	NA	NA
8015	9342	0.0701370634767168	undirected	NA	NA
8015	10288	0.255589655979519	undirected	NA	NA
8015	10617	0.250344726116628	undirected	NA	NA
8015	10628	0.180756154116962	undirected	NA	NA
8015	12076	0.237885253229534	undirected	NA	NA
8015	12342	0.196022059280038	undirected	NA	NA
8015	12530	0.265416859657615	undirected	NA	NA
8015	12658	0.116498372963408	undirected	NA	NA
8015	12887	0.262905647715901	undirected	NA	NA
8015	12937	0.087183256057993	undirected	NA	NA
8015	13293	0.239438474251268	undirected	NA	NA
8015	13344	0.149331826764596	undirected	NA	NA
8015	13853	0.275530951108219	undirected	NA	NA
8015	15682	0.136914467105385	undirected	NA	NA
8190	9050	0.248311712244761	undirected	NA	NA
8190	9342	0.0973720392465352	undirected	NA	NA
8190	10288	0.310773274665841	undirected	NA	NA
8190	10617	0.31642430138181	undirected	NA	NA
8190	10628	0.224666248597126	undirected	NA	NA
8190	12076	0.283218078487286	undirected	NA	NA
8190	12342	0.246994442772696	undirected	NA	NA
8190	12530	0.315246240683855	undirected	NA	NA
8190	12658	0.131098040706745	undirected	NA	NA
8190	12887	0.262240238871984	undirected	NA	NA
8190	12937	0.108507646384541	undirected	NA	NA
8190	13293	0.272068725701564	undirected	NA	NA
8190	13344	0.190958827706835	undirected	NA	NA
8190	13853	0.282687249917514	undirected	NA	NA
8190	15682	0.172303785326813	undirected	NA	NA
9050	9342	0.0616672544901238	undirected	NA	NA
9050	10288	0.186450023099347	undirected	NA	NA
9050	10617	0.175206958733057	undirected	NA	NA
9050	10628	0.170261853522021	undirected	NA	NA
9050	12076	0.183294363919701	undirected	NA	NA
9050	12342	0.152039510362652	undirected	NA	NA
9050	12530	0.200353801903102	undirected	NA	NA
9050	12658	0.0978331601438275	undirected	NA	NA
9050	12887	0.193538299921685	undirected	NA	NA
9050	12937	0.0840327406926959	undirected	NA	NA
9050	13293	0.183924194206732	undirected	NA	NA
9050	13344	0.120509568720627	undirected	NA	NA
9050	13853	0.242794180257599	undirected	NA	NA
9050	15682	0.110804206871349	undirected	NA	NA
9342	10288	0.271044598046967	undirected	NA	NA
9342	10617	0.208139869128191	undirected	NA	NA
9342	10628	0.149891241984659	undirected	NA	NA
9342	12076	0.300758323002099	undirected	NA	NA
9342	12342	0.0994637034262934	undirected	NA	NA
9342	12530	0.168352511026273	undirected	NA	NA
9342	12658	0.127192752122172	undirected	NA	NA
9342	12887	0.0799576820840574	undirected	NA	NA
9342	12937	0.248221837816802	undirected	NA	NA
9342	13293	0.126598044829161	undirected	NA	NA
9342	13344	0.219994869045724	undirected	NA	NA
9342	13853	0.0885753860168626	undirected	NA	NA
9342	15682	0.323546302156316	undirected	NA	NA
10288	10617	0.336094254625421	undirected	NA	NA
10288	10628	0.243305520646304	undirected	NA	NA
10288	12076	0.385744798345607	undirected	NA	NA
10288	12342	0.24807992250779	undirected	NA	NA
10288	12530	0.361612589387284	undirected	NA	NA
10288	12658	0.18692198397305	undirected	NA	NA
10288	12887	0.251647280536472	undirected	NA	NA
10288	12937	0.249279339166195	undirected	NA	NA
10288	13293	0.303723059512742	undirected	NA	NA
10288	13344	0.314637796713334	undirected	NA	NA
10288	13853	0.264427836226232	undirected	NA	NA
10288	15682	0.360973270188251	undirected	NA	NA
10617	10628	0.224099099567638	undirected	NA	NA
10617	12076	0.338830040381269	undirected	NA	NA
10617	12342	0.265524524336303	undirected	NA	NA
10617	12530	0.335086431315416	undirected	NA	NA
10617	12658	0.143626567297731	undirected	NA	NA
10617	12887	0.225005432787965	undirected	NA	NA
10617	12937	0.194113611572408	undirected	NA	NA
10617	13293	0.302893625760455	undirected	NA	NA
10617	13344	0.260517701171792	undirected	NA	NA
10617	13853	0.238911014630539	undirected	NA	NA
10617	15682	0.286139865267585	undirected	NA	NA
10628	12076	0.220708245986466	undirected	NA	NA
10628	12342	0.241942309647299	undirected	NA	NA
10628	12530	0.263148704285895	undirected	NA	NA
10628	12658	0.173201168982499	undirected	NA	NA
10628	12887	0.199162102189684	undirected	NA	NA
10628	12937	0.112303946304665	undirected	NA	NA
10628	13293	0.277395340684763	undirected	NA	NA
10628	13344	0.224456754467442	undirected	NA	NA
10628	13853	0.238587088629802	undirected	NA	NA
10628	15682	0.171328936998292	undirected	NA	NA
12076	12342	0.215529287033733	undirected	NA	NA
12076	12530	0.352908818031039	undirected	NA	NA
12076	12658	0.188918824236848	undirected	NA	NA
12076	12887	0.242107666996157	undirected	NA	NA
12076	12937	0.278385910313445	undirected	NA	NA
12076	13293	0.276614426505939	undirected	NA	NA
12076	13344	0.310375868067654	undirected	NA	NA
12076	13853	0.255039751540218	undirected	NA	NA
12076	15682	0.381629363010627	undirected	NA	NA
12342	12530	0.251143201821883	undirected	NA	NA
12342	12658	0.129216590327468	undirected	NA	NA
12342	12887	0.178929427340045	undirected	NA	NA
12342	12937	0.0837754450991514	undirected	NA	NA
12342	13293	0.279393352795408	undirected	NA	NA
12342	13344	0.196980883808688	undirected	NA	NA
12342	13853	0.200153881365166	undirected	NA	NA
12342	15682	0.141648470276218	undirected	NA	NA
12530	12658	0.178693177450999	undirected	NA	NA
12530	12887	0.257123989254506	undirected	NA	NA
12530	12937	0.165493204970697	undirected	NA	NA
12530	13293	0.294426412693847	undirected	NA	NA
12530	13344	0.27139688124422	undirected	NA	NA
12530	13853	0.264445517745854	undirected	NA	NA
12530	15682	0.262343342378096	undirected	NA	NA
12658	12887	0.174262247620067	undirected	NA	NA
12658	12937	0.0925653985487837	undirected	NA	NA
12658	13293	0.167746895345661	undirected	NA	NA
12658	13344	0.201200137718219	undirected	NA	NA
12658	13853	0.17807766148596	undirected	NA	NA
12658	15682	0.149335086583306	undirected	NA	NA
12887	12937	0.0887322789826969	undirected	NA	NA
12887	13293	0.227467755342563	undirected	NA	NA
12887	13344	0.18258245148778	undirected	NA	NA
12887	13853	0.274741890808039	undirected	NA	NA
12887	15682	0.151464101225091	undirected	NA	NA
12937	13293	0.112824153451352	undirected	NA	NA
12937	13344	0.158974965523757	undirected	NA	NA
12937	13853	0.0975710951413232	undirected	NA	NA
12937	15682	0.270595568105494	undirected	NA	NA
13293	13344	0.243018685366947	undirected	NA	NA
13293	13853	0.246691691815419	undirected	NA	NA
13293	15682	0.188969354458351	undirected	NA	NA
13344	13853	0.197161611792567	undirected	NA	NA
13344	15682	0.231427509664973	undirected	NA	NA
13853	15682	0.159209150395845	undirected	NA	NA
