fromNode	toNode	weight	direction	fromAltName	toAltName
635	1372	0.179986593782287	undirected	NA	NA
635	2951	0.031155250601007	undirected	NA	NA
635	3033	0.0332534976527287	undirected	NA	NA
635	3592	0.162571300272977	undirected	NA	NA
635	3684	0.0376573838245288	undirected	NA	NA
635	4162	0.0248317576228813	undirected	NA	NA
635	5322	0.000147186487598435	undirected	NA	NA
635	7829	0.00100890258783184	undirected	NA	NA
635	8125	0.171846497358914	undirected	NA	NA
635	9041	0.0540851521574808	undirected	NA	NA
635	9533	0.126695251544892	undirected	NA	NA
635	10074	0.0458724918372196	undirected	NA	NA
635	10906	0.178974170186972	undirected	NA	NA
635	11144	0.0102076650483915	undirected	NA	NA
635	11556	0.241826345498907	undirected	NA	NA
635	11637	0.130830208192737	undirected	NA	NA
635	14976	0.0636942111973769	undirected	NA	NA
1372	2951	0.0289040476012043	undirected	NA	NA
1372	3033	0.0322233700597258	undirected	NA	NA
1372	3592	0.144717959932459	undirected	NA	NA
1372	3684	0.0382366735763767	undirected	NA	NA
1372	4162	0.0244783679086096	undirected	NA	NA
1372	5322	0.000115041071117111	undirected	NA	NA
1372	7829	0.000754345006311385	undirected	NA	NA
1372	8125	0.16358540118467	undirected	NA	NA
1372	9041	0.0521351927247135	undirected	NA	NA
1372	9533	0.198214444003553	undirected	NA	NA
1372	10074	0.0417285108379873	undirected	NA	NA
1372	10906	0.218162061701784	undirected	NA	NA
1372	11144	0.0123541461467541	undirected	NA	NA
1372	11556	0.214465347494285	undirected	NA	NA
1372	11637	0.133993668356663	undirected	NA	NA
1372	14976	0.0637074520194781	undirected	NA	NA
2951	3033	0.688191748118244	undirected	NA	NA
2951	3592	0.206218967052376	undirected	NA	NA
2951	3684	0.702245402499647	undirected	NA	NA
2951	4162	0.611788168847871	undirected	NA	NA
2951	5322	0.0309648680818823	undirected	NA	NA
2951	7829	0.0966391031283876	undirected	NA	NA
2951	8125	0.109794465237139	undirected	NA	NA
2951	9041	0.145344609969496	undirected	NA	NA
2951	9533	0.0156897209677292	undirected	NA	NA
2951	10074	0.664722502392829	undirected	NA	NA
2951	10906	0.135735072987922	undirected	NA	NA
2951	11144	0.263682220516996	undirected	NA	NA
2951	11556	0.104972303908073	undirected	NA	NA
2951	11637	0.220064283395481	undirected	NA	NA
2951	14976	0.647953772401534	undirected	NA	NA
3033	3592	0.194928090520354	undirected	NA	NA
3033	3684	0.703618418665221	undirected	NA	NA
3033	4162	0.612508240323309	undirected	NA	NA
3033	5322	0.0294935591235715	undirected	NA	NA
3033	7829	0.0923550532214535	undirected	NA	NA
3033	8125	0.113091664944291	undirected	NA	NA
3033	9041	0.136559858662399	undirected	NA	NA
3033	9533	0.0152199529599381	undirected	NA	NA
3033	10074	0.666930697201845	undirected	NA	NA
3033	10906	0.136415354533646	undirected	NA	NA
3033	11144	0.248401117285096	undirected	NA	NA
3033	11556	0.099239077262677	undirected	NA	NA
3033	11637	0.2081823304992	undirected	NA	NA
3033	14976	0.64909357901892	undirected	NA	NA
3592	3684	0.230483689720074	undirected	NA	NA
3592	4162	0.167763064402254	undirected	NA	NA
3592	5322	0.00203453749482743	undirected	NA	NA
3592	7829	0.0114764747984401	undirected	NA	NA
3592	8125	0.151839802565921	undirected	NA	NA
3592	9041	0.100639563502872	undirected	NA	NA
3592	9533	0.123403155719706	undirected	NA	NA
3592	10074	0.222432417816639	undirected	NA	NA
3592	10906	0.29560944829286	undirected	NA	NA
3592	11144	0.0685387674309072	undirected	NA	NA
3592	11556	0.324662815714735	undirected	NA	NA
3592	11637	0.36049018433535	undirected	NA	NA
3592	14976	0.287255619310593	undirected	NA	NA
3684	4162	0.624038329059478	undirected	NA	NA
3684	5322	0.0276449778900405	undirected	NA	NA
3684	7829	0.0963654191444196	undirected	NA	NA
3684	8125	0.115390599017637	undirected	NA	NA
3684	9041	0.158446585755112	undirected	NA	NA
3684	9533	0.022724115984544	undirected	NA	NA
3684	10074	0.636371190232778	undirected	NA	NA
3684	10906	0.144657193984663	undirected	NA	NA
3684	11144	0.280276080752315	undirected	NA	NA
3684	11556	0.123193325059895	undirected	NA	NA
3684	11637	0.244144634154633	undirected	NA	NA
3684	14976	0.618269588025419	undirected	NA	NA
4162	5322	0.0349006083554183	undirected	NA	NA
4162	7829	0.0942754421694725	undirected	NA	NA
4162	8125	0.0978012815221157	undirected	NA	NA
4162	9041	0.142528968160738	undirected	NA	NA
4162	9533	0.0106679319155354	undirected	NA	NA
4162	10074	0.590876248262108	undirected	NA	NA
4162	10906	0.115265896560797	undirected	NA	NA
4162	11144	0.252524983255526	undirected	NA	NA
4162	11556	0.083416735408115	undirected	NA	NA
4162	11637	0.182830188924443	undirected	NA	NA
4162	14976	0.573318662776683	undirected	NA	NA
5322	7829	0.371608789244967	undirected	NA	NA
5322	8125	0.00141620153129601	undirected	NA	NA
5322	9041	0.00367340104094973	undirected	NA	NA
5322	9533	3.52087378146558e-05	undirected	NA	NA
5322	10074	0.0193742744564626	undirected	NA	NA
5322	10906	0.00192796844625829	undirected	NA	NA
5322	11144	0.0318205388311522	undirected	NA	NA
5322	11556	0.000814540822941116	undirected	NA	NA
5322	11637	0.0033688921914207	undirected	NA	NA
5322	14976	0.0170054582673845	undirected	NA	NA
7829	8125	0.00921769304749507	undirected	NA	NA
7829	9041	0.0156323834732002	undirected	NA	NA
7829	9533	0.000171211610735496	undirected	NA	NA
7829	10074	0.086229724461009	undirected	NA	NA
7829	10906	0.010478815110342	undirected	NA	NA
7829	11144	0.0488905037909571	undirected	NA	NA
7829	11556	0.00500807404477561	undirected	NA	NA
7829	11637	0.0146211808154549	undirected	NA	NA
7829	14976	0.0803433522709675	undirected	NA	NA
8125	9041	0.0765967613888917	undirected	NA	NA
8125	9533	0.091086702296762	undirected	NA	NA
8125	10074	0.117204567651376	undirected	NA	NA
8125	10906	0.205112413389032	undirected	NA	NA
8125	11144	0.0405946172848727	undirected	NA	NA
8125	11556	0.199834870835103	undirected	NA	NA
8125	11637	0.139754792448235	undirected	NA	NA
8125	14976	0.13280716613621	undirected	NA	NA
9041	9533	0.0270495278308465	undirected	NA	NA
9041	10074	0.153258830320905	undirected	NA	NA
9041	10906	0.0942704771562455	undirected	NA	NA
9041	11144	0.0817766965586218	undirected	NA	NA
9041	11556	0.0868304533449452	undirected	NA	NA
9041	11637	0.104040853522675	undirected	NA	NA
9041	14976	0.164941673557431	undirected	NA	NA
9533	10074	0.022216812484427	undirected	NA	NA
9533	10906	0.163863654781095	undirected	NA	NA
9533	11144	0.0100504950638831	undirected	NA	NA
9533	11556	0.140746833891582	undirected	NA	NA
9533	11637	0.121082601535397	undirected	NA	NA
9533	14976	0.043199962031009	undirected	NA	NA
10074	10906	0.142626704059273	undirected	NA	NA
10074	11144	0.250038449477729	undirected	NA	NA
10074	11556	0.124202041674798	undirected	NA	NA
10074	11637	0.234711033817142	undirected	NA	NA
10074	14976	0.593057326099715	undirected	NA	NA
10906	11144	0.0662554634722475	undirected	NA	NA
10906	11556	0.26864989379408	undirected	NA	NA
10906	11637	0.286771538745094	undirected	NA	NA
10906	14976	0.180035838472711	undirected	NA	NA
11144	11556	0.0406675189845972	undirected	NA	NA
11144	11637	0.0910321730013443	undirected	NA	NA
11144	14976	0.256480262908021	undirected	NA	NA
11556	11637	0.290695674442533	undirected	NA	NA
11556	14976	0.174301188931133	undirected	NA	NA
11637	14976	0.295747373681584	undirected	NA	NA
