fromNode	toNode	weight	direction	fromAltName	toAltName
577	915	0.00457484504194816	undirected	NA	NA
577	1137	0.329398900004278	undirected	NA	NA
577	1382	0.211268063758534	undirected	NA	NA
577	1594	0.184066058108058	undirected	NA	NA
577	1742	0.0669941918427781	undirected	NA	NA
577	1747	0.0358196582637699	undirected	NA	NA
577	2562	0.0793901387077142	undirected	NA	NA
577	2787	0.0460263908012697	undirected	NA	NA
577	4175	0.252636295180405	undirected	NA	NA
577	4484	0.237707085275111	undirected	NA	NA
577	5099	0.0373328372382574	undirected	NA	NA
577	5893	0.0458328871461059	undirected	NA	NA
577	6733	0.0868709006921428	undirected	NA	NA
577	6841	0.0106524344284714	undirected	NA	NA
577	7426	0.379660815970626	undirected	NA	NA
577	7607	0.293784531101825	undirected	NA	NA
577	10388	0.404832006087536	undirected	NA	NA
577	10417	0.131665001532625	undirected	NA	NA
577	11215	0.0544660471629919	undirected	NA	NA
577	12078	0.0163708465603397	undirected	NA	NA
577	12131	0.0678007189477267	undirected	NA	NA
577	13476	0.10958849299909	undirected	NA	NA
577	15500	0.196959017317843	undirected	NA	NA
577	15583	0.16490315520344	undirected	NA	NA
577	15589	0.276872240128342	undirected	NA	NA
577	15677	0.0196277312618764	undirected	NA	NA
915	1137	0.00118767661631953	undirected	NA	NA
915	1382	0.00024824029102271	undirected	NA	NA
915	1594	0.000136503081537245	undirected	NA	NA
915	1742	6.96412293141611e-05	undirected	NA	NA
915	1747	1.77668843286288e-05	undirected	NA	NA
915	2562	3.88967327955544e-05	undirected	NA	NA
915	2787	6.82886883025209e-05	undirected	NA	NA
915	4175	0.00185019289026335	undirected	NA	NA
915	4484	0.000265440559444734	undirected	NA	NA
915	5099	1.0762428832053e-05	undirected	NA	NA
915	5893	8.48792610864913e-05	undirected	NA	NA
915	6733	0.000162537657386159	undirected	NA	NA
915	6841	0.292812378892031	undirected	NA	NA
915	7426	0.000747923783055727	undirected	NA	NA
915	7607	0.00113480452859103	undirected	NA	NA
915	10388	0.00110510663100141	undirected	NA	NA
915	10417	4.41537955910319e-05	undirected	NA	NA
915	11215	0.0329951061039612	undirected	NA	NA
915	12078	0.103875127091002	undirected	NA	NA
915	12131	4.41397578276297e-05	undirected	NA	NA
915	13476	4.40283692393933e-05	undirected	NA	NA
915	15500	0.000140842170684331	undirected	NA	NA
915	15583	7.47007118418621e-05	undirected	NA	NA
915	15589	0.000318768518974776	undirected	NA	NA
915	15677	0.0585812434852267	undirected	NA	NA
1137	1382	0.168066926375172	undirected	NA	NA
1137	1594	0.218436963851793	undirected	NA	NA
1137	1742	0.0459175125819538	undirected	NA	NA
1137	1747	0.0254753842904887	undirected	NA	NA
1137	2562	0.0662615449182002	undirected	NA	NA
1137	2787	0.0408452279568903	undirected	NA	NA
1137	4175	0.320893634838714	undirected	NA	NA
1137	4484	0.252366542901573	undirected	NA	NA
1137	5099	0.0499441550779969	undirected	NA	NA
1137	5893	0.047350634940582	undirected	NA	NA
1137	6733	0.0754153332716898	undirected	NA	NA
1137	6841	0.00729133578788105	undirected	NA	NA
1137	7426	0.300352442508181	undirected	NA	NA
1137	7607	0.285335278796942	undirected	NA	NA
1137	10388	0.31896235912681	undirected	NA	NA
1137	10417	0.162268249253295	undirected	NA	NA
1137	11215	0.0605311722751542	undirected	NA	NA
1137	12078	0.0179321309926304	undirected	NA	NA
1137	12131	0.0425674692654531	undirected	NA	NA
1137	13476	0.151182180954324	undirected	NA	NA
1137	15500	0.227360677709013	undirected	NA	NA
1137	15583	0.187525439469357	undirected	NA	NA
1137	15589	0.234590256748013	undirected	NA	NA
1137	15677	0.0290935432465042	undirected	NA	NA
1382	1594	0.151512206390329	undirected	NA	NA
1382	1742	0.223761765731908	undirected	NA	NA
1382	1747	0.185569896108727	undirected	NA	NA
1382	2562	0.272205942181905	undirected	NA	NA
1382	2787	0.121501296821945	undirected	NA	NA
1382	4175	0.119868270723804	undirected	NA	NA
1382	4484	0.169824362174834	undirected	NA	NA
1382	5099	0.0901495935827798	undirected	NA	NA
1382	5893	0.15328258163692	undirected	NA	NA
1382	6733	0.159171135374826	undirected	NA	NA
1382	6841	0.00146463248604079	undirected	NA	NA
1382	7426	0.321958278030119	undirected	NA	NA
1382	7607	0.161244650441133	undirected	NA	NA
1382	10388	0.250029469239929	undirected	NA	NA
1382	10417	0.243052892318159	undirected	NA	NA
1382	11215	0.00648676609101197	undirected	NA	NA
1382	12078	0.00110634089674491	undirected	NA	NA
1382	12131	0.223875803507523	undirected	NA	NA
1382	13476	0.224795561067648	undirected	NA	NA
1382	15500	0.216941006544656	undirected	NA	NA
1382	15583	0.268898484883803	undirected	NA	NA
1382	15589	0.3254599326976	undirected	NA	NA
1382	15677	0.00207646950977198	undirected	NA	NA
1594	1742	0.0384135122133445	undirected	NA	NA
1594	1747	0.0268355924663364	undirected	NA	NA
1594	2562	0.0843848968755578	undirected	NA	NA
1594	2787	0.0306556038624758	undirected	NA	NA
1594	4175	0.232202112982219	undirected	NA	NA
1594	4484	0.255529829756357	undirected	NA	NA
1594	5099	0.067762878599833	undirected	NA	NA
1594	5893	0.0351749026491561	undirected	NA	NA
1594	6733	0.0525897668593482	undirected	NA	NA
1594	6841	0.00161420468505731	undirected	NA	NA
1594	7426	0.221151912594351	undirected	NA	NA
1594	7607	0.205399559681123	undirected	NA	NA
1594	10388	0.221403960369974	undirected	NA	NA
1594	10417	0.248749798497143	undirected	NA	NA
1594	11215	0.0387422721996864	undirected	NA	NA
1594	12078	0.00678469762578314	undirected	NA	NA
1594	12131	0.0384946801055993	undirected	NA	NA
1594	13476	0.239107015848283	undirected	NA	NA
1594	15500	0.282995890112531	undirected	NA	NA
1594	15583	0.265780004586837	undirected	NA	NA
1594	15589	0.228392950511466	undirected	NA	NA
1594	15677	0.0140708978103064	undirected	NA	NA
1742	1747	0.309953493926702	undirected	NA	NA
1742	2562	0.291587017502498	undirected	NA	NA
1742	2787	0.0581609773588397	undirected	NA	NA
1742	4175	0.0342343697136658	undirected	NA	NA
1742	4484	0.0510500586227843	undirected	NA	NA
1742	5099	0.0337732697315458	undirected	NA	NA
1742	5893	0.265969427185758	undirected	NA	NA
1742	6733	0.114658367532285	undirected	NA	NA
1742	6841	0.000242010939322938	undirected	NA	NA
1742	7426	0.121188498987247	undirected	NA	NA
1742	7607	0.057030959126874	undirected	NA	NA
1742	10388	0.0782268408288385	undirected	NA	NA
1742	10417	0.0917717304768569	undirected	NA	NA
1742	11215	0.000711502035759394	undirected	NA	NA
1742	12078	0.000138697020046529	undirected	NA	NA
1742	12131	0.291406298423447	undirected	NA	NA
1742	13476	0.0866996261414854	undirected	NA	NA
1742	15500	0.0520300763098574	undirected	NA	NA
1742	15583	0.0928920691434346	undirected	NA	NA
1742	15589	0.125759269245032	undirected	NA	NA
1742	15677	0.000290369635854426	undirected	NA	NA
1747	2562	0.254968035064002	undirected	NA	NA
1747	2787	0.0219562650053684	undirected	NA	NA
1747	4175	0.0237537391652462	undirected	NA	NA
1747	4484	0.0370427524047156	undirected	NA	NA
1747	5099	0.0148780316699771	undirected	NA	NA
1747	5893	0.237426947562602	undirected	NA	NA
1747	6733	0.0634106949725217	undirected	NA	NA
1747	6841	8.93348370715607e-05	undirected	NA	NA
1747	7426	0.0876516198356662	undirected	NA	NA
1747	7607	0.0325605899682206	undirected	NA	NA
1747	10388	0.0464186617133876	undirected	NA	NA
1747	10417	0.0914036064502329	undirected	NA	NA
1747	11215	0.000363583526670176	undirected	NA	NA
1747	12078	6.46621772734169e-05	undirected	NA	NA
1747	12131	0.268138687248744	undirected	NA	NA
1747	13476	0.085719007864856	undirected	NA	NA
1747	15500	0.0416218503035673	undirected	NA	NA
1747	15583	0.0915753093273923	undirected	NA	NA
1747	15589	0.103921399701704	undirected	NA	NA
1747	15677	0.000151696694648429	undirected	NA	NA
2562	2787	0.0451343257369229	undirected	NA	NA
2562	4175	0.0524833644363032	undirected	NA	NA
2562	4484	0.0934838620345858	undirected	NA	NA
2562	5099	0.0404494554771657	undirected	NA	NA
2562	5893	0.204650504884929	undirected	NA	NA
2562	6733	0.096569532745148	undirected	NA	NA
2562	6841	0.000253992048348641	undirected	NA	NA
2562	7426	0.181612718615047	undirected	NA	NA
2562	7607	0.0678080208713278	undirected	NA	NA
2562	10388	0.110826279111729	undirected	NA	NA
2562	10417	0.206599072318493	undirected	NA	NA
2562	11215	0.00138865234420968	undirected	NA	NA
2562	12078	0.000214188200885007	undirected	NA	NA
2562	12131	0.261852967042282	undirected	NA	NA
2562	13476	0.188597927789237	undirected	NA	NA
2562	15500	0.134843198577034	undirected	NA	NA
2562	15583	0.214847898122878	undirected	NA	NA
2562	15589	0.219264165993572	undirected	NA	NA
2562	15677	0.000449444764540693	undirected	NA	NA
2787	4175	0.021857126266633	undirected	NA	NA
2787	4484	0.0311443085301531	undirected	NA	NA
2787	5099	0.150611183983963	undirected	NA	NA
2787	5893	0.0248620850278344	undirected	NA	NA
2787	6733	0.197561752661754	undirected	NA	NA
2787	6841	0.000250574557547105	undirected	NA	NA
2787	7426	0.105350608836435	undirected	NA	NA
2787	7607	0.0387031728618926	undirected	NA	NA
2787	10388	0.0782988478444809	undirected	NA	NA
2787	10417	0.0537635657601261	undirected	NA	NA
2787	11215	0.00190495253219967	undirected	NA	NA
2787	12078	0.000322793534078377	undirected	NA	NA
2787	12131	0.0836676906397646	undirected	NA	NA
2787	13476	0.0367890938830881	undirected	NA	NA
2787	15500	0.0677708883159939	undirected	NA	NA
2787	15583	0.0625886021899277	undirected	NA	NA
2787	15589	0.104944649358402	undirected	NA	NA
2787	15677	0.00023472800076597	undirected	NA	NA
4175	4484	0.292983261960946	undirected	NA	NA
4175	5099	0.0275189088067732	undirected	NA	NA
4175	5893	0.0423022636492906	undirected	NA	NA
4175	6733	0.0432715039378831	undirected	NA	NA
4175	6841	0.00890728597033219	undirected	NA	NA
4175	7426	0.220101269605165	undirected	NA	NA
4175	7607	0.293078929137611	undirected	NA	NA
4175	10388	0.270764477949005	undirected	NA	NA
4175	10417	0.118857687768006	undirected	NA	NA
4175	11215	0.0541420848637683	undirected	NA	NA
4175	12078	0.0186999947181897	undirected	NA	NA
4175	12131	0.0288248706264385	undirected	NA	NA
4175	13476	0.116992629579566	undirected	NA	NA
4175	15500	0.157499015161053	undirected	NA	NA
4175	15583	0.137484272353069	undirected	NA	NA
4175	15589	0.168900981455547	undirected	NA	NA
4175	15677	0.0367288311349225	undirected	NA	NA
4484	5099	0.058609710031296	undirected	NA	NA
4484	5893	0.0539277555957922	undirected	NA	NA
4484	6733	0.0603889259383004	undirected	NA	NA
4484	6841	0.0025754485670139	undirected	NA	NA
4484	7426	0.257212840754377	undirected	NA	NA
4484	7607	0.250362421340488	undirected	NA	NA
4484	10388	0.260020068254384	undirected	NA	NA
4484	10417	0.236676728589491	undirected	NA	NA
4484	11215	0.0402114951928455	undirected	NA	NA
4484	12078	0.00852655650088895	undirected	NA	NA
4484	12131	0.0477474987512178	undirected	NA	NA
4484	13476	0.227917207573488	undirected	NA	NA
4484	15500	0.264496278355681	undirected	NA	NA
4484	15583	0.255209606875913	undirected	NA	NA
4484	15589	0.239838228540173	undirected	NA	NA
4484	15677	0.0190980750101826	undirected	NA	NA
5099	5893	0.014571650403862	undirected	NA	NA
5099	6733	0.108787968830082	undirected	NA	NA
5099	6841	0.000117842258560662	undirected	NA	NA
5099	7426	0.0898603973550928	undirected	NA	NA
5099	7607	0.0419873803476424	undirected	NA	NA
5099	10388	0.0710128355393887	undirected	NA	NA
5099	10417	0.0908248032170478	undirected	NA	NA
5099	11215	0.00200544248450023	undirected	NA	NA
5099	12078	0.000253972025988351	undirected	NA	NA
5099	12131	0.0508249728184923	undirected	NA	NA
5099	13476	0.0713867017752932	undirected	NA	NA
5099	15500	0.0969653106838323	undirected	NA	NA
5099	15583	0.0984451045171752	undirected	NA	NA
5099	15589	0.103622672687613	undirected	NA	NA
5099	15677	0.000251616273548235	undirected	NA	NA
5893	6733	0.0712114776720874	undirected	NA	NA
5893	6841	0.000257446217552844	undirected	NA	NA
5893	7426	0.0898731555719871	undirected	NA	NA
5893	7607	0.0600310545658718	undirected	NA	NA
5893	10388	0.0651619410819009	undirected	NA	NA
5893	10417	0.0603317750816096	undirected	NA	NA
5893	11215	0.000941039868121323	undirected	NA	NA
5893	12078	0.000206648744932779	undirected	NA	NA
5893	12131	0.242868101961552	undirected	NA	NA
5893	13476	0.053283225091622	undirected	NA	NA
5893	15500	0.0325834016139696	undirected	NA	NA
5893	15583	0.0623379123090307	undirected	NA	NA
5893	15589	0.0826129485112214	undirected	NA	NA
5893	15677	0.000489841669736184	undirected	NA	NA
6733	6841	0.000537347514580026	undirected	NA	NA
6733	7426	0.145844977713802	undirected	NA	NA
6733	7607	0.0799455219116119	undirected	NA	NA
6733	10388	0.12081610209645	undirected	NA	NA
6733	10417	0.0733284820963276	undirected	NA	NA
6733	11215	0.00205739336864554	undirected	NA	NA
6733	12078	0.000409656962568227	undirected	NA	NA
6733	12131	0.135856263801425	undirected	NA	NA
6733	13476	0.0570283602552961	undirected	NA	NA
6733	15500	0.0759274319768028	undirected	NA	NA
6733	15583	0.0835580834186488	undirected	NA	NA
6733	15589	0.131172506645108	undirected	NA	NA
6733	15677	0.00046137317930811	undirected	NA	NA
6841	7426	0.00504919306905577	undirected	NA	NA
6841	7607	0.00536992086284465	undirected	NA	NA
6841	10388	0.00699775374908105	undirected	NA	NA
6841	10417	0.000432957518652888	undirected	NA	NA
6841	11215	0.103950805931235	undirected	NA	NA
6841	12078	0.189710373575034	undirected	NA	NA
6841	12131	0.000165988777626196	undirected	NA	NA
6841	13476	0.000425267573563593	undirected	NA	NA
6841	15500	0.00165020269857357	undirected	NA	NA
6841	15583	0.000724494420491491	undirected	NA	NA
6841	15589	0.002546783012031	undirected	NA	NA
6841	15677	0.129835718819316	undirected	NA	NA
7426	7607	0.273640268100675	undirected	NA	NA
7426	10388	0.35650238684376	undirected	NA	NA
7426	10417	0.244158845342417	undirected	NA	NA
7426	11215	0.0273430982167479	undirected	NA	NA
7426	12078	0.00607599576821952	undirected	NA	NA
7426	12131	0.107905173954305	undirected	NA	NA
7426	13476	0.230150253033604	undirected	NA	NA
7426	15500	0.257385772754869	undirected	NA	NA
7426	15583	0.273434246563736	undirected	NA	NA
7426	15589	0.369143534092373	undirected	NA	NA
7426	15677	0.0107603292083641	undirected	NA	NA
7607	10388	0.287940376909158	undirected	NA	NA
7607	10417	0.13734385667002	undirected	NA	NA
7607	11215	0.0372607641555184	undirected	NA	NA
7607	12078	0.0119800578347423	undirected	NA	NA
7607	12131	0.0527409024950668	undirected	NA	NA
7607	13476	0.126587221740003	undirected	NA	NA
7607	15500	0.180335071239554	undirected	NA	NA
7607	15583	0.158249213557722	undirected	NA	NA
7607	15589	0.206383166049368	undirected	NA	NA
7607	15677	0.0195220652368212	undirected	NA	NA
10388	10417	0.192060471656811	undirected	NA	NA
10388	11215	0.0456380082468895	undirected	NA	NA
10388	12078	0.0119897858086564	undirected	NA	NA
10388	12131	0.071900343294822	undirected	NA	NA
10388	13476	0.177426314455988	undirected	NA	NA
10388	15500	0.246116283923948	undirected	NA	NA
10388	15583	0.222339051935756	undirected	NA	NA
10388	15589	0.313852911965266	undirected	NA	NA
10388	15677	0.019094350677361	undirected	NA	NA
10417	11215	0.00696900965034573	undirected	NA	NA
10417	12078	0.000831715833771307	undirected	NA	NA
10417	12131	0.0968202025452181	undirected	NA	NA
10417	13476	0.363861764113429	undirected	NA	NA
10417	15500	0.296364819756423	undirected	NA	NA
10417	15583	0.375070810431677	undirected	NA	NA
10417	15589	0.304843200288304	undirected	NA	NA
10417	15677	0.00228270196569818	undirected	NA	NA
11215	12078	0.163557603629511	undirected	NA	NA
11215	12131	0.00059851816104927	undirected	NA	NA
11215	13476	0.00825075765726256	undirected	NA	NA
11215	15500	0.0258363228830493	undirected	NA	NA
11215	15583	0.00994780767459974	undirected	NA	NA
11215	15589	0.0165258353375798	undirected	NA	NA
11215	15677	0.243189149885591	undirected	NA	NA
12078	12131	0.000113507023123793	undirected	NA	NA
12078	13476	0.000950054911565498	undirected	NA	NA
12078	15500	0.00381169295741002	undirected	NA	NA
12078	15583	0.00130591286850057	undirected	NA	NA
12078	15589	0.00278361033768945	undirected	NA	NA
12078	15677	0.244769552430101	undirected	NA	NA
12131	13476	0.0883133799413501	undirected	NA	NA
12131	15500	0.0548340088887974	undirected	NA	NA
12131	15583	0.0976835067163807	undirected	NA	NA
12131	15589	0.13092708598284	undirected	NA	NA
12131	15677	0.000215921231900116	undirected	NA	NA
13476	15500	0.293134933176968	undirected	NA	NA
13476	15583	0.381438557093629	undirected	NA	NA
13476	15589	0.297069771913958	undirected	NA	NA
13476	15677	0.00281975571437712	undirected	NA	NA
15500	15583	0.314195874104948	undirected	NA	NA
15500	15589	0.298847887099954	undirected	NA	NA
15500	15677	0.00769743301845016	undirected	NA	NA
15583	15589	0.334691231604465	undirected	NA	NA
15583	15677	0.00340442739158411	undirected	NA	NA
15589	15677	0.00542216372748569	undirected	NA	NA
