fromNode	toNode	weight	direction	fromAltName	toAltName
54	3247	0.156313257852288	undirected	NA	NA
54	3564	0.279964932491272	undirected	NA	NA
54	4053	0.247753140617118	undirected	NA	NA
54	4101	0.161603559553888	undirected	NA	NA
54	4614	0.222962079501097	undirected	NA	NA
54	5746	0.17206445159784	undirected	NA	NA
54	6414	0.196837372403099	undirected	NA	NA
54	7089	0.2236924191345	undirected	NA	NA
54	7136	0.126232935373579	undirected	NA	NA
54	7882	0.265164109759222	undirected	NA	NA
54	9035	0.193591096770811	undirected	NA	NA
54	10050	0.226502011700625	undirected	NA	NA
54	11056	0.252802342497099	undirected	NA	NA
54	11300	0.152624133988986	undirected	NA	NA
54	12123	0.239221094626583	undirected	NA	NA
54	12224	0.198116029142502	undirected	NA	NA
54	12450	0.194352029391636	undirected	NA	NA
54	13087	0.158006789419074	undirected	NA	NA
54	15292	0.262946911835095	undirected	NA	NA
3247	3564	0.204318017572844	undirected	NA	NA
3247	4053	0.249499596635438	undirected	NA	NA
3247	4101	0.248899449306853	undirected	NA	NA
3247	4614	0.208568994285284	undirected	NA	NA
3247	5746	0.277933183939383	undirected	NA	NA
3247	6414	0.256654134351368	undirected	NA	NA
3247	7089	0.176396442818424	undirected	NA	NA
3247	7136	0.225156538685923	undirected	NA	NA
3247	7882	0.23857532963237	undirected	NA	NA
3247	9035	0.253687672789594	undirected	NA	NA
3247	10050	0.1961176203759	undirected	NA	NA
3247	11056	0.212136584976381	undirected	NA	NA
3247	11300	0.22482789111123	undirected	NA	NA
3247	12123	0.159256410338554	undirected	NA	NA
3247	12224	0.182544942265489	undirected	NA	NA
3247	12450	0.289750722688906	undirected	NA	NA
3247	13087	0.198382792586311	undirected	NA	NA
3247	15292	0.240894495304894	undirected	NA	NA
3564	4053	0.262217859430088	undirected	NA	NA
3564	4101	0.165601689009478	undirected	NA	NA
3564	4614	0.223264661191381	undirected	NA	NA
3564	5746	0.179110621081845	undirected	NA	NA
3564	6414	0.191376924686234	undirected	NA	NA
3564	7089	0.219099089488336	undirected	NA	NA
3564	7136	0.138567244689946	undirected	NA	NA
3564	7882	0.291361821547855	undirected	NA	NA
3564	9035	0.18068121936624	undirected	NA	NA
3564	10050	0.260541715218832	undirected	NA	NA
3564	11056	0.224371508106817	undirected	NA	NA
3564	11300	0.185974058769616	undirected	NA	NA
3564	12123	0.248377740051257	undirected	NA	NA
3564	12224	0.194267102112161	undirected	NA	NA
3564	12450	0.201517015443893	undirected	NA	NA
3564	13087	0.195616076300893	undirected	NA	NA
3564	15292	0.291436001937388	undirected	NA	NA
4053	4101	0.139779822826042	undirected	NA	NA
4053	4614	0.249296972930861	undirected	NA	NA
4053	5746	0.148489138341452	undirected	NA	NA
4053	6414	0.224149755934487	undirected	NA	NA
4053	7089	0.26627254143148	undirected	NA	NA
4053	7136	0.130988723387664	undirected	NA	NA
4053	7882	0.262977977454118	undirected	NA	NA
4053	9035	0.211360416493086	undirected	NA	NA
4053	10050	0.275095054786537	undirected	NA	NA
4053	11056	0.150882628764899	undirected	NA	NA
4053	11300	0.201713822175931	undirected	NA	NA
4053	12123	0.222112781565703	undirected	NA	NA
4053	12224	0.237713120986566	undirected	NA	NA
4053	12450	0.162615110181165	undirected	NA	NA
4053	13087	0.243601983708706	undirected	NA	NA
4053	15292	0.258508838540543	undirected	NA	NA
4101	4614	0.172725496669782	undirected	NA	NA
4101	5746	0.251694068096799	undirected	NA	NA
4101	6414	0.228546387026493	undirected	NA	NA
4101	7089	0.21643643792125	undirected	NA	NA
4101	7136	0.212483136772528	undirected	NA	NA
4101	7882	0.226658993110539	undirected	NA	NA
4101	9035	0.211240856874646	undirected	NA	NA
4101	10050	0.218409939955755	undirected	NA	NA
4101	11056	0.247134745155016	undirected	NA	NA
4101	11300	0.247352434950442	undirected	NA	NA
4101	12123	0.21802188114614	undirected	NA	NA
4101	12224	0.195852011239586	undirected	NA	NA
4101	12450	0.260203257210497	undirected	NA	NA
4101	13087	0.265856011457661	undirected	NA	NA
4101	15292	0.228581134955465	undirected	NA	NA
4614	5746	0.211711326486923	undirected	NA	NA
4614	6414	0.227612381968173	undirected	NA	NA
4614	7089	0.184972999453893	undirected	NA	NA
4614	7136	0.144131244496477	undirected	NA	NA
4614	7882	0.286828549127592	undirected	NA	NA
4614	9035	0.232707845484055	undirected	NA	NA
4614	10050	0.245917888707005	undirected	NA	NA
4614	11056	0.229199697543771	undirected	NA	NA
4614	11300	0.184205360635098	undirected	NA	NA
4614	12123	0.198858703565558	undirected	NA	NA
4614	12224	0.170328235609266	undirected	NA	NA
4614	12450	0.234445098820909	undirected	NA	NA
4614	13087	0.180708680466265	undirected	NA	NA
4614	15292	0.284002171400986	undirected	NA	NA
5746	6414	0.260467348614032	undirected	NA	NA
5746	7089	0.22007767429822	undirected	NA	NA
5746	7136	0.234050802045133	undirected	NA	NA
5746	7882	0.24654754083054	undirected	NA	NA
5746	9035	0.258166220276931	undirected	NA	NA
5746	10050	0.237239888102433	undirected	NA	NA
5746	11056	0.235155753329374	undirected	NA	NA
5746	11300	0.226787765668476	undirected	NA	NA
5746	12123	0.204563497201888	undirected	NA	NA
5746	12224	0.198364768089992	undirected	NA	NA
5746	12450	0.248118930291313	undirected	NA	NA
5746	13087	0.242033163972416	undirected	NA	NA
5746	15292	0.246593572530996	undirected	NA	NA
6414	7089	0.193470670055286	undirected	NA	NA
6414	7136	0.217145720398913	undirected	NA	NA
6414	7882	0.273212185239568	undirected	NA	NA
6414	9035	0.190099677848673	undirected	NA	NA
6414	10050	0.243282865123187	undirected	NA	NA
6414	11056	0.189811420752883	undirected	NA	NA
6414	11300	0.254064622248632	undirected	NA	NA
6414	12123	0.179185007629283	undirected	NA	NA
6414	12224	0.190151302853592	undirected	NA	NA
6414	12450	0.273923548194384	undirected	NA	NA
6414	13087	0.240849882475969	undirected	NA	NA
6414	15292	0.275563121940224	undirected	NA	NA
7089	7136	0.176493063654737	undirected	NA	NA
7089	7882	0.272377900940978	undirected	NA	NA
7089	9035	0.182442697608796	undirected	NA	NA
7089	10050	0.25007268765362	undirected	NA	NA
7089	11056	0.271399566655155	undirected	NA	NA
7089	11300	0.189756711325187	undirected	NA	NA
7089	12123	0.250654815199157	undirected	NA	NA
7089	12224	0.163686690794373	undirected	NA	NA
7089	12450	0.236733308570738	undirected	NA	NA
7089	13087	0.207849414980924	undirected	NA	NA
7089	15292	0.264242937249069	undirected	NA	NA
7136	7882	0.185436806649919	undirected	NA	NA
7136	9035	0.1951125564503	undirected	NA	NA
7136	10050	0.177995664649486	undirected	NA	NA
7136	11056	0.194934534215103	undirected	NA	NA
7136	11300	0.237204815230367	undirected	NA	NA
7136	12123	0.171088004654513	undirected	NA	NA
7136	12224	0.178804111451336	undirected	NA	NA
7136	12450	0.23697134507999	undirected	NA	NA
7136	13087	0.245705730476763	undirected	NA	NA
7136	15292	0.189053975767146	undirected	NA	NA
7882	9035	0.279396713056256	undirected	NA	NA
7882	10050	0.269546369445807	undirected	NA	NA
7882	11056	0.261715993785598	undirected	NA	NA
7882	11300	0.184101688700606	undirected	NA	NA
7882	12123	0.22208622850881	undirected	NA	NA
7882	12224	0.22751171551521	undirected	NA	NA
7882	12450	0.264390165449949	undirected	NA	NA
7882	13087	0.171752455002928	undirected	NA	NA
7882	15292	0.246681953640579	undirected	NA	NA
9035	10050	0.242237763856492	undirected	NA	NA
9035	11056	0.196773172625267	undirected	NA	NA
9035	11300	0.237089003145377	undirected	NA	NA
9035	12123	0.170609759903781	undirected	NA	NA
9035	12224	0.175150096120399	undirected	NA	NA
9035	12450	0.275129365188657	undirected	NA	NA
9035	13087	0.22044835289932	undirected	NA	NA
9035	15292	0.280816936617824	undirected	NA	NA
10050	11056	0.269938310553057	undirected	NA	NA
10050	11300	0.188297205504431	undirected	NA	NA
10050	12123	0.219508665826233	undirected	NA	NA
10050	12224	0.197163518434548	undirected	NA	NA
10050	12450	0.255689323963301	undirected	NA	NA
10050	13087	0.189693519370472	undirected	NA	NA
10050	15292	0.264125530747254	undirected	NA	NA
11056	11300	0.148687767142232	undirected	NA	NA
11056	12123	0.274968160229105	undirected	NA	NA
11056	12224	0.17643205789204	undirected	NA	NA
11056	12450	0.244071201082603	undirected	NA	NA
11056	13087	0.1706975178346	undirected	NA	NA
11056	15292	0.2519137764266	undirected	NA	NA
11300	12123	0.158313895263678	undirected	NA	NA
11300	12224	0.201516915875039	undirected	NA	NA
11300	12450	0.220700109535801	undirected	NA	NA
11300	13087	0.184349134999069	undirected	NA	NA
11300	15292	0.185315594235943	undirected	NA	NA
12123	12224	0.183157714092918	undirected	NA	NA
12123	12450	0.21937176457932	undirected	NA	NA
12123	13087	0.163051963908083	undirected	NA	NA
12123	15292	0.218317745658713	undirected	NA	NA
12224	12450	0.212905486462447	undirected	NA	NA
12224	13087	0.188803203979389	undirected	NA	NA
12224	15292	0.233105818831694	undirected	NA	NA
12450	13087	0.239018393229701	undirected	NA	NA
12450	15292	0.26383140422108	undirected	NA	NA
13087	15292	0.168710435702474	undirected	NA	NA
