fromNode	toNode	weight	direction	fromAltName	toAltName
123	206	0.0671493936872447	undirected	NA	NA
123	2474	0.103233905606463	undirected	NA	NA
123	2936	0.0340691929489972	undirected	NA	NA
123	3818	0.062323392877694	undirected	NA	NA
123	4747	0.166279420821492	undirected	NA	NA
123	5190	0.165632229518308	undirected	NA	NA
123	5762	0.0199420923377454	undirected	NA	NA
123	5855	0.165455814163272	undirected	NA	NA
123	7606	0.0577928719411162	undirected	NA	NA
123	8333	0.0691249165996937	undirected	NA	NA
123	8879	0.218984089234999	undirected	NA	NA
123	8932	0.102344262243235	undirected	NA	NA
123	9166	0.119244258614497	undirected	NA	NA
123	9511	0.0109422708085237	undirected	NA	NA
123	9683	0.119327257495318	undirected	NA	NA
123	12826	0.0897774345543175	undirected	NA	NA
123	15475	0.0549713425038381	undirected	NA	NA
206	2474	0.158848181177034	undirected	NA	NA
206	2936	0.0300806083799418	undirected	NA	NA
206	3818	0.0725774609951991	undirected	NA	NA
206	4747	0.0599133693876539	undirected	NA	NA
206	5190	0.129081461216097	undirected	NA	NA
206	5762	0.0616889766629673	undirected	NA	NA
206	5855	0.0632384122691925	undirected	NA	NA
206	7606	0.173684626514954	undirected	NA	NA
206	8333	0.16239237929278	undirected	NA	NA
206	8879	0.0729703423535338	undirected	NA	NA
206	8932	0.220581117696269	undirected	NA	NA
206	9166	0.0412810709029651	undirected	NA	NA
206	9511	0.0147970202875781	undirected	NA	NA
206	9683	0.0907812149440078	undirected	NA	NA
206	12826	0.219476529849338	undirected	NA	NA
206	15475	0.272813261265818	undirected	NA	NA
2474	2936	0.0151049899244759	undirected	NA	NA
2474	3818	0.042578937966855	undirected	NA	NA
2474	4747	0.118895617216899	undirected	NA	NA
2474	5190	0.210498458717197	undirected	NA	NA
2474	5762	0.0156454820545956	undirected	NA	NA
2474	5855	0.154840104536286	undirected	NA	NA
2474	7606	0.0700471153028168	undirected	NA	NA
2474	8333	0.0728071539190138	undirected	NA	NA
2474	8879	0.19699124478627	undirected	NA	NA
2474	8932	0.148099563338955	undirected	NA	NA
2474	9166	0.109703906893918	undirected	NA	NA
2474	9511	0.00371804764819953	undirected	NA	NA
2474	9683	0.0974752419893387	undirected	NA	NA
2474	12826	0.18825281649288	undirected	NA	NA
2474	15475	0.132603616956622	undirected	NA	NA
2936	3818	0.244183969056248	undirected	NA	NA
2936	4747	0.0420021726051789	undirected	NA	NA
2936	5190	0.0544196385722947	undirected	NA	NA
2936	5762	0.181294393097521	undirected	NA	NA
2936	5855	0.045336279536119	undirected	NA	NA
2936	7606	0.140247168326532	undirected	NA	NA
2936	8333	0.195201015321649	undirected	NA	NA
2936	8879	0.00855445760200167	undirected	NA	NA
2936	8932	0.100980986254748	undirected	NA	NA
2936	9166	0.0257157800320775	undirected	NA	NA
2936	9511	0.312701534106367	undirected	NA	NA
2936	9683	0.084606493188755	undirected	NA	NA
2936	12826	0.038806673685972	undirected	NA	NA
2936	15475	0.0396824489273988	undirected	NA	NA
3818	4747	0.0794161338066808	undirected	NA	NA
3818	5190	0.123613748822749	undirected	NA	NA
3818	5762	0.149309420938315	undirected	NA	NA
3818	5855	0.0803392603099807	undirected	NA	NA
3818	7606	0.185603301676729	undirected	NA	NA
3818	8333	0.228634904773754	undirected	NA	NA
3818	8879	0.0228449111056728	undirected	NA	NA
3818	8932	0.184898180939594	undirected	NA	NA
3818	9166	0.0509908307884998	undirected	NA	NA
3818	9511	0.211388872615828	undirected	NA	NA
3818	9683	0.104081934433664	undirected	NA	NA
3818	12826	0.0960867842485599	undirected	NA	NA
3818	15475	0.0998942128244242	undirected	NA	NA
4747	5190	0.165732656832843	undirected	NA	NA
4747	5762	0.0236775922038249	undirected	NA	NA
4747	5855	0.113136984494428	undirected	NA	NA
4747	7606	0.0678616805980596	undirected	NA	NA
4747	8333	0.080568692556765	undirected	NA	NA
4747	8879	0.217095768405569	undirected	NA	NA
4747	8932	0.108724860197853	undirected	NA	NA
4747	9166	0.0701072929202856	undirected	NA	NA
4747	9511	0.0162474575412775	undirected	NA	NA
4747	9683	0.0844660498963828	undirected	NA	NA
4747	12826	0.0812886324301239	undirected	NA	NA
4747	15475	0.0611978466635616	undirected	NA	NA
5190	5762	0.056183308178899	undirected	NA	NA
5190	5855	0.126704875710438	undirected	NA	NA
5190	7606	0.214583165750423	undirected	NA	NA
5190	8333	0.178567305875134	undirected	NA	NA
5190	8879	0.176938652155211	undirected	NA	NA
5190	8932	0.227849126738677	undirected	NA	NA
5190	9166	0.108683051309344	undirected	NA	NA
5190	9511	0.0222593398723973	undirected	NA	NA
5190	9683	0.0924473587002545	undirected	NA	NA
5190	12826	0.179282830392933	undirected	NA	NA
5190	15475	0.221639983555128	undirected	NA	NA
5762	5855	0.0419939220142588	undirected	NA	NA
5762	7606	0.132195970013603	undirected	NA	NA
5762	8333	0.188313374793335	undirected	NA	NA
5762	8879	0.00326830789298362	undirected	NA	NA
5762	8932	0.121510456903789	undirected	NA	NA
5762	9166	0.0208451307944131	undirected	NA	NA
5762	9511	0.212941991081561	undirected	NA	NA
5762	9683	0.103956632626136	undirected	NA	NA
5762	12826	0.0668907950117191	undirected	NA	NA
5762	15475	0.0653192422382891	undirected	NA	NA
5855	7606	0.12207656134432	undirected	NA	NA
5855	8333	0.097167186430022	undirected	NA	NA
5855	8879	0.182395534041205	undirected	NA	NA
5855	8932	0.122734547739052	undirected	NA	NA
5855	9166	0.143116165040421	undirected	NA	NA
5855	9511	0.0203407991031301	undirected	NA	NA
5855	9683	0.0699851623747234	undirected	NA	NA
5855	12826	0.100331303468798	undirected	NA	NA
5855	15475	0.0973063136842678	undirected	NA	NA
7606	8333	0.265653540391229	undirected	NA	NA
7606	8879	0.0203362376911921	undirected	NA	NA
7606	8932	0.307340397848504	undirected	NA	NA
7606	9166	0.0769912231211054	undirected	NA	NA
7606	9511	0.0928124641601262	undirected	NA	NA
7606	9683	0.12335982211516	undirected	NA	NA
7606	12826	0.226403378795788	undirected	NA	NA
7606	15475	0.228854205994463	undirected	NA	NA
8333	8879	0.0266875837888695	undirected	NA	NA
8333	8932	0.270389488892568	undirected	NA	NA
8333	9166	0.0558920141132022	undirected	NA	NA
8333	9511	0.152818416054808	undirected	NA	NA
8333	9683	0.146979689982208	undirected	NA	NA
8333	12826	0.191156016668999	undirected	NA	NA
8333	15475	0.186360221782773	undirected	NA	NA
8879	8932	0.0674167819777828	undirected	NA	NA
8879	9166	0.166547050487977	undirected	NA	NA
8879	9511	0.00130516430928682	undirected	NA	NA
8879	9683	0.107760447228916	undirected	NA	NA
8879	12826	0.0909693479346673	undirected	NA	NA
8879	15475	0.038845115233879	undirected	NA	NA
8932	9166	0.0818683536913961	undirected	NA	NA
8932	9511	0.054300239165832	undirected	NA	NA
8932	9683	0.133684968053126	undirected	NA	NA
8932	12826	0.257968910000623	undirected	NA	NA
8932	15475	0.288338066931483	undirected	NA	NA
9166	9511	0.00880482993741252	undirected	NA	NA
9166	9683	0.0439986497568748	undirected	NA	NA
9166	12826	0.0733571016163344	undirected	NA	NA
9166	15475	0.0574376961039118	undirected	NA	NA
9511	9683	0.0586703627760415	undirected	NA	NA
9511	12826	0.0171257497821906	undirected	NA	NA
9511	15475	0.0180509199102434	undirected	NA	NA
9683	12826	0.10263995516515	undirected	NA	NA
9683	15475	0.102402446383285	undirected	NA	NA
12826	15475	0.305895145696039	undirected	NA	NA
