fromNode	toNode	weight	direction	fromAltName	toAltName
461	1160	0.182904092316088	undirected	NA	NA
461	2698	0.189210356041885	undirected	NA	NA
461	3665	0.172531418156022	undirected	NA	NA
461	3830	0.180376914794814	undirected	NA	NA
461	4869	0.110000220942829	undirected	NA	NA
461	5415	0.00495236523216997	undirected	NA	NA
461	6455	0.089140263011278	undirected	NA	NA
461	9091	0.148532592146915	undirected	NA	NA
461	9514	0.00258762599728513	undirected	NA	NA
461	10585	0.131322020128616	undirected	NA	NA
461	10750	0.166691821245431	undirected	NA	NA
461	11286	0.090362955189234	undirected	NA	NA
461	12177	0.0597074237446253	undirected	NA	NA
461	12698	0.193416364319133	undirected	NA	NA
461	12981	0.192644478636103	undirected	NA	NA
461	13454	0.17659921118263	undirected	NA	NA
461	13589	0.159152420541091	undirected	NA	NA
461	13715	0.173859037292682	undirected	NA	NA
461	14151	0.0489229086932286	undirected	NA	NA
1160	2698	0.232491613486868	undirected	NA	NA
1160	3665	0.526143959437615	undirected	NA	NA
1160	3830	0.495800773300131	undirected	NA	NA
1160	4869	0.314565150074227	undirected	NA	NA
1160	5415	0.0927372859409606	undirected	NA	NA
1160	6455	0.117322520411857	undirected	NA	NA
1160	9091	0.518448775872782	undirected	NA	NA
1160	9514	0.0212173923593016	undirected	NA	NA
1160	10585	0.53469940155625	undirected	NA	NA
1160	10750	0.528802643180438	undirected	NA	NA
1160	11286	0.336171391839013	undirected	NA	NA
1160	12177	0.193266042910071	undirected	NA	NA
1160	12698	0.50169297958628	undirected	NA	NA
1160	12981	0.480676021449043	undirected	NA	NA
1160	13454	0.530552301596062	undirected	NA	NA
1160	13589	0.549262697189136	undirected	NA	NA
1160	13715	0.56610332143039	undirected	NA	NA
1160	14151	0.0550442048053456	undirected	NA	NA
2698	3665	0.221928488560903	undirected	NA	NA
2698	3830	0.238842872651958	undirected	NA	NA
2698	4869	0.178344244479053	undirected	NA	NA
2698	5415	0.0127866409956576	undirected	NA	NA
2698	6455	0.076337457263062	undirected	NA	NA
2698	9091	0.193341568528482	undirected	NA	NA
2698	9514	0.00634749312230814	undirected	NA	NA
2698	10585	0.17048293828813	undirected	NA	NA
2698	10750	0.214226926826731	undirected	NA	NA
2698	11286	0.154988852610789	undirected	NA	NA
2698	12177	0.0565858263210178	undirected	NA	NA
2698	12698	0.246737203539715	undirected	NA	NA
2698	12981	0.235564876611229	undirected	NA	NA
2698	13454	0.221814466468086	undirected	NA	NA
2698	13589	0.199710774360232	undirected	NA	NA
2698	13715	0.20255926391045	undirected	NA	NA
2698	14151	0.0332080093795133	undirected	NA	NA
3665	3830	0.557048468525342	undirected	NA	NA
3665	4869	0.319860345126529	undirected	NA	NA
3665	5415	0.108325386734972	undirected	NA	NA
3665	6455	0.0999571504768323	undirected	NA	NA
3665	9091	0.571054899458749	undirected	NA	NA
3665	9514	0.0281801628187013	undirected	NA	NA
3665	10585	0.596459813850295	undirected	NA	NA
3665	10750	0.578236724236035	undirected	NA	NA
3665	11286	0.368769982659847	undirected	NA	NA
3665	12177	0.204309330275821	undirected	NA	NA
3665	12698	0.563022284160203	undirected	NA	NA
3665	12981	0.510981000265469	undirected	NA	NA
3665	13454	0.576269171321615	undirected	NA	NA
3665	13589	0.602104350573287	undirected	NA	NA
3665	13715	0.621494976706423	undirected	NA	NA
3665	14151	0.0499634499770715	undirected	NA	NA
3830	4869	0.339346130099063	undirected	NA	NA
3830	5415	0.110211165594926	undirected	NA	NA
3830	6455	0.124179020318054	undirected	NA	NA
3830	9091	0.555249261699779	undirected	NA	NA
3830	9514	0.0230188132628215	undirected	NA	NA
3830	10585	0.56997783416963	undirected	NA	NA
3830	10750	0.563608106603442	undirected	NA	NA
3830	11286	0.347539340255818	undirected	NA	NA
3830	12177	0.199002407675244	undirected	NA	NA
3830	12698	0.531520334843945	undirected	NA	NA
3830	12981	0.502635976974608	undirected	NA	NA
3830	13454	0.563731041208665	undirected	NA	NA
3830	13589	0.579579652674627	undirected	NA	NA
3830	13715	0.591970669899268	undirected	NA	NA
3830	14151	0.0586252398309162	undirected	NA	NA
4869	5415	0.0691809311774755	undirected	NA	NA
4869	6455	0.0545454315843396	undirected	NA	NA
4869	9091	0.298851331321166	undirected	NA	NA
4869	9514	0.0216829555964943	undirected	NA	NA
4869	10585	0.301282517201065	undirected	NA	NA
4869	10750	0.312273885298593	undirected	NA	NA
4869	11286	0.297076010736868	undirected	NA	NA
4869	12177	0.0743563417613136	undirected	NA	NA
4869	12698	0.339349133184177	undirected	NA	NA
4869	12981	0.30402583623842	undirected	NA	NA
4869	13454	0.311623774521309	undirected	NA	NA
4869	13589	0.301190529355404	undirected	NA	NA
4869	13715	0.30711293028876	undirected	NA	NA
4869	14151	0.0196753322272282	undirected	NA	NA
5415	6455	0.00490945540228056	undirected	NA	NA
5415	9091	0.105444176107549	undirected	NA	NA
5415	9514	0.00249195786716347	undirected	NA	NA
5415	10585	0.103940495019078	undirected	NA	NA
5415	10750	0.10945792149871	undirected	NA	NA
5415	11286	0.157475006060886	undirected	NA	NA
5415	12177	0.017168817851669	undirected	NA	NA
5415	12698	0.094910627159989	undirected	NA	NA
5415	12981	0.0698927081346554	undirected	NA	NA
5415	13454	0.102754366498452	undirected	NA	NA
5415	13589	0.100889705419076	undirected	NA	NA
5415	13715	0.0699705180301556	undirected	NA	NA
5415	14151	0.00257952682575076	undirected	NA	NA
6455	9091	0.0858769107142586	undirected	NA	NA
6455	9514	0.00108000804910145	undirected	NA	NA
6455	10585	0.0730929632232648	undirected	NA	NA
6455	10750	0.0975641335539077	undirected	NA	NA
6455	11286	0.0633488987657694	undirected	NA	NA
6455	12177	0.134820821090737	undirected	NA	NA
6455	12698	0.10515628955959	undirected	NA	NA
6455	12981	0.0928569498973997	undirected	NA	NA
6455	13454	0.106482134535199	undirected	NA	NA
6455	13589	0.0924060406418296	undirected	NA	NA
6455	13715	0.0934914764038805	undirected	NA	NA
6455	14151	0.117502568212489	undirected	NA	NA
9091	9514	0.0342735710054719	undirected	NA	NA
9091	10585	0.558893621694103	undirected	NA	NA
9091	10750	0.576844209117658	undirected	NA	NA
9091	11286	0.366507586891787	undirected	NA	NA
9091	12177	0.181365880813342	undirected	NA	NA
9091	12698	0.563237382815249	undirected	NA	NA
9091	12981	0.471621820333278	undirected	NA	NA
9091	13454	0.576320586589294	undirected	NA	NA
9091	13589	0.551286693241724	undirected	NA	NA
9091	13715	0.568868118073472	undirected	NA	NA
9091	14151	0.0477629696475728	undirected	NA	NA
9514	10585	0.0344508941949584	undirected	NA	NA
9514	10750	0.0318443944617869	undirected	NA	NA
9514	11286	0.0162774700959196	undirected	NA	NA
9514	12177	0.00176579394471154	undirected	NA	NA
9514	12698	0.0295773886818371	undirected	NA	NA
9514	12981	0.0264385836933091	undirected	NA	NA
9514	13454	0.0287475901748528	undirected	NA	NA
9514	13589	0.0275460811433911	undirected	NA	NA
9514	13715	0.0277198133524937	undirected	NA	NA
9514	14151	0.000963310546628972	undirected	NA	NA
10585	10750	0.603267929490735	undirected	NA	NA
10585	11286	0.372915468467211	undirected	NA	NA
10585	12177	0.172025635048686	undirected	NA	NA
10585	12698	0.583946220014761	undirected	NA	NA
10585	12981	0.488401338091195	undirected	NA	NA
10585	13454	0.601721476982478	undirected	NA	NA
10585	13589	0.568266645499529	undirected	NA	NA
10585	13715	0.531761038695675	undirected	NA	NA
10585	14151	0.040945436134402	undirected	NA	NA
10750	11286	0.368611195803986	undirected	NA	NA
10750	12177	0.203226628518666	undirected	NA	NA
10750	12698	0.570253571086998	undirected	NA	NA
10750	12981	0.502826936932725	undirected	NA	NA
10750	13454	0.582206232787028	undirected	NA	NA
10750	13589	0.60086057010425	undirected	NA	NA
10750	13715	0.620667872495828	undirected	NA	NA
10750	14151	0.0527813632024464	undirected	NA	NA
11286	12177	0.0949139150109693	undirected	NA	NA
11286	12698	0.356945588067689	undirected	NA	NA
11286	12981	0.335267272173386	undirected	NA	NA
11286	13454	0.362415713174269	undirected	NA	NA
11286	13589	0.36893502712064	undirected	NA	NA
11286	13715	0.35472793138008	undirected	NA	NA
11286	14151	0.0232880789894586	undirected	NA	NA
12177	12698	0.188462494023151	undirected	NA	NA
12177	12981	0.158191434973444	undirected	NA	NA
12177	13454	0.21448071565754	undirected	NA	NA
12177	13589	0.20700886590966	undirected	NA	NA
12177	13715	0.193859379923923	undirected	NA	NA
12177	14151	0.161773234952786	undirected	NA	NA
12698	12981	0.518166350612744	undirected	NA	NA
12698	13454	0.568612013343966	undirected	NA	NA
12698	13589	0.58994928879652	undirected	NA	NA
12698	13715	0.614026944357829	undirected	NA	NA
12698	14151	0.0499013177744266	undirected	NA	NA
12981	13454	0.508291908424626	undirected	NA	NA
12981	13589	0.498633453699182	undirected	NA	NA
12981	13715	0.524801700208976	undirected	NA	NA
12981	14151	0.0413388521112899	undirected	NA	NA
13454	13589	0.604856448009217	undirected	NA	NA
13454	13715	0.626096467725074	undirected	NA	NA
13454	14151	0.0586958697718189	undirected	NA	NA
13589	13715	0.592071865448394	undirected	NA	NA
13589	14151	0.0506644289696815	undirected	NA	NA
13715	14151	0.0561380540910153	undirected	NA	NA
