fromNode	toNode	weight	direction	fromAltName	toAltName
383	475	0.234716692435074	undirected	NA	NA
383	552	0.219999706436186	undirected	NA	NA
383	767	0.122573898836868	undirected	NA	NA
383	850	0.257611684101771	undirected	NA	NA
383	1355	0.14812334431112	undirected	NA	NA
383	2217	0.241724733433371	undirected	NA	NA
383	2593	0.270664333426152	undirected	NA	NA
383	2763	0.195337983807757	undirected	NA	NA
383	2833	0.192623863291621	undirected	NA	NA
383	3060	0.256969630630107	undirected	NA	NA
383	3111	0.118373129432834	undirected	NA	NA
383	3536	0.0860979083796125	undirected	NA	NA
383	3549	0.248237236595621	undirected	NA	NA
383	3857	0.174978243845239	undirected	NA	NA
383	4267	0.176709622639748	undirected	NA	NA
383	4470	0.21292041628714	undirected	NA	NA
383	4583	0.203000557694082	undirected	NA	NA
383	4740	0.223671202960431	undirected	NA	NA
383	5230	0.205345850694361	undirected	NA	NA
383	5313	0.0776692608873846	undirected	NA	NA
383	6254	0.198231347651237	undirected	NA	NA
383	6423	0.232740191685653	undirected	NA	NA
383	6738	0.110777617655613	undirected	NA	NA
383	7977	0.241561565572784	undirected	NA	NA
383	8007	0.0576214384921078	undirected	NA	NA
383	8127	0.189510284995087	undirected	NA	NA
383	8681	0.219846618774659	undirected	NA	NA
383	8973	0.145844748968796	undirected	NA	NA
383	9412	0.226864050656302	undirected	NA	NA
383	9587	0.20384483810279	undirected	NA	NA
383	10258	0.121659380695447	undirected	NA	NA
383	10746	0.132481645490687	undirected	NA	NA
383	10755	0.179102540416135	undirected	NA	NA
383	10869	0.0752198340895926	undirected	NA	NA
383	10920	0.134301152192113	undirected	NA	NA
383	11004	0.112251799550167	undirected	NA	NA
383	11196	0.225174700132408	undirected	NA	NA
383	11224	0.200310837064414	undirected	NA	NA
383	11252	0.200987342992007	undirected	NA	NA
383	11965	0.156162504159726	undirected	NA	NA
383	12090	0.236099515922603	undirected	NA	NA
383	12950	0.185795343036868	undirected	NA	NA
383	13155	0.220261953743588	undirected	NA	NA
383	13529	0.140210937644766	undirected	NA	NA
383	14154	0.18367321124342	undirected	NA	NA
383	14178	0.175294615725718	undirected	NA	NA
383	14650	0.0954292997106479	undirected	NA	NA
383	14796	0.173860466897289	undirected	NA	NA
383	14834	0.050590527381079	undirected	NA	NA
383	14900	0.120954547858935	undirected	NA	NA
383	15191	0.111522049736609	undirected	NA	NA
383	15240	0.227674540753283	undirected	NA	NA
383	15302	0.263143809151936	undirected	NA	NA
383	15709	0.149657938721576	undirected	NA	NA
475	552	0.238469833342754	undirected	NA	NA
475	767	0.113029097537719	undirected	NA	NA
475	850	0.277935808109698	undirected	NA	NA
475	1355	0.143267151062736	undirected	NA	NA
475	2217	0.267655845966153	undirected	NA	NA
475	2593	0.291532354369448	undirected	NA	NA
475	2763	0.21159731172491	undirected	NA	NA
475	2833	0.219355671162672	undirected	NA	NA
475	3060	0.217714218489046	undirected	NA	NA
475	3111	0.11838673043029	undirected	NA	NA
475	3536	0.100926547544933	undirected	NA	NA
475	3549	0.241104418661263	undirected	NA	NA
475	3857	0.215245872865568	undirected	NA	NA
475	4267	0.193383292771058	undirected	NA	NA
475	4470	0.201579832109131	undirected	NA	NA
475	4583	0.218709862428943	undirected	NA	NA
475	4740	0.247455056187018	undirected	NA	NA
475	5230	0.241242614169021	undirected	NA	NA
475	5313	0.103710482959581	undirected	NA	NA
475	6254	0.224413986816762	undirected	NA	NA
475	6423	0.250057513996729	undirected	NA	NA
475	6738	0.143722172933062	undirected	NA	NA
475	7977	0.25787572749567	undirected	NA	NA
475	8007	0.03949180738418	undirected	NA	NA
475	8127	0.209903947561523	undirected	NA	NA
475	8681	0.238196025754347	undirected	NA	NA
475	8973	0.159423909162671	undirected	NA	NA
475	9412	0.240020788380709	undirected	NA	NA
475	9587	0.222463184819383	undirected	NA	NA
475	10258	0.141560432160635	undirected	NA	NA
475	10746	0.123152094147537	undirected	NA	NA
475	10755	0.210313783787535	undirected	NA	NA
475	10869	0.107607078869653	undirected	NA	NA
475	10920	0.126017815531082	undirected	NA	NA
475	11004	0.124952070098823	undirected	NA	NA
475	11196	0.252874430111795	undirected	NA	NA
475	11224	0.219072378819828	undirected	NA	NA
475	11252	0.180992558503352	undirected	NA	NA
475	11965	0.142751275093817	undirected	NA	NA
475	12090	0.202503556603581	undirected	NA	NA
475	12950	0.202200256904817	undirected	NA	NA
475	13155	0.207021822227996	undirected	NA	NA
475	13529	0.12862407365381	undirected	NA	NA
475	14154	0.173176933085706	undirected	NA	NA
475	14178	0.18619909197377	undirected	NA	NA
475	14650	0.100130931604175	undirected	NA	NA
475	14796	0.296041604204955	undirected	NA	NA
475	14834	0.0571829324026507	undirected	NA	NA
475	14900	0.193736123084859	undirected	NA	NA
475	15191	0.0983241475886888	undirected	NA	NA
475	15240	0.243948860154408	undirected	NA	NA
475	15302	0.271208968693833	undirected	NA	NA
475	15709	0.146260152263139	undirected	NA	NA
552	767	0.286652859606707	undirected	NA	NA
552	850	0.283340844867503	undirected	NA	NA
552	1355	0.332296816672887	undirected	NA	NA
552	2217	0.353439593352144	undirected	NA	NA
552	2593	0.243142349000535	undirected	NA	NA
552	2763	0.327931276504292	undirected	NA	NA
552	2833	0.379384249599984	undirected	NA	NA
552	3060	0.248684948294408	undirected	NA	NA
552	3111	0.307119839400533	undirected	NA	NA
552	3536	0.29870883764751	undirected	NA	NA
552	3549	0.316945723215422	undirected	NA	NA
552	3857	0.398957166464165	undirected	NA	NA
552	4267	0.379349400343479	undirected	NA	NA
552	4470	0.272349996261884	undirected	NA	NA
552	4583	0.36801724372979	undirected	NA	NA
552	4740	0.324328169395102	undirected	NA	NA
552	5230	0.175857029177829	undirected	NA	NA
552	5313	0.282298617712884	undirected	NA	NA
552	6254	0.380865589302014	undirected	NA	NA
552	6423	0.314196955988801	undirected	NA	NA
552	6738	0.361472291780326	undirected	NA	NA
552	7977	0.354632590606302	undirected	NA	NA
552	8007	0.14786612970412	undirected	NA	NA
552	8127	0.367180087285838	undirected	NA	NA
552	8681	0.369401720762093	undirected	NA	NA
552	8973	0.348625575418421	undirected	NA	NA
552	9412	0.353840150624097	undirected	NA	NA
552	9587	0.358333549985058	undirected	NA	NA
552	10258	0.338279623591895	undirected	NA	NA
552	10746	0.29950203461097	undirected	NA	NA
552	10755	0.387924648400498	undirected	NA	NA
552	10869	0.295124165929867	undirected	NA	NA
552	10920	0.27977366404915	undirected	NA	NA
552	11004	0.316292863999374	undirected	NA	NA
552	11196	0.346785852930891	undirected	NA	NA
552	11224	0.374482260514219	undirected	NA	NA
552	11252	0.255295494212952	undirected	NA	NA
552	11965	0.309933888475999	undirected	NA	NA
552	12090	0.269142158383205	undirected	NA	NA
552	12950	0.370866476281749	undirected	NA	NA
552	13155	0.299161548508061	undirected	NA	NA
552	13529	0.317535152227782	undirected	NA	NA
552	14154	0.303400861207679	undirected	NA	NA
552	14178	0.370481308877545	undirected	NA	NA
552	14650	0.281876646423006	undirected	NA	NA
552	14796	0.307122726993912	undirected	NA	NA
552	14834	0.216032250710956	undirected	NA	NA
552	14900	0.399796248223381	undirected	NA	NA
552	15191	0.24173919381769	undirected	NA	NA
552	15240	0.345358264587205	undirected	NA	NA
552	15302	0.349692294550859	undirected	NA	NA
552	15709	0.317591635542876	undirected	NA	NA
767	850	0.195744154557926	undirected	NA	NA
767	1355	0.311717494395767	undirected	NA	NA
767	2217	0.256471800854804	undirected	NA	NA
767	2593	0.170640745684445	undirected	NA	NA
767	2763	0.289884340221651	undirected	NA	NA
767	2833	0.234913449096045	undirected	NA	NA
767	3060	0.227871991363563	undirected	NA	NA
767	3111	0.319136500770337	undirected	NA	NA
767	3536	0.308397045465639	undirected	NA	NA
767	3549	0.244788543804561	undirected	NA	NA
767	3857	0.281532831757333	undirected	NA	NA
767	4267	0.263756132072747	undirected	NA	NA
767	4470	0.196430028205175	undirected	NA	NA
767	4583	0.265503758124277	undirected	NA	NA
767	4740	0.26030989302578	undirected	NA	NA
767	5230	0.0916921469645713	undirected	NA	NA
767	5313	0.34251298372195	undirected	NA	NA
767	6254	0.23818380600612	undirected	NA	NA
767	6423	0.191637157736431	undirected	NA	NA
767	6738	0.339794444573103	undirected	NA	NA
767	7977	0.281762388965918	undirected	NA	NA
767	8007	0.232888385927156	undirected	NA	NA
767	8127	0.251846091618328	undirected	NA	NA
767	8681	0.244011001604542	undirected	NA	NA
767	8973	0.293773508488681	undirected	NA	NA
767	9412	0.265194979537805	undirected	NA	NA
767	9587	0.271498279189426	undirected	NA	NA
767	10258	0.313639670858449	undirected	NA	NA
767	10746	0.293046610842663	undirected	NA	NA
767	10755	0.253666571216581	undirected	NA	NA
767	10869	0.342519971503169	undirected	NA	NA
767	10920	0.294133307143517	undirected	NA	NA
767	11004	0.324927657951005	undirected	NA	NA
767	11196	0.252965642364351	undirected	NA	NA
767	11224	0.254347326378266	undirected	NA	NA
767	11252	0.208284032322908	undirected	NA	NA
767	11965	0.2854712625488	undirected	NA	NA
767	12090	0.261568553765326	undirected	NA	NA
767	12950	0.266912313332681	undirected	NA	NA
767	13155	0.236000190257451	undirected	NA	NA
767	13529	0.277615216930347	undirected	NA	NA
767	14154	0.218816616008668	undirected	NA	NA
767	14178	0.275017041864299	undirected	NA	NA
767	14650	0.273257456802326	undirected	NA	NA
767	14796	0.15621305383052	undirected	NA	NA
767	14834	0.307617679813486	undirected	NA	NA
767	14900	0.291528622843906	undirected	NA	NA
767	15191	0.279931128383644	undirected	NA	NA
767	15240	0.27162880746721	undirected	NA	NA
767	15302	0.305544579258865	undirected	NA	NA
767	15709	0.26150921660658	undirected	NA	NA
850	1355	0.236704708102792	undirected	NA	NA
850	2217	0.304209803139289	undirected	NA	NA
850	2593	0.283816959986464	undirected	NA	NA
850	2763	0.26035492079765	undirected	NA	NA
850	2833	0.295874481232488	undirected	NA	NA
850	3060	0.248761176874175	undirected	NA	NA
850	3111	0.207319232834076	undirected	NA	NA
850	3536	0.179763655830896	undirected	NA	NA
850	3549	0.281008089555967	undirected	NA	NA
850	3857	0.309234183366274	undirected	NA	NA
850	4267	0.28005783546857	undirected	NA	NA
850	4470	0.232984030321453	undirected	NA	NA
850	4583	0.283395931531849	undirected	NA	NA
850	4740	0.281432680348397	undirected	NA	NA
850	5230	0.229745271483759	undirected	NA	NA
850	5313	0.192572621582377	undirected	NA	NA
850	6254	0.302723363997659	undirected	NA	NA
850	6423	0.30534113322319	undirected	NA	NA
850	6738	0.240597573755035	undirected	NA	NA
850	7977	0.307542299302587	undirected	NA	NA
850	8007	0.0832435389236092	undirected	NA	NA
850	8127	0.276280800547512	undirected	NA	NA
850	8681	0.304257174016174	undirected	NA	NA
850	8973	0.24800442860872	undirected	NA	NA
850	9412	0.294833026713452	undirected	NA	NA
850	9587	0.277170606199912	undirected	NA	NA
850	10258	0.231766620279522	undirected	NA	NA
850	10746	0.207794123777338	undirected	NA	NA
850	10755	0.293048459712566	undirected	NA	NA
850	10869	0.198081447359887	undirected	NA	NA
850	10920	0.216746136383753	undirected	NA	NA
850	11004	0.214651103125501	undirected	NA	NA
850	11196	0.29257291335667	undirected	NA	NA
850	11224	0.29045173995165	undirected	NA	NA
850	11252	0.209406660678722	undirected	NA	NA
850	11965	0.208426644549834	undirected	NA	NA
850	12090	0.249501826420105	undirected	NA	NA
850	12950	0.277399094433132	undirected	NA	NA
850	13155	0.245695897473646	undirected	NA	NA
850	13529	0.208794149029863	undirected	NA	NA
850	14154	0.242199797037842	undirected	NA	NA
850	14178	0.270092820014677	undirected	NA	NA
850	14650	0.172494479832553	undirected	NA	NA
850	14796	0.323302210662642	undirected	NA	NA
850	14834	0.117038040772776	undirected	NA	NA
850	14900	0.282324017085284	undirected	NA	NA
850	15191	0.17851410900029	undirected	NA	NA
850	15240	0.282105360301392	undirected	NA	NA
850	15302	0.320128583853265	undirected	NA	NA
850	15709	0.225390047702378	undirected	NA	NA
1355	2217	0.279666520475292	undirected	NA	NA
1355	2593	0.207340049131393	undirected	NA	NA
1355	2763	0.326333222733524	undirected	NA	NA
1355	2833	0.286173634463119	undirected	NA	NA
1355	3060	0.275208663105403	undirected	NA	NA
1355	3111	0.312978224066504	undirected	NA	NA
1355	3536	0.305783535200089	undirected	NA	NA
1355	3549	0.258573715808726	undirected	NA	NA
1355	3857	0.29766121441779	undirected	NA	NA
1355	4267	0.311435371714091	undirected	NA	NA
1355	4470	0.209552197058167	undirected	NA	NA
1355	4583	0.322449569745384	undirected	NA	NA
1355	4740	0.314897138861681	undirected	NA	NA
1355	5230	0.122666431625845	undirected	NA	NA
1355	5313	0.318584199001053	undirected	NA	NA
1355	6254	0.289096389915529	undirected	NA	NA
1355	6423	0.216257633587141	undirected	NA	NA
1355	6738	0.345389420391675	undirected	NA	NA
1355	7977	0.282816893504225	undirected	NA	NA
1355	8007	0.254099698951451	undirected	NA	NA
1355	8127	0.307375332873797	undirected	NA	NA
1355	8681	0.30224374348545	undirected	NA	NA
1355	8973	0.319373911853069	undirected	NA	NA
1355	9412	0.31808866432176	undirected	NA	NA
1355	9587	0.323490795505178	undirected	NA	NA
1355	10258	0.336713919870305	undirected	NA	NA
1355	10746	0.299236061099243	undirected	NA	NA
1355	10755	0.2925263637304	undirected	NA	NA
1355	10869	0.306919810320866	undirected	NA	NA
1355	10920	0.289551002227156	undirected	NA	NA
1355	11004	0.341857959784133	undirected	NA	NA
1355	11196	0.265349396576701	undirected	NA	NA
1355	11224	0.311700867164947	undirected	NA	NA
1355	11252	0.263535161645276	undirected	NA	NA
1355	11965	0.333918371365457	undirected	NA	NA
1355	12090	0.281340038618456	undirected	NA	NA
1355	12950	0.31946021892799	undirected	NA	NA
1355	13155	0.262146568147056	undirected	NA	NA
1355	13529	0.321542571732885	undirected	NA	NA
1355	14154	0.248619002099363	undirected	NA	NA
1355	14178	0.326000618467047	undirected	NA	NA
1355	14650	0.284824787424761	undirected	NA	NA
1355	14796	0.176782350146881	undirected	NA	NA
1355	14834	0.292501690726686	undirected	NA	NA
1355	14900	0.321203847642358	undirected	NA	NA
1355	15191	0.26749700835279	undirected	NA	NA
1355	15240	0.327153621108543	undirected	NA	NA
1355	15302	0.335637403323486	undirected	NA	NA
1355	15709	0.286712358362305	undirected	NA	NA
2217	2593	0.28938100747533	undirected	NA	NA
2217	2763	0.352260472624841	undirected	NA	NA
2217	2833	0.349943501744959	undirected	NA	NA
2217	3060	0.3020404742613	undirected	NA	NA
2217	3111	0.253669341749319	undirected	NA	NA
2217	3536	0.25422520276987	undirected	NA	NA
2217	3549	0.314760782796737	undirected	NA	NA
2217	3857	0.327510403826111	undirected	NA	NA
2217	4267	0.348093830008197	undirected	NA	NA
2217	4470	0.320293076591537	undirected	NA	NA
2217	4583	0.351669158226466	undirected	NA	NA
2217	4740	0.367831958747961	undirected	NA	NA
2217	5230	0.13013351114701	undirected	NA	NA
2217	5313	0.169497764333159	undirected	NA	NA
2217	6254	0.347719097101587	undirected	NA	NA
2217	6423	0.294095455325153	undirected	NA	NA
2217	6738	0.270565839160308	undirected	NA	NA
2217	7977	0.337198512184202	undirected	NA	NA
2217	8007	0.107611882695153	undirected	NA	NA
2217	8127	0.357986598353589	undirected	NA	NA
2217	8681	0.34217835831929	undirected	NA	NA
2217	8973	0.297858245549104	undirected	NA	NA
2217	9412	0.335786452259094	undirected	NA	NA
2217	9587	0.354212933086955	undirected	NA	NA
2217	10258	0.274476551184627	undirected	NA	NA
2217	10746	0.271107083891237	undirected	NA	NA
2217	10755	0.34499521686581	undirected	NA	NA
2217	10869	0.197818165989569	undirected	NA	NA
2217	10920	0.219894285903587	undirected	NA	NA
2217	11004	0.246019312873703	undirected	NA	NA
2217	11196	0.322360271576796	undirected	NA	NA
2217	11224	0.351087028602872	undirected	NA	NA
2217	11252	0.329420193621999	undirected	NA	NA
2217	11965	0.31767968047866	undirected	NA	NA
2217	12090	0.262026584893041	undirected	NA	NA
2217	12950	0.351003546359345	undirected	NA	NA
2217	13155	0.27865486463122	undirected	NA	NA
2217	13529	0.309542042644902	undirected	NA	NA
2217	14154	0.315513264445872	undirected	NA	NA
2217	14178	0.34312679563596	undirected	NA	NA
2217	14650	0.267512684381118	undirected	NA	NA
2217	14796	0.249561314977732	undirected	NA	NA
2217	14834	0.14114165291189	undirected	NA	NA
2217	14900	0.283620089744495	undirected	NA	NA
2217	15191	0.199760750552806	undirected	NA	NA
2217	15240	0.353900035097947	undirected	NA	NA
2217	15302	0.320869805883408	undirected	NA	NA
2217	15709	0.306036973516806	undirected	NA	NA
2593	2763	0.224979827563991	undirected	NA	NA
2593	2833	0.267224783320955	undirected	NA	NA
2593	3060	0.227491394410462	undirected	NA	NA
2593	3111	0.178627726522874	undirected	NA	NA
2593	3536	0.150380824146377	undirected	NA	NA
2593	3549	0.278683012132755	undirected	NA	NA
2593	3857	0.273922218525064	undirected	NA	NA
2593	4267	0.248972684203073	undirected	NA	NA
2593	4470	0.235680620299251	undirected	NA	NA
2593	4583	0.256896183124277	undirected	NA	NA
2593	4740	0.242113506526576	undirected	NA	NA
2593	5230	0.233346112582363	undirected	NA	NA
2593	5313	0.157403747343397	undirected	NA	NA
2593	6254	0.274604330658816	undirected	NA	NA
2593	6423	0.29668550297543	undirected	NA	NA
2593	6738	0.202442974237726	undirected	NA	NA
2593	7977	0.300978149279903	undirected	NA	NA
2593	8007	0.0682923759835407	undirected	NA	NA
2593	8127	0.249197680586006	undirected	NA	NA
2593	8681	0.279989021599135	undirected	NA	NA
2593	8973	0.217718618319904	undirected	NA	NA
2593	9412	0.27348163070591	undirected	NA	NA
2593	9587	0.252879172170396	undirected	NA	NA
2593	10258	0.200086087938769	undirected	NA	NA
2593	10746	0.183404899420908	undirected	NA	NA
2593	10755	0.260815814789032	undirected	NA	NA
2593	10869	0.163714264666367	undirected	NA	NA
2593	10920	0.191387441868242	undirected	NA	NA
2593	11004	0.184132055396056	undirected	NA	NA
2593	11196	0.28173976640393	undirected	NA	NA
2593	11224	0.262913683189669	undirected	NA	NA
2593	11252	0.18641650510609	undirected	NA	NA
2593	11965	0.18462835320958	undirected	NA	NA
2593	12090	0.235917704658845	undirected	NA	NA
2593	12950	0.248824171139053	undirected	NA	NA
2593	13155	0.235340115370576	undirected	NA	NA
2593	13529	0.182297874446554	undirected	NA	NA
2593	14154	0.226803437892371	undirected	NA	NA
2593	14178	0.239829432497279	undirected	NA	NA
2593	14650	0.147491548677162	undirected	NA	NA
2593	14796	0.312312066286365	undirected	NA	NA
2593	14834	0.0921973911572885	undirected	NA	NA
2593	14900	0.238221228485272	undirected	NA	NA
2593	15191	0.157259221756009	undirected	NA	NA
2593	15240	0.25711694546277	undirected	NA	NA
2593	15302	0.293110691643392	undirected	NA	NA
2593	15709	0.201568918703966	undirected	NA	NA
2763	2833	0.370230301501311	undirected	NA	NA
2763	3060	0.247528989448523	undirected	NA	NA
2763	3111	0.306696562836447	undirected	NA	NA
2763	3536	0.317863443345763	undirected	NA	NA
2763	3549	0.330440752830641	undirected	NA	NA
2763	3857	0.375990506608993	undirected	NA	NA
2763	4267	0.376935430608179	undirected	NA	NA
2763	4470	0.307374497288313	undirected	NA	NA
2763	4583	0.363411944810065	undirected	NA	NA
2763	4740	0.334667566777441	undirected	NA	NA
2763	5230	0.135517178913159	undirected	NA	NA
2763	5313	0.256590353064231	undirected	NA	NA
2763	6254	0.367269323765523	undirected	NA	NA
2763	6423	0.283574723255678	undirected	NA	NA
2763	6738	0.354603719882077	undirected	NA	NA
2763	7977	0.365497932478413	undirected	NA	NA
2763	8007	0.15587776058292	undirected	NA	NA
2763	8127	0.368604715425802	undirected	NA	NA
2763	8681	0.352206668016657	undirected	NA	NA
2763	8973	0.346429379835153	undirected	NA	NA
2763	9412	0.33692332968375	undirected	NA	NA
2763	9587	0.356082491915483	undirected	NA	NA
2763	10258	0.336291545660582	undirected	NA	NA
2763	10746	0.304332188537092	undirected	NA	NA
2763	10755	0.379409748920644	undirected	NA	NA
2763	10869	0.27803907975731	undirected	NA	NA
2763	10920	0.257574036167943	undirected	NA	NA
2763	11004	0.311446129852261	undirected	NA	NA
2763	11196	0.359766626908384	undirected	NA	NA
2763	11224	0.366972429979228	undirected	NA	NA
2763	11252	0.253082270226679	undirected	NA	NA
2763	11965	0.330702237505647	undirected	NA	NA
2763	12090	0.241981349016859	undirected	NA	NA
2763	12950	0.369309059998417	undirected	NA	NA
2763	13155	0.31605246726358	undirected	NA	NA
2763	13529	0.337240798024939	undirected	NA	NA
2763	14154	0.306200003307369	undirected	NA	NA
2763	14178	0.370429817364695	undirected	NA	NA
2763	14650	0.308181339691004	undirected	NA	NA
2763	14796	0.258557890240606	undirected	NA	NA
2763	14834	0.224085610252139	undirected	NA	NA
2763	14900	0.37989687181546	undirected	NA	NA
2763	15191	0.230183805292495	undirected	NA	NA
2763	15240	0.342001102782305	undirected	NA	NA
2763	15302	0.300961626312358	undirected	NA	NA
2763	15709	0.327637364203898	undirected	NA	NA
2833	3060	0.262619892359104	undirected	NA	NA
2833	3111	0.258369786208695	undirected	NA	NA
2833	3536	0.265277359149834	undirected	NA	NA
2833	3549	0.275576648125302	undirected	NA	NA
2833	3857	0.3820560477388	undirected	NA	NA
2833	4267	0.363766079606512	undirected	NA	NA
2833	4470	0.23125198575131	undirected	NA	NA
2833	4583	0.380750852492404	undirected	NA	NA
2833	4740	0.399494294377552	undirected	NA	NA
2833	5230	0.188898451951071	undirected	NA	NA
2833	5313	0.240419538946419	undirected	NA	NA
2833	6254	0.375694919921779	undirected	NA	NA
2833	6423	0.293024216362726	undirected	NA	NA
2833	6738	0.332814561124914	undirected	NA	NA
2833	7977	0.306984035082029	undirected	NA	NA
2833	8007	0.125194194572882	undirected	NA	NA
2833	8127	0.379495648334006	undirected	NA	NA
2833	8681	0.374349246324513	undirected	NA	NA
2833	8973	0.322908576689494	undirected	NA	NA
2833	9412	0.364106595987882	undirected	NA	NA
2833	9587	0.379500384359718	undirected	NA	NA
2833	10258	0.308527825737705	undirected	NA	NA
2833	10746	0.252411661067544	undirected	NA	NA
2833	10755	0.384546010502576	undirected	NA	NA
2833	10869	0.246742144671768	undirected	NA	NA
2833	10920	0.218629078076884	undirected	NA	NA
2833	11004	0.278452157335446	undirected	NA	NA
2833	11196	0.326354744311853	undirected	NA	NA
2833	11224	0.379842566599553	undirected	NA	NA
2833	11252	0.296601132008373	undirected	NA	NA
2833	11965	0.301464766577089	undirected	NA	NA
2833	12090	0.243584662529167	undirected	NA	NA
2833	12950	0.369885545092281	undirected	NA	NA
2833	13155	0.282626038183577	undirected	NA	NA
2833	13529	0.285804953713967	undirected	NA	NA
2833	14154	0.275900169045465	undirected	NA	NA
2833	14178	0.356367392140813	undirected	NA	NA
2833	14650	0.252341530097686	undirected	NA	NA
2833	14796	0.320462725540669	undirected	NA	NA
2833	14834	0.18867380556546	undirected	NA	NA
2833	14900	0.421116911307027	undirected	NA	NA
2833	15191	0.180036447343418	undirected	NA	NA
2833	15240	0.387564111267569	undirected	NA	NA
2833	15302	0.356346646049704	undirected	NA	NA
2833	15709	0.288788739099688	undirected	NA	NA
3060	3111	0.254826958487633	undirected	NA	NA
3060	3536	0.222123131067269	undirected	NA	NA
3060	3549	0.319208097700298	undirected	NA	NA
3060	3857	0.281217645495715	undirected	NA	NA
3060	4267	0.26501703363366	undirected	NA	NA
3060	4470	0.279844503804083	undirected	NA	NA
3060	4583	0.267336601987752	undirected	NA	NA
3060	4740	0.240441275296415	undirected	NA	NA
3060	5230	0.196041140147497	undirected	NA	NA
3060	5313	0.216454918316116	undirected	NA	NA
3060	6254	0.267657494931751	undirected	NA	NA
3060	6423	0.283679823812357	undirected	NA	NA
3060	6738	0.264737383276282	undirected	NA	NA
3060	7977	0.332820188653498	undirected	NA	NA
3060	8007	0.158172106402281	undirected	NA	NA
3060	8127	0.257349378580557	undirected	NA	NA
3060	8681	0.274796603919089	undirected	NA	NA
3060	8973	0.283832772159224	undirected	NA	NA
3060	9412	0.275192895133574	undirected	NA	NA
3060	9587	0.261885918428763	undirected	NA	NA
3060	10258	0.278675969330782	undirected	NA	NA
3060	10746	0.264410096642742	undirected	NA	NA
3060	10755	0.266493228528572	undirected	NA	NA
3060	10869	0.218043821320209	undirected	NA	NA
3060	10920	0.243135033467594	undirected	NA	NA
3060	11004	0.272946752314724	undirected	NA	NA
3060	11196	0.299252114156444	undirected	NA	NA
3060	11224	0.268209105913523	undirected	NA	NA
3060	11252	0.21969204235851	undirected	NA	NA
3060	11965	0.240147233685832	undirected	NA	NA
3060	12090	0.284690428809015	undirected	NA	NA
3060	12950	0.26373799088597	undirected	NA	NA
3060	13155	0.282858449237077	undirected	NA	NA
3060	13529	0.24035251978696	undirected	NA	NA
3060	14154	0.27771783618622	undirected	NA	NA
3060	14178	0.264499092113648	undirected	NA	NA
3060	14650	0.223483812975858	undirected	NA	NA
3060	14796	0.235221582652054	undirected	NA	NA
3060	14834	0.161358570373644	undirected	NA	NA
3060	14900	0.261307471254369	undirected	NA	NA
3060	15191	0.216479851487341	undirected	NA	NA
3060	15240	0.262209970085362	undirected	NA	NA
3060	15302	0.309355481615079	undirected	NA	NA
3060	15709	0.269782558935438	undirected	NA	NA
3111	3536	0.295217605249315	undirected	NA	NA
3111	3549	0.239222286951914	undirected	NA	NA
3111	3857	0.275814896605877	undirected	NA	NA
3111	4267	0.290116891397797	undirected	NA	NA
3111	4470	0.192900566494585	undirected	NA	NA
3111	4583	0.297376674219169	undirected	NA	NA
3111	4740	0.285522534207423	undirected	NA	NA
3111	5230	0.094813055027515	undirected	NA	NA
3111	5313	0.311614153047793	undirected	NA	NA
3111	6254	0.260900308537332	undirected	NA	NA
3111	6423	0.190438877613222	undirected	NA	NA
3111	6738	0.322265977906855	undirected	NA	NA
3111	7977	0.263386802466185	undirected	NA	NA
3111	8007	0.268222947162342	undirected	NA	NA
3111	8127	0.28240371866772	undirected	NA	NA
3111	8681	0.273372827951212	undirected	NA	NA
3111	8973	0.289783263638262	undirected	NA	NA
3111	9412	0.291225176031049	undirected	NA	NA
3111	9587	0.298561195145183	undirected	NA	NA
3111	10258	0.3124631818119	undirected	NA	NA
3111	10746	0.282907004019385	undirected	NA	NA
3111	10755	0.268083447262791	undirected	NA	NA
3111	10869	0.298527079294075	undirected	NA	NA
3111	10920	0.292378257494565	undirected	NA	NA
3111	11004	0.323870924669045	undirected	NA	NA
3111	11196	0.242421954363877	undirected	NA	NA
3111	11224	0.285585476472526	undirected	NA	NA
3111	11252	0.244109035655434	undirected	NA	NA
3111	11965	0.329404084974113	undirected	NA	NA
3111	12090	0.268622458060993	undirected	NA	NA
3111	12950	0.297334245351336	undirected	NA	NA
3111	13155	0.244570866650227	undirected	NA	NA
3111	13529	0.319650988749658	undirected	NA	NA
3111	14154	0.224342374286661	undirected	NA	NA
3111	14178	0.307962029122199	undirected	NA	NA
3111	14650	0.2711149426027	undirected	NA	NA
3111	14796	0.13762330772948	undirected	NA	NA
3111	14834	0.305214213027412	undirected	NA	NA
3111	14900	0.282299763143113	undirected	NA	NA
3111	15191	0.277584037943891	undirected	NA	NA
3111	15240	0.299330371721436	undirected	NA	NA
3111	15302	0.311477107216895	undirected	NA	NA
3111	15709	0.260575033592048	undirected	NA	NA
3536	3549	0.224066560109983	undirected	NA	NA
3536	3857	0.273185412189556	undirected	NA	NA
3536	4267	0.298524372799836	undirected	NA	NA
3536	4470	0.188026462929526	undirected	NA	NA
3536	4583	0.29864348321617	undirected	NA	NA
3536	4740	0.288822368142961	undirected	NA	NA
3536	5230	0.0689785086740774	undirected	NA	NA
3536	5313	0.270500360221808	undirected	NA	NA
3536	6254	0.263108167799494	undirected	NA	NA
3536	6423	0.170937782144258	undirected	NA	NA
3536	6738	0.300532172467208	undirected	NA	NA
3536	7977	0.247995179976046	undirected	NA	NA
3536	8007	0.255731769956786	undirected	NA	NA
3536	8127	0.291138874903768	undirected	NA	NA
3536	8681	0.266830663648375	undirected	NA	NA
3536	8973	0.276439619692672	undirected	NA	NA
3536	9412	0.275389555531722	undirected	NA	NA
3536	9587	0.297218244405737	undirected	NA	NA
3536	10258	0.286181545353679	undirected	NA	NA
3536	10746	0.278815119970972	undirected	NA	NA
3536	10755	0.277380192871039	undirected	NA	NA
3536	10869	0.261690377181079	undirected	NA	NA
3536	10920	0.256984259125254	undirected	NA	NA
3536	11004	0.290862100395682	undirected	NA	NA
3536	11196	0.243138893073524	undirected	NA	NA
3536	11224	0.287787692925386	undirected	NA	NA
3536	11252	0.257073310891469	undirected	NA	NA
3536	11965	0.342891748339127	undirected	NA	NA
3536	12090	0.233310514154384	undirected	NA	NA
3536	12950	0.301974706478857	undirected	NA	NA
3536	13155	0.246853542600601	undirected	NA	NA
3536	13529	0.337338664240664	undirected	NA	NA
3536	14154	0.21948078953448	undirected	NA	NA
3536	14178	0.313923135382704	undirected	NA	NA
3536	14650	0.276611619894696	undirected	NA	NA
3536	14796	0.112101931791907	undirected	NA	NA
3536	14834	0.316031920502356	undirected	NA	NA
3536	14900	0.272059638188161	undirected	NA	NA
3536	15191	0.244829176472651	undirected	NA	NA
3536	15240	0.292900578210079	undirected	NA	NA
3536	15302	0.287204731130419	undirected	NA	NA
3536	15709	0.266861598856296	undirected	NA	NA
3549	3857	0.258825692290257	undirected	NA	NA
3549	4267	0.282405039286314	undirected	NA	NA
3549	4470	0.294161997007494	undirected	NA	NA
3549	4583	0.293315793764984	undirected	NA	NA
3549	4740	0.319484389777314	undirected	NA	NA
3549	5230	0.113942613996474	undirected	NA	NA
3549	5313	0.143057859309287	undirected	NA	NA
3549	6254	0.276127927863165	undirected	NA	NA
3549	6423	0.262903832657827	undirected	NA	NA
3549	6738	0.223082113856256	undirected	NA	NA
3549	7977	0.291379291692508	undirected	NA	NA
3549	8007	0.12254094011299	undirected	NA	NA
3549	8127	0.292820195278949	undirected	NA	NA
3549	8681	0.282620586339387	undirected	NA	NA
3549	8973	0.263978312034539	undirected	NA	NA
3549	9412	0.290881644036464	undirected	NA	NA
3549	9587	0.300571620416406	undirected	NA	NA
3549	10258	0.2462440258277	undirected	NA	NA
3549	10746	0.266649355678513	undirected	NA	NA
3549	10755	0.270279016990171	undirected	NA	NA
3549	10869	0.168714095873494	undirected	NA	NA
3549	10920	0.214786149334411	undirected	NA	NA
3549	11004	0.22977925213454	undirected	NA	NA
3549	11196	0.296888021283015	undirected	NA	NA
3549	11224	0.287352650936752	undirected	NA	NA
3549	11252	0.326697308350728	undirected	NA	NA
3549	11965	0.292497354812248	undirected	NA	NA
3549	12090	0.31094132496923	undirected	NA	NA
3549	12950	0.290906908527866	undirected	NA	NA
3549	13155	0.295847821523998	undirected	NA	NA
3549	13529	0.278938567043951	undirected	NA	NA
3549	14154	0.302043442911757	undirected	NA	NA
3549	14178	0.286338506256799	undirected	NA	NA
3549	14650	0.247630798792436	undirected	NA	NA
3549	14796	0.189372953621511	undirected	NA	NA
3549	14834	0.121748045225333	undirected	NA	NA
3549	14900	0.200969196584089	undirected	NA	NA
3549	15191	0.206263136316556	undirected	NA	NA
3549	15240	0.307116935371897	undirected	NA	NA
3549	15302	0.331663834647709	undirected	NA	NA
3549	15709	0.285329164460029	undirected	NA	NA
3857	4267	0.380627034567665	undirected	NA	NA
3857	4470	0.205582427704833	undirected	NA	NA
3857	4583	0.397220993272395	undirected	NA	NA
3857	4740	0.402192976942499	undirected	NA	NA
3857	5230	0.168961242295876	undirected	NA	NA
3857	5313	0.279292326758205	undirected	NA	NA
3857	6254	0.384196299134389	undirected	NA	NA
3857	6423	0.273524607201829	undirected	NA	NA
3857	6738	0.342530692799418	undirected	NA	NA
3857	7977	0.294640726632084	undirected	NA	NA
3857	8007	0.142740520890656	undirected	NA	NA
3857	8127	0.389139843619302	undirected	NA	NA
3857	8681	0.38861301215842	undirected	NA	NA
3857	8973	0.318577832050265	undirected	NA	NA
3857	9412	0.388462494987677	undirected	NA	NA
3857	9587	0.39761983821649	undirected	NA	NA
3857	10258	0.31314845510393	undirected	NA	NA
3857	10746	0.262041285310371	undirected	NA	NA
3857	10755	0.376215640226472	undirected	NA	NA
3857	10869	0.280560060401284	undirected	NA	NA
3857	10920	0.261600937785129	undirected	NA	NA
3857	11004	0.293546770489301	undirected	NA	NA
3857	11196	0.303127016286372	undirected	NA	NA
3857	11224	0.39364229344524	undirected	NA	NA
3857	11252	0.284955158500355	undirected	NA	NA
3857	11965	0.32835792907634	undirected	NA	NA
3857	12090	0.257739122439315	undirected	NA	NA
3857	12950	0.388509822952401	undirected	NA	NA
3857	13155	0.263364033384238	undirected	NA	NA
3857	13529	0.313624594690845	undirected	NA	NA
3857	14154	0.258599741277459	undirected	NA	NA
3857	14178	0.380011643924165	undirected	NA	NA
3857	14650	0.251454294388672	undirected	NA	NA
3857	14796	0.28855369252159	undirected	NA	NA
3857	14834	0.214746977748991	undirected	NA	NA
3857	14900	0.39782724520448	undirected	NA	NA
3857	15191	0.221872162937605	undirected	NA	NA
3857	15240	0.403460289125741	undirected	NA	NA
3857	15302	0.370232059717879	undirected	NA	NA
3857	15709	0.279570665484716	undirected	NA	NA
4267	4470	0.23603397422049	undirected	NA	NA
4267	4583	0.375959905536423	undirected	NA	NA
4267	4740	0.388699099466142	undirected	NA	NA
4267	5230	0.160119490972928	undirected	NA	NA
4267	5313	0.276995163370855	undirected	NA	NA
4267	6254	0.361291303319424	undirected	NA	NA
4267	6423	0.277531770728176	undirected	NA	NA
4267	6738	0.360254501160281	undirected	NA	NA
4267	7977	0.31755057410578	undirected	NA	NA
4267	8007	0.156781019390519	undirected	NA	NA
4267	8127	0.372065788837423	undirected	NA	NA
4267	8681	0.361983758325035	undirected	NA	NA
4267	8973	0.339399191218299	undirected	NA	NA
4267	9412	0.359245979468766	undirected	NA	NA
4267	9587	0.376380528476585	undirected	NA	NA
4267	10258	0.333195437928536	undirected	NA	NA
4267	10746	0.279306430156391	undirected	NA	NA
4267	10755	0.376115857606256	undirected	NA	NA
4267	10869	0.28271839335631	undirected	NA	NA
4267	10920	0.244581819317077	undirected	NA	NA
4267	11004	0.309641938434152	undirected	NA	NA
4267	11196	0.328730383418569	undirected	NA	NA
4267	11224	0.371774845555501	undirected	NA	NA
4267	11252	0.294830432923328	undirected	NA	NA
4267	11965	0.321257068999097	undirected	NA	NA
4267	12090	0.257539127374304	undirected	NA	NA
4267	12950	0.36880105091647	undirected	NA	NA
4267	13155	0.289703356011224	undirected	NA	NA
4267	13529	0.306357837555611	undirected	NA	NA
4267	14154	0.278341975047546	undirected	NA	NA
4267	14178	0.361026818334204	undirected	NA	NA
4267	14650	0.279732391831086	undirected	NA	NA
4267	14796	0.283280268264674	undirected	NA	NA
4267	14834	0.230965661840339	undirected	NA	NA
4267	14900	0.417979274241539	undirected	NA	NA
4267	15191	0.208200560575671	undirected	NA	NA
4267	15240	0.381350929387268	undirected	NA	NA
4267	15302	0.362503688096377	undirected	NA	NA
4267	15709	0.303428579683078	undirected	NA	NA
4470	4583	0.246734653726563	undirected	NA	NA
4470	4740	0.282840753231496	undirected	NA	NA
4470	5230	0.0877299817789594	undirected	NA	NA
4470	5313	0.100414868274186	undirected	NA	NA
4470	6254	0.229178468341873	undirected	NA	NA
4470	6423	0.216656382932947	undirected	NA	NA
4470	6738	0.17542702697433	undirected	NA	NA
4470	7977	0.290794143375114	undirected	NA	NA
4470	8007	0.103957904399639	undirected	NA	NA
4470	8127	0.249776683332408	undirected	NA	NA
4470	8681	0.23370136328131	undirected	NA	NA
4470	8973	0.221660095133254	undirected	NA	NA
4470	9412	0.239261054365043	undirected	NA	NA
4470	9587	0.253662340548005	undirected	NA	NA
4470	10258	0.203563180966328	undirected	NA	NA
4470	10746	0.224320554709994	undirected	NA	NA
4470	10755	0.224796787408906	undirected	NA	NA
4470	10869	0.122376456702677	undirected	NA	NA
4470	10920	0.162435045495165	undirected	NA	NA
4470	11004	0.186032427699356	undirected	NA	NA
4470	11196	0.307488820962997	undirected	NA	NA
4470	11224	0.240557731592599	undirected	NA	NA
4470	11252	0.326609362926227	undirected	NA	NA
4470	11965	0.25630836266772	undirected	NA	NA
4470	12090	0.292796718940607	undirected	NA	NA
4470	12950	0.244055043987604	undirected	NA	NA
4470	13155	0.314210693918052	undirected	NA	NA
4470	13529	0.24148973972918	undirected	NA	NA
4470	14154	0.269550373613857	undirected	NA	NA
4470	14178	0.238904217405241	undirected	NA	NA
4470	14650	0.220371431948838	undirected	NA	NA
4470	14796	0.146693691995816	undirected	NA	NA
4470	14834	0.0925105456228728	undirected	NA	NA
4470	14900	0.15660136777513	undirected	NA	NA
4470	15191	0.158127322923628	undirected	NA	NA
4470	15240	0.261368960584912	undirected	NA	NA
4470	15302	0.302625878984904	undirected	NA	NA
4470	15709	0.25134148193613	undirected	NA	NA
4583	4740	0.376076157633394	undirected	NA	NA
4583	5230	0.18175504107713	undirected	NA	NA
4583	5313	0.279735796317397	undirected	NA	NA
4583	6254	0.379517458176962	undirected	NA	NA
4583	6423	0.30349167640539	undirected	NA	NA
4583	6738	0.365310281998449	undirected	NA	NA
4583	7977	0.326994844770458	undirected	NA	NA
4583	8007	0.154543151667897	undirected	NA	NA
4583	8127	0.362096427504089	undirected	NA	NA
4583	8681	0.362071061892726	undirected	NA	NA
4583	8973	0.35053668015432	undirected	NA	NA
4583	9412	0.349298969532127	undirected	NA	NA
4583	9587	0.361393313863443	undirected	NA	NA
4583	10258	0.341357620160727	undirected	NA	NA
4583	10746	0.289093920554062	undirected	NA	NA
4583	10755	0.391173896755326	undirected	NA	NA
4583	10869	0.286180155894327	undirected	NA	NA
4583	10920	0.257310310366385	undirected	NA	NA
4583	11004	0.316646487732154	undirected	NA	NA
4583	11196	0.333874856331198	undirected	NA	NA
4583	11224	0.369049846373324	undirected	NA	NA
4583	11252	0.287681742888639	undirected	NA	NA
4583	11965	0.30230664975537	undirected	NA	NA
4583	12090	0.263212055869816	undirected	NA	NA
4583	12950	0.362951986874206	undirected	NA	NA
4583	13155	0.293221722027997	undirected	NA	NA
4583	13529	0.308790349330188	undirected	NA	NA
4583	14154	0.296208964914088	undirected	NA	NA
4583	14178	0.362638014126124	undirected	NA	NA
4583	14650	0.282171293279972	undirected	NA	NA
4583	14796	0.309058312549864	undirected	NA	NA
4583	14834	0.222923761526697	undirected	NA	NA
4583	14900	0.424980154471933	undirected	NA	NA
4583	15191	0.218004036705251	undirected	NA	NA
4583	15240	0.369269944332623	undirected	NA	NA
4583	15302	0.362827729711596	undirected	NA	NA
4583	15709	0.315070924536582	undirected	NA	NA
4740	5230	0.186783709295916	undirected	NA	NA
4740	5313	0.249587511564556	undirected	NA	NA
4740	6254	0.397091756688598	undirected	NA	NA
4740	6423	0.320028046605129	undirected	NA	NA
4740	6738	0.350375685291679	undirected	NA	NA
4740	7977	0.352034673711942	undirected	NA	NA
4740	8007	0.134538432568354	undirected	NA	NA
4740	8127	0.381090022137532	undirected	NA	NA
4740	8681	0.378788725077847	undirected	NA	NA
4740	8973	0.34745953242426	undirected	NA	NA
4740	9412	0.352734494080943	undirected	NA	NA
4740	9587	0.363358620270244	undirected	NA	NA
4740	10258	0.330832976088279	undirected	NA	NA
4740	10746	0.283682597624563	undirected	NA	NA
4740	10755	0.405171244070449	undirected	NA	NA
4740	10869	0.26281669994382	undirected	NA	NA
4740	10920	0.245280904655924	undirected	NA	NA
4740	11004	0.300082079586656	undirected	NA	NA
4740	11196	0.358546547788981	undirected	NA	NA
4740	11224	0.385455238337263	undirected	NA	NA
4740	11252	0.272832673292615	undirected	NA	NA
4740	11965	0.305840625351287	undirected	NA	NA
4740	12090	0.254010690857102	undirected	NA	NA
4740	12950	0.377342405699459	undirected	NA	NA
4740	13155	0.310566472598943	undirected	NA	NA
4740	13529	0.312917526182413	undirected	NA	NA
4740	14154	0.31020685586685	undirected	NA	NA
4740	14178	0.372983163154036	undirected	NA	NA
4740	14650	0.279370441392593	undirected	NA	NA
4740	14796	0.325179714215368	undirected	NA	NA
4740	14834	0.196896276489497	undirected	NA	NA
4740	14900	0.418646193745264	undirected	NA	NA
4740	15191	0.207304746851599	undirected	NA	NA
4740	15240	0.350668884078736	undirected	NA	NA
4740	15302	0.342235028650455	undirected	NA	NA
4740	15709	0.319582740659835	undirected	NA	NA
5230	5313	0.0619385763994442	undirected	NA	NA
5230	6254	0.19346862868245	undirected	NA	NA
5230	6423	0.24082917210189	undirected	NA	NA
5230	6738	0.0989118855449407	undirected	NA	NA
5230	7977	0.108971592633223	undirected	NA	NA
5230	8007	0.0209540958342773	undirected	NA	NA
5230	8127	0.170896013499351	undirected	NA	NA
5230	8681	0.209143682060121	undirected	NA	NA
5230	8973	0.130332936526219	undirected	NA	NA
5230	9412	0.202111091184844	undirected	NA	NA
5230	9587	0.176371349569264	undirected	NA	NA
5230	10258	0.106939908942967	undirected	NA	NA
5230	10746	0.104690979079115	undirected	NA	NA
5230	10755	0.174059887426041	undirected	NA	NA
5230	10869	0.0633813802914988	undirected	NA	NA
5230	10920	0.10822456119704	undirected	NA	NA
5230	11004	0.090154867101672	undirected	NA	NA
5230	11196	0.109689002634259	undirected	NA	NA
5230	11224	0.184774247406393	undirected	NA	NA
5230	11252	0.143194848778543	undirected	NA	NA
5230	11965	0.120042864652411	undirected	NA	NA
5230	12090	0.135086724169602	undirected	NA	NA
5230	12950	0.163865748742897	undirected	NA	NA
5230	13155	0.10978983064671	undirected	NA	NA
5230	13529	0.109871804897046	undirected	NA	NA
5230	14154	0.162331169760563	undirected	NA	NA
5230	14178	0.152039310044757	undirected	NA	NA
5230	14650	0.0752819713032424	undirected	NA	NA
5230	14796	0.231929352327787	undirected	NA	NA
5230	14834	0.0275185516032108	undirected	NA	NA
5230	14900	0.123091459891223	undirected	NA	NA
5230	15191	0.0839911811174991	undirected	NA	NA
5230	15240	0.196118310406441	undirected	NA	NA
5230	15302	0.170069543217111	undirected	NA	NA
5230	15709	0.126909436912973	undirected	NA	NA
5313	6254	0.246282731887814	undirected	NA	NA
5313	6423	0.174269750977056	undirected	NA	NA
5313	6738	0.29896306815297	undirected	NA	NA
5313	7977	0.168086861257386	undirected	NA	NA
5313	8007	0.19999144552446	undirected	NA	NA
5313	8127	0.261238167052771	undirected	NA	NA
5313	8681	0.25924781186995	undirected	NA	NA
5313	8973	0.259654544715258	undirected	NA	NA
5313	9412	0.281000902481913	undirected	NA	NA
5313	9587	0.280811504667417	undirected	NA	NA
5313	10258	0.258625533957595	undirected	NA	NA
5313	10746	0.275934084970225	undirected	NA	NA
5313	10755	0.253975571571617	undirected	NA	NA
5313	10869	0.296360433738979	undirected	NA	NA
5313	10920	0.335561498871695	undirected	NA	NA
5313	11004	0.25354126577196	undirected	NA	NA
5313	11196	0.154944101587938	undirected	NA	NA
5313	11224	0.269164905451572	undirected	NA	NA
5313	11252	0.179790904656258	undirected	NA	NA
5313	11965	0.307028122299756	undirected	NA	NA
5313	12090	0.202540999908096	undirected	NA	NA
5313	12950	0.282954048047681	undirected	NA	NA
5313	13155	0.151165764759258	undirected	NA	NA
5313	13529	0.304760339113235	undirected	NA	NA
5313	14154	0.191482561806108	undirected	NA	NA
5313	14178	0.297491699152356	undirected	NA	NA
5313	14650	0.236928652290727	undirected	NA	NA
5313	14796	0.117250170995665	undirected	NA	NA
5313	14834	0.263304570169305	undirected	NA	NA
5313	14900	0.215517731036194	undirected	NA	NA
5313	15191	0.317739836804771	undirected	NA	NA
5313	15240	0.276021838812039	undirected	NA	NA
5313	15302	0.25528523422777	undirected	NA	NA
5313	15709	0.235413582476651	undirected	NA	NA
6254	6423	0.297993131729051	undirected	NA	NA
6254	6738	0.333083592931847	undirected	NA	NA
6254	7977	0.308719347847248	undirected	NA	NA
6254	8007	0.123620193484652	undirected	NA	NA
6254	8127	0.376310776020606	undirected	NA	NA
6254	8681	0.374662349178356	undirected	NA	NA
6254	8973	0.322086938888613	undirected	NA	NA
6254	9412	0.367191490784215	undirected	NA	NA
6254	9587	0.379179880769991	undirected	NA	NA
6254	10258	0.307999889019362	undirected	NA	NA
6254	10746	0.253982345771332	undirected	NA	NA
6254	10755	0.382615535874559	undirected	NA	NA
6254	10869	0.252287102592382	undirected	NA	NA
6254	10920	0.226787886416497	undirected	NA	NA
6254	11004	0.279451340902902	undirected	NA	NA
6254	11196	0.324405140755636	undirected	NA	NA
6254	11224	0.378211264926698	undirected	NA	NA
6254	11252	0.290625040198697	undirected	NA	NA
6254	11965	0.299212911737801	undirected	NA	NA
6254	12090	0.248406297215791	undirected	NA	NA
6254	12950	0.368353135631636	undirected	NA	NA
6254	13155	0.279188979384667	undirected	NA	NA
6254	13529	0.283287212980787	undirected	NA	NA
6254	14154	0.275537795071051	undirected	NA	NA
6254	14178	0.355025152006463	undirected	NA	NA
6254	14650	0.24876761391333	undirected	NA	NA
6254	14796	0.325437101484028	undirected	NA	NA
6254	14834	0.18748114763694	undirected	NA	NA
6254	14900	0.416343650406516	undirected	NA	NA
6254	15191	0.186817067896133	undirected	NA	NA
6254	15240	0.388029390836454	undirected	NA	NA
6254	15302	0.360777948204891	undirected	NA	NA
6254	15709	0.28706556111042	undirected	NA	NA
6423	6738	0.224101344143422	undirected	NA	NA
6423	7977	0.275062866814374	undirected	NA	NA
6423	8007	0.102877095184602	undirected	NA	NA
6423	8127	0.29097905493677	undirected	NA	NA
6423	8681	0.314255033123102	undirected	NA	NA
6423	8973	0.238162955311659	undirected	NA	NA
6423	9412	0.317169081554223	undirected	NA	NA
6423	9587	0.303775984311029	undirected	NA	NA
6423	10258	0.226903028328173	undirected	NA	NA
6423	10746	0.195210611916963	undirected	NA	NA
6423	10755	0.27973845800616	undirected	NA	NA
6423	10869	0.171401264498183	undirected	NA	NA
6423	10920	0.195084586330253	undirected	NA	NA
6423	11004	0.212128723711627	undirected	NA	NA
6423	11196	0.271336971162525	undirected	NA	NA
6423	11224	0.301179619158274	undirected	NA	NA
6423	11252	0.250658071926382	undirected	NA	NA
6423	11965	0.235435386957339	undirected	NA	NA
6423	12090	0.25524688838246	undirected	NA	NA
6423	12950	0.286886840658849	undirected	NA	NA
6423	13155	0.2487297605631	undirected	NA	NA
6423	13529	0.218274181927675	undirected	NA	NA
6423	14154	0.229925544386899	undirected	NA	NA
6423	14178	0.274574414080643	undirected	NA	NA
6423	14650	0.169520595400673	undirected	NA	NA
6423	14796	0.276346014632854	undirected	NA	NA
6423	14834	0.119424168197266	undirected	NA	NA
6423	14900	0.268463482263405	undirected	NA	NA
6423	15191	0.161481519062611	undirected	NA	NA
6423	15240	0.323209798307426	undirected	NA	NA
6423	15302	0.326608883406642	undirected	NA	NA
6423	15709	0.217221825346693	undirected	NA	NA
6738	7977	0.250887284682485	undirected	NA	NA
6738	8007	0.231273353106105	undirected	NA	NA
6738	8127	0.354014261605705	undirected	NA	NA
6738	8681	0.338964531498299	undirected	NA	NA
6738	8973	0.312742333098729	undirected	NA	NA
6738	9412	0.347141363470394	undirected	NA	NA
6738	9587	0.363184572246143	undirected	NA	NA
6738	10258	0.308528910481904	undirected	NA	NA
6738	10746	0.303230422554043	undirected	NA	NA
6738	10755	0.34228233124078	undirected	NA	NA
6738	10869	0.286774790645399	undirected	NA	NA
6738	10920	0.302655235017205	undirected	NA	NA
6738	11004	0.309310659332291	undirected	NA	NA
6738	11196	0.250110447492547	undirected	NA	NA
6738	11224	0.355749192465959	undirected	NA	NA
6738	11252	0.276434030090095	undirected	NA	NA
6738	11965	0.373663156142988	undirected	NA	NA
6738	12090	0.2509529496134	undirected	NA	NA
6738	12950	0.365011902568895	undirected	NA	NA
6738	13155	0.242532156056925	undirected	NA	NA
6738	13529	0.365575941256545	undirected	NA	NA
6738	14154	0.253077026640439	undirected	NA	NA
6738	14178	0.372924172260608	undirected	NA	NA
6738	14650	0.282637249502031	undirected	NA	NA
6738	14796	0.160406545150028	undirected	NA	NA
6738	14834	0.297274446030398	undirected	NA	NA
6738	14900	0.319384776293606	undirected	NA	NA
6738	15191	0.276020360994065	undirected	NA	NA
6738	15240	0.360829581458616	undirected	NA	NA
6738	15302	0.330616457077063	undirected	NA	NA
6738	15709	0.295214715818459	undirected	NA	NA
7977	8007	0.116256122554313	undirected	NA	NA
7977	8127	0.326988983844594	undirected	NA	NA
7977	8681	0.313492773780956	undirected	NA	NA
7977	8973	0.278812028868969	undirected	NA	NA
7977	9412	0.324068302362063	undirected	NA	NA
7977	9587	0.337065617851956	undirected	NA	NA
7977	10258	0.260594990396017	undirected	NA	NA
7977	10746	0.282876350605892	undirected	NA	NA
7977	10755	0.302281097189264	undirected	NA	NA
7977	10869	0.201498774934581	undirected	NA	NA
7977	10920	0.245774744882999	undirected	NA	NA
7977	11004	0.243099117997852	undirected	NA	NA
7977	11196	0.319130838400519	undirected	NA	NA
7977	11224	0.32075024521809	undirected	NA	NA
7977	11252	0.331937850203445	undirected	NA	NA
7977	11965	0.319505160384484	undirected	NA	NA
7977	12090	0.327280174842759	undirected	NA	NA
7977	12950	0.327281558275048	undirected	NA	NA
7977	13155	0.304202584265151	undirected	NA	NA
7977	13529	0.306715775196331	undirected	NA	NA
7977	14154	0.304333528044136	undirected	NA	NA
7977	14178	0.3227768481259	undirected	NA	NA
7977	14650	0.261204315183958	undirected	NA	NA
7977	14796	0.209030064783667	undirected	NA	NA
7977	14834	0.13830343126576	undirected	NA	NA
7977	14900	0.2263252595999	undirected	NA	NA
7977	15191	0.235991886788203	undirected	NA	NA
7977	15240	0.340314296675869	undirected	NA	NA
7977	15302	0.362865731645624	undirected	NA	NA
7977	15709	0.294421313727101	undirected	NA	NA
8007	8127	0.14344469106658	undirected	NA	NA
8007	8681	0.13269753371312	undirected	NA	NA
8007	8973	0.228252050017144	undirected	NA	NA
8007	9412	0.143399155924603	undirected	NA	NA
8007	9587	0.148821767653425	undirected	NA	NA
8007	10258	0.244144290848349	undirected	NA	NA
8007	10746	0.262884896822082	undirected	NA	NA
8007	10755	0.140015026563173	undirected	NA	NA
8007	10869	0.189157838276195	undirected	NA	NA
8007	10920	0.208885575760348	undirected	NA	NA
8007	11004	0.253841461736508	undirected	NA	NA
8007	11196	0.0996204801493003	undirected	NA	NA
8007	11224	0.144615042553613	undirected	NA	NA
8007	11252	0.16462910799255	undirected	NA	NA
8007	11965	0.245217377468369	undirected	NA	NA
8007	12090	0.166756572865831	undirected	NA	NA
8007	12950	0.156356149025613	undirected	NA	NA
8007	13155	0.142148441649763	undirected	NA	NA
8007	13529	0.245835288368154	undirected	NA	NA
8007	14154	0.174987531973077	undirected	NA	NA
8007	14178	0.17391010516887	undirected	NA	NA
8007	14650	0.254642376133272	undirected	NA	NA
8007	14796	0.0400474694083255	undirected	NA	NA
8007	14834	0.220599644735685	undirected	NA	NA
8007	14900	0.142885948722312	undirected	NA	NA
8007	15191	0.219877341475875	undirected	NA	NA
8007	15240	0.14795012233759	undirected	NA	NA
8007	15302	0.149772420509255	undirected	NA	NA
8007	15709	0.225308880267937	undirected	NA	NA
8127	8681	0.355241530448236	undirected	NA	NA
8127	8973	0.339710459264306	undirected	NA	NA
8127	9412	0.345815576078977	undirected	NA	NA
8127	9587	0.362807635691826	undirected	NA	NA
8127	10258	0.328691751427228	undirected	NA	NA
8127	10746	0.274883952784216	undirected	NA	NA
8127	10755	0.389289278442522	undirected	NA	NA
8127	10869	0.269682969318891	undirected	NA	NA
8127	10920	0.23764412803438	undirected	NA	NA
8127	11004	0.300855940386099	undirected	NA	NA
8127	11196	0.34030175828824	undirected	NA	NA
8127	11224	0.36450117359742	undirected	NA	NA
8127	11252	0.293011760372903	undirected	NA	NA
8127	11965	0.301607505252508	undirected	NA	NA
8127	12090	0.253573569944701	undirected	NA	NA
8127	12950	0.358000682986341	undirected	NA	NA
8127	13155	0.297218833696898	undirected	NA	NA
8127	13529	0.302023225859753	undirected	NA	NA
8127	14154	0.286645999315204	undirected	NA	NA
8127	14178	0.356628618925626	undirected	NA	NA
8127	14650	0.276020627001623	undirected	NA	NA
8127	14796	0.301944278229001	undirected	NA	NA
8127	14834	0.213548888257077	undirected	NA	NA
8127	14900	0.423953902607797	undirected	NA	NA
8127	15191	0.200382704613431	undirected	NA	NA
8127	15240	0.369532537274808	undirected	NA	NA
8127	15302	0.357403680364689	undirected	NA	NA
8127	15709	0.306034553009249	undirected	NA	NA
8681	8973	0.330793863805212	undirected	NA	NA
8681	9412	0.357872993323131	undirected	NA	NA
8681	9587	0.363186255464449	undirected	NA	NA
8681	10258	0.317792556925814	undirected	NA	NA
8681	10746	0.267362681804446	undirected	NA	NA
8681	10755	0.380996893590151	undirected	NA	NA
8681	10869	0.263691382605025	undirected	NA	NA
8681	10920	0.245441600018463	undirected	NA	NA
8681	11004	0.292427904596624	undirected	NA	NA
8681	11196	0.320746962472821	undirected	NA	NA
8681	11224	0.360364959249108	undirected	NA	NA
8681	11252	0.280565023728303	undirected	NA	NA
8681	11965	0.288549416156507	undirected	NA	NA
8681	12090	0.259079675609672	undirected	NA	NA
8681	12950	0.350349172937411	undirected	NA	NA
8681	13155	0.278477888463564	undirected	NA	NA
8681	13529	0.283474904328881	undirected	NA	NA
8681	14154	0.287510336206507	undirected	NA	NA
8681	14178	0.34649998889109	undirected	NA	NA
8681	14650	0.252943392306157	undirected	NA	NA
8681	14796	0.333407655821596	undirected	NA	NA
8681	14834	0.191593463989332	undirected	NA	NA
8681	14900	0.409080499300055	undirected	NA	NA
8681	15191	0.203555011469773	undirected	NA	NA
8681	15240	0.374251569883538	undirected	NA	NA
8681	15302	0.36187021083103	undirected	NA	NA
8681	15709	0.295825529263536	undirected	NA	NA
8973	9412	0.335709063526319	undirected	NA	NA
8973	9587	0.346940444851504	undirected	NA	NA
8973	10258	0.313801627014774	undirected	NA	NA
8973	10746	0.287523070543477	undirected	NA	NA
8973	10755	0.327137593802484	undirected	NA	NA
8973	10869	0.248093195303912	undirected	NA	NA
8973	10920	0.264518789601136	undirected	NA	NA
8973	11004	0.309183096168965	undirected	NA	NA
8973	11196	0.276898355029461	undirected	NA	NA
8973	11224	0.341881550886946	undirected	NA	NA
8973	11252	0.305645406506207	undirected	NA	NA
8973	11965	0.351170319598235	undirected	NA	NA
8973	12090	0.272763817185886	undirected	NA	NA
8973	12950	0.344560748660348	undirected	NA	NA
8973	13155	0.282186843824238	undirected	NA	NA
8973	13529	0.337892606573202	undirected	NA	NA
8973	14154	0.26978845590489	undirected	NA	NA
8973	14178	0.347640179620597	undirected	NA	NA
8973	14650	0.267959529883215	undirected	NA	NA
8973	14796	0.176247894064178	undirected	NA	NA
8973	14834	0.250713181648183	undirected	NA	NA
8973	14900	0.316980506503011	undirected	NA	NA
8973	15191	0.237669925736596	undirected	NA	NA
8973	15240	0.352236316686953	undirected	NA	NA
8973	15302	0.338014164761266	undirected	NA	NA
8973	15709	0.295512400789641	undirected	NA	NA
9412	9587	0.341700737530156	undirected	NA	NA
9412	10258	0.326123067328522	undirected	NA	NA
9412	10746	0.2831376395984	undirected	NA	NA
9412	10755	0.371977938928421	undirected	NA	NA
9412	10869	0.285557571525961	undirected	NA	NA
9412	10920	0.272832476809415	undirected	NA	NA
9412	11004	0.306503992200827	undirected	NA	NA
9412	11196	0.319269705252953	undirected	NA	NA
9412	11224	0.357307281381189	undirected	NA	NA
9412	11252	0.263286294702344	undirected	NA	NA
9412	11965	0.283061815818586	undirected	NA	NA
9412	12090	0.271525051770935	undirected	NA	NA
9412	12950	0.349922291107703	undirected	NA	NA
9412	13155	0.277499976799337	undirected	NA	NA
9412	13529	0.291098985589152	undirected	NA	NA
9412	14154	0.291116603053837	undirected	NA	NA
9412	14178	0.348821956947132	undirected	NA	NA
9412	14650	0.258656814973933	undirected	NA	NA
9412	14796	0.321896154236531	undirected	NA	NA
9412	14834	0.20325444403964	undirected	NA	NA
9412	14900	0.393365817682798	undirected	NA	NA
9412	15191	0.230594906961403	undirected	NA	NA
9412	15240	0.353108930855315	undirected	NA	NA
9412	15302	0.362148538279145	undirected	NA	NA
9412	15709	0.300588389260069	undirected	NA	NA
9587	10258	0.337383955027471	undirected	NA	NA
9587	10746	0.289357298958101	undirected	NA	NA
9587	10755	0.38948488594931	undirected	NA	NA
9587	10869	0.289706291608163	undirected	NA	NA
9587	10920	0.263598804391624	undirected	NA	NA
9587	11004	0.313454007290885	undirected	NA	NA
9587	11196	0.339793135403383	undirected	NA	NA
9587	11224	0.369827002220659	undirected	NA	NA
9587	11252	0.27768369151303	undirected	NA	NA
9587	11965	0.299830092923791	undirected	NA	NA
9587	12090	0.265571086760509	undirected	NA	NA
9587	12950	0.36470430091392	undirected	NA	NA
9587	13155	0.295003868415449	undirected	NA	NA
9587	13529	0.309890292224523	undirected	NA	NA
9587	14154	0.294185581254217	undirected	NA	NA
9587	14178	0.364402725678273	undirected	NA	NA
9587	14650	0.279374873058224	undirected	NA	NA
9587	14796	0.307353135984029	undirected	NA	NA
9587	14834	0.219890374822862	undirected	NA	NA
9587	14900	0.416700875896509	undirected	NA	NA
9587	15191	0.224516927151934	undirected	NA	NA
9587	15240	0.356703642885422	undirected	NA	NA
9587	15302	0.36176361100941	undirected	NA	NA
9587	15709	0.312238272741991	undirected	NA	NA
10258	10746	0.306362033391686	undirected	NA	NA
10258	10755	0.317035618869553	undirected	NA	NA
10258	10869	0.243525300927246	undirected	NA	NA
10258	10920	0.282476542626541	undirected	NA	NA
10258	11004	0.298738028408658	undirected	NA	NA
10258	11196	0.254562291469669	undirected	NA	NA
10258	11224	0.331129022631795	undirected	NA	NA
10258	11252	0.294668762976509	undirected	NA	NA
10258	11965	0.362211132849609	undirected	NA	NA
10258	12090	0.268959115459084	undirected	NA	NA
10258	12950	0.337742574257956	undirected	NA	NA
10258	13155	0.266480657018022	undirected	NA	NA
10258	13529	0.351200629302013	undirected	NA	NA
10258	14154	0.269368490017551	undirected	NA	NA
10258	14178	0.345529099628595	undirected	NA	NA
10258	14650	0.28277443975416	undirected	NA	NA
10258	14796	0.144229574317999	undirected	NA	NA
10258	14834	0.262327557976953	undirected	NA	NA
10258	14900	0.284245056599718	undirected	NA	NA
10258	15191	0.258890342777436	undirected	NA	NA
10258	15240	0.340273966893348	undirected	NA	NA
10258	15302	0.325582435573801	undirected	NA	NA
10258	15709	0.304446171287308	undirected	NA	NA
10746	10755	0.259902705647531	undirected	NA	NA
10746	10869	0.263697865565849	undirected	NA	NA
10746	10920	0.267811094905049	undirected	NA	NA
10746	11004	0.314334222245482	undirected	NA	NA
10746	11196	0.260424179486934	undirected	NA	NA
10746	11224	0.277623966282875	undirected	NA	NA
10746	11252	0.261934055791215	undirected	NA	NA
10746	11965	0.319807658033672	undirected	NA	NA
10746	12090	0.282737397543183	undirected	NA	NA
10746	12950	0.286468118572549	undirected	NA	NA
10746	13155	0.271377666430655	undirected	NA	NA
10746	13529	0.307423515074078	undirected	NA	NA
10746	14154	0.233501764314784	undirected	NA	NA
10746	14178	0.294897169029556	undirected	NA	NA
10746	14650	0.266112088851128	undirected	NA	NA
10746	14796	0.136869405016598	undirected	NA	NA
10746	14834	0.271686409916954	undirected	NA	NA
10746	14900	0.270660075041079	undirected	NA	NA
10746	15191	0.252906257811452	undirected	NA	NA
10746	15240	0.293739101785675	undirected	NA	NA
10746	15302	0.315562040910169	undirected	NA	NA
10746	15709	0.263264808186055	undirected	NA	NA
10755	10869	0.258502388997495	undirected	NA	NA
10755	10920	0.224287198640232	undirected	NA	NA
10755	11004	0.289854132930288	undirected	NA	NA
10755	11196	0.320822058150553	undirected	NA	NA
10755	11224	0.389289533301902	undirected	NA	NA
10755	11252	0.301647367135268	undirected	NA	NA
10755	11965	0.320015874109077	undirected	NA	NA
10755	12090	0.246641274751499	undirected	NA	NA
10755	12950	0.381831368542189	undirected	NA	NA
10755	13155	0.281447002014544	undirected	NA	NA
10755	13529	0.305039327117333	undirected	NA	NA
10755	14154	0.272218557935752	undirected	NA	NA
10755	14178	0.37069209558902	undirected	NA	NA
10755	14650	0.262093511994336	undirected	NA	NA
10755	14796	0.299032892817687	undirected	NA	NA
10755	14834	0.207368191192772	undirected	NA	NA
10755	14900	0.420043685734349	undirected	NA	NA
10755	15191	0.188642336661834	undirected	NA	NA
10755	15240	0.395462921959	undirected	NA	NA
10755	15302	0.359403609478728	undirected	NA	NA
10755	15709	0.291657409953946	undirected	NA	NA
10869	10920	0.324997557653718	undirected	NA	NA
10869	11004	0.244459531926438	undirected	NA	NA
10869	11196	0.185740929560879	undirected	NA	NA
10869	11224	0.275349892119079	undirected	NA	NA
10869	11252	0.188180900507873	undirected	NA	NA
10869	11965	0.308483610784502	undirected	NA	NA
10869	12090	0.217760409542852	undirected	NA	NA
10869	12950	0.290168902489069	undirected	NA	NA
10869	13155	0.173452324917242	undirected	NA	NA
10869	13529	0.304364074917524	undirected	NA	NA
10869	14154	0.185571846793581	undirected	NA	NA
10869	14178	0.30295126922965	undirected	NA	NA
10869	14650	0.228060205007304	undirected	NA	NA
10869	14796	0.117849037762155	undirected	NA	NA
10869	14834	0.271374029334618	undirected	NA	NA
10869	14900	0.221796810161693	undirected	NA	NA
10869	15191	0.309285701165509	undirected	NA	NA
10869	15240	0.284589773922314	undirected	NA	NA
10869	15302	0.276424849174975	undirected	NA	NA
10869	15709	0.226678662983315	undirected	NA	NA
10920	11004	0.299017435156089	undirected	NA	NA
10920	11196	0.211988059345195	undirected	NA	NA
10920	11224	0.24677464021218	undirected	NA	NA
10920	11252	0.183923670577664	undirected	NA	NA
10920	11965	0.263059995271063	undirected	NA	NA
10920	12090	0.260499122298354	undirected	NA	NA
10920	12950	0.255566569717833	undirected	NA	NA
10920	13155	0.198938277663967	undirected	NA	NA
10920	13529	0.252130038683136	undirected	NA	NA
10920	14154	0.201318313559231	undirected	NA	NA
10920	14178	0.262504206368435	undirected	NA	NA
10920	14650	0.226011323397161	undirected	NA	NA
10920	14796	0.163501199676997	undirected	NA	NA
10920	14834	0.258611903798366	undirected	NA	NA
10920	14900	0.256419250800847	undirected	NA	NA
10920	15191	0.284544877675337	undirected	NA	NA
10920	15240	0.267410114338564	undirected	NA	NA
10920	15302	0.297428331917474	undirected	NA	NA
10920	15709	0.231289541968644	undirected	NA	NA
11004	11196	0.228631480925809	undirected	NA	NA
11004	11224	0.304928284765149	undirected	NA	NA
11004	11252	0.270229112994379	undirected	NA	NA
11004	11965	0.355076766835015	undirected	NA	NA
11004	12090	0.268116050931866	undirected	NA	NA
11004	12950	0.314599516865302	undirected	NA	NA
11004	13155	0.245761613295199	undirected	NA	NA
11004	13529	0.345636292978902	undirected	NA	NA
11004	14154	0.258922983191945	undirected	NA	NA
11004	14178	0.326359513653967	undirected	NA	NA
11004	14650	0.283761811950462	undirected	NA	NA
11004	14796	0.126218109040112	undirected	NA	NA
11004	14834	0.260339245033093	undirected	NA	NA
11004	14900	0.243105626512138	undirected	NA	NA
11004	15191	0.28034200492553	undirected	NA	NA
11004	15240	0.315555779971942	undirected	NA	NA
11004	15302	0.309368983424298	undirected	NA	NA
11004	15709	0.298477838991979	undirected	NA	NA
11196	11224	0.331149807527737	undirected	NA	NA
11196	11252	0.333084347301393	undirected	NA	NA
11196	11965	0.311008854688139	undirected	NA	NA
11196	12090	0.278788786170879	undirected	NA	NA
11196	12950	0.334201849682032	undirected	NA	NA
11196	13155	0.284242025336701	undirected	NA	NA
11196	13529	0.300853290777267	undirected	NA	NA
11196	14154	0.298613701892821	undirected	NA	NA
11196	14178	0.326923166168168	undirected	NA	NA
11196	14650	0.257392915271625	undirected	NA	NA
11196	14796	0.221962569460767	undirected	NA	NA
11196	14834	0.131109898915494	undirected	NA	NA
11196	14900	0.250954614199994	undirected	NA	NA
11196	15191	0.196652045707439	undirected	NA	NA
11196	15240	0.340319932774087	undirected	NA	NA
11196	15302	0.332143169144702	undirected	NA	NA
11196	15709	0.289942703309728	undirected	NA	NA
11224	11252	0.290410493855317	undirected	NA	NA
11224	11965	0.303859994611357	undirected	NA	NA
11224	12090	0.258421695055705	undirected	NA	NA
11224	12950	0.35958249384784	undirected	NA	NA
11224	13155	0.289082740545182	undirected	NA	NA
11224	13529	0.299326999774096	undirected	NA	NA
11224	14154	0.289426652215374	undirected	NA	NA
11224	14178	0.356742363460355	undirected	NA	NA
11224	14650	0.271904036263004	undirected	NA	NA
11224	14796	0.314020091864768	undirected	NA	NA
11224	14834	0.212106033004518	undirected	NA	NA
11224	14900	0.424008208623328	undirected	NA	NA
11224	15191	0.207143215744419	undirected	NA	NA
11224	15240	0.37783076851528	undirected	NA	NA
11224	15302	0.363186384484968	undirected	NA	NA
11224	15709	0.306313784637423	undirected	NA	NA
11252	11965	0.272786417517078	undirected	NA	NA
11252	12090	0.224919584287887	undirected	NA	NA
11252	12950	0.287353264357409	undirected	NA	NA
11252	13155	0.326559602259347	undirected	NA	NA
11252	13529	0.27496698563647	undirected	NA	NA
11252	14154	0.298880433423211	undirected	NA	NA
11252	14178	0.286717301310338	undirected	NA	NA
11252	14650	0.276981038681331	undirected	NA	NA
11252	14796	0.208276613000336	undirected	NA	NA
11252	14834	0.172023812059021	undirected	NA	NA
11252	14900	0.303595291869304	undirected	NA	NA
11252	15191	0.163194222139978	undirected	NA	NA
11252	15240	0.272621221890697	undirected	NA	NA
11252	15302	0.26034168506113	undirected	NA	NA
11252	15709	0.305126833594712	undirected	NA	NA
11965	12090	0.265903930841954	undirected	NA	NA
11965	12950	0.310374456513537	undirected	NA	NA
11965	13155	0.299517521043718	undirected	NA	NA
11965	13529	0.32074193956502	undirected	NA	NA
11965	14154	0.281101072109084	undirected	NA	NA
11965	14178	0.321329886102667	undirected	NA	NA
11965	14650	0.326322859837293	undirected	NA	NA
11965	14796	0.196391088535968	undirected	NA	NA
11965	14834	0.301976236254156	undirected	NA	NA
11965	14900	0.365203238700475	undirected	NA	NA
11965	15191	0.240693973514617	undirected	NA	NA
11965	15240	0.302637584096566	undirected	NA	NA
11965	15302	0.323983367581364	undirected	NA	NA
11965	15709	0.323166730829026	undirected	NA	NA
12090	12950	0.262310976587627	undirected	NA	NA
12090	13155	0.260853228575633	undirected	NA	NA
12090	13529	0.260768801084925	undirected	NA	NA
12090	14154	0.277671861876686	undirected	NA	NA
12090	14178	0.265093300685137	undirected	NA	NA
12090	14650	0.239126117994769	undirected	NA	NA
12090	14796	0.184018245660501	undirected	NA	NA
12090	14834	0.161241598204843	undirected	NA	NA
12090	14900	0.215373745238397	undirected	NA	NA
12090	15191	0.249898298989989	undirected	NA	NA
12090	15240	0.267512970213596	undirected	NA	NA
12090	15302	0.251826358483217	undirected	NA	NA
12090	15709	0.273524410807254	undirected	NA	NA
12950	13155	0.292854733601726	undirected	NA	NA
12950	13529	0.307848416016291	undirected	NA	NA
12950	14154	0.285172243042848	undirected	NA	NA
12950	14178	0.356963794005643	undirected	NA	NA
12950	14650	0.282718673987349	undirected	NA	NA
12950	14796	0.2900840124496	undirected	NA	NA
12950	14834	0.230966191327605	undirected	NA	NA
12950	14900	0.418243312261446	undirected	NA	NA
12950	15191	0.218302314698546	undirected	NA	NA
12950	15240	0.370641511562211	undirected	NA	NA
12950	15302	0.363122461257554	undirected	NA	NA
12950	15709	0.308787587378707	undirected	NA	NA
13155	13529	0.290750186859197	undirected	NA	NA
13155	14154	0.307184074976593	undirected	NA	NA
13155	14178	0.290487339008193	undirected	NA	NA
13155	14650	0.274571468571363	undirected	NA	NA
13155	14796	0.180737917870496	undirected	NA	NA
13155	14834	0.142020015887617	undirected	NA	NA
13155	14900	0.230515961668672	undirected	NA	NA
13155	15191	0.188712382933009	undirected	NA	NA
13155	15240	0.296627591537713	undirected	NA	NA
13155	15302	0.289041530195744	undirected	NA	NA
13155	15709	0.302162590411037	undirected	NA	NA
13529	14154	0.263857234003656	undirected	NA	NA
13529	14178	0.312125573425238	undirected	NA	NA
13529	14650	0.317931699176906	undirected	NA	NA
13529	14796	0.182810295753056	undirected	NA	NA
13529	14834	0.308186048639368	undirected	NA	NA
13529	14900	0.35575628472453	undirected	NA	NA
13529	15191	0.231134154691346	undirected	NA	NA
13529	15240	0.310921054467228	undirected	NA	NA
13529	15302	0.322818320083009	undirected	NA	NA
13529	15709	0.308701834625875	undirected	NA	NA
14154	14178	0.281695487302906	undirected	NA	NA
14154	14650	0.226093728368768	undirected	NA	NA
14154	14796	0.186268952013255	undirected	NA	NA
14154	14834	0.171523837896617	undirected	NA	NA
14154	14900	0.26966466766522	undirected	NA	NA
14154	15191	0.177642967745892	undirected	NA	NA
14154	15240	0.307709937959482	undirected	NA	NA
14154	15302	0.324147625135375	undirected	NA	NA
14154	15709	0.25495457089487	undirected	NA	NA
14178	14650	0.292256390266576	undirected	NA	NA
14178	14796	0.269561311436516	undirected	NA	NA
14178	14834	0.251432162361757	undirected	NA	NA
14178	14900	0.41222803388428	undirected	NA	NA
14178	15191	0.227335557079903	undirected	NA	NA
14178	15240	0.368771513061754	undirected	NA	NA
14178	15302	0.361835584842629	undirected	NA	NA
14178	15709	0.311152971216084	undirected	NA	NA
14650	14796	0.109597653010402	undirected	NA	NA
14650	14834	0.281003375541009	undirected	NA	NA
14650	14900	0.261837236267729	undirected	NA	NA
14650	15191	0.214076500000676	undirected	NA	NA
14650	15240	0.278722550371479	undirected	NA	NA
14650	15302	0.281531603141268	undirected	NA	NA
14650	15709	0.265967263215063	undirected	NA	NA
14796	14834	0.0660314486730449	undirected	NA	NA
14796	14900	0.228795992318603	undirected	NA	NA
14796	15191	0.125430012491357	undirected	NA	NA
14796	15240	0.32536376124298	undirected	NA	NA
14796	15302	0.28385103038373	undirected	NA	NA
14796	15709	0.164269247757055	undirected	NA	NA
14834	14900	0.200022509794075	undirected	NA	NA
14834	15191	0.260077902508761	undirected	NA	NA
14834	15240	0.210737405583082	undirected	NA	NA
14834	15302	0.193141339863187	undirected	NA	NA
14834	15709	0.233463691703843	undirected	NA	NA
14900	15191	0.217290319272768	undirected	NA	NA
14900	15240	0.415912804923486	undirected	NA	NA
14900	15302	0.330241695324044	undirected	NA	NA
14900	15709	0.296970699519599	undirected	NA	NA
15191	15240	0.226789330209411	undirected	NA	NA
15191	15302	0.268742873198731	undirected	NA	NA
15191	15709	0.20965705101778	undirected	NA	NA
15240	15302	0.357548066600355	undirected	NA	NA
15240	15709	0.319285878791847	undirected	NA	NA
15302	15709	0.324210652234611	undirected	NA	NA
