fromNode	toNode	weight	direction	fromAltName	toAltName
202	204	0.0727450086429146	undirected	NA	NA
202	550	0.119299789156237	undirected	NA	NA
202	588	0.402400114807008	undirected	NA	NA
202	1892	0.0182566726441765	undirected	NA	NA
202	2232	0.376577019397143	undirected	NA	NA
202	2491	0.373466786359789	undirected	NA	NA
202	3349	0.40718124961103	undirected	NA	NA
202	4423	0.414098876364801	undirected	NA	NA
202	4572	0.0364297946961271	undirected	NA	NA
202	4628	0.238860263778106	undirected	NA	NA
202	4985	0.0328254622174995	undirected	NA	NA
202	5881	0.378542102730003	undirected	NA	NA
202	5991	0.195085504080537	undirected	NA	NA
202	7130	0.302461993198032	undirected	NA	NA
202	7466	0.00179231537481074	undirected	NA	NA
202	7908	0.0247323268720372	undirected	NA	NA
202	8484	0.32791858537197	undirected	NA	NA
202	8774	0.0674627089620684	undirected	NA	NA
202	8782	0.121841597552923	undirected	NA	NA
202	8800	0.200874092843453	undirected	NA	NA
202	10092	0.15294001965089	undirected	NA	NA
202	11109	0.0227600846308519	undirected	NA	NA
202	11329	0.394845301523366	undirected	NA	NA
202	12488	0.0441345987735392	undirected	NA	NA
202	13842	0.0418768683758297	undirected	NA	NA
202	14079	0.347407686873474	undirected	NA	NA
202	14861	0.0939579180017981	undirected	NA	NA
202	14864	0.407309422219112	undirected	NA	NA
202	15020	0.163011663764807	undirected	NA	NA
202	15101	0.389917604879694	undirected	NA	NA
202	15237	0.00513084451751959	undirected	NA	NA
202	15319	0.0697859642883147	undirected	NA	NA
202	15352	0.2917488417807	undirected	NA	NA
202	15587	0.391775944504873	undirected	NA	NA
204	550	0.0366280631431098	undirected	NA	NA
204	588	0.0972114741701756	undirected	NA	NA
204	1892	0.0981124363137348	undirected	NA	NA
204	2232	0.0500723005900098	undirected	NA	NA
204	2491	0.0573888154382923	undirected	NA	NA
204	3349	0.135524170693439	undirected	NA	NA
204	4423	0.169095948335828	undirected	NA	NA
204	4572	0.0849136768949312	undirected	NA	NA
204	4628	0.0466207902907543	undirected	NA	NA
204	4985	0.014048953970255	undirected	NA	NA
204	5881	0.0624885964391756	undirected	NA	NA
204	5991	0.0290808774714278	undirected	NA	NA
204	7130	0.0495035916980624	undirected	NA	NA
204	7466	0.0703265780422814	undirected	NA	NA
204	7908	0.018758342603448	undirected	NA	NA
204	8484	0.0379070115140103	undirected	NA	NA
204	8774	0.00735678858330679	undirected	NA	NA
204	8782	0.0137131592398878	undirected	NA	NA
204	8800	0.177522969785055	undirected	NA	NA
204	10092	0.234751965528384	undirected	NA	NA
204	11109	0.161204472913226	undirected	NA	NA
204	11329	0.0752933675731645	undirected	NA	NA
204	12488	0.167553877598611	undirected	NA	NA
204	13842	0.0142952315582855	undirected	NA	NA
204	14079	0.0679947309979672	undirected	NA	NA
204	14861	0.1807985007878	undirected	NA	NA
204	14864	0.110182998119142	undirected	NA	NA
204	15020	0.0375719317408084	undirected	NA	NA
204	15101	0.0876367175002288	undirected	NA	NA
204	15237	0.164283060389927	undirected	NA	NA
204	15319	0.0128025465724742	undirected	NA	NA
204	15352	0.154993241868019	undirected	NA	NA
204	15587	0.0676756489529798	undirected	NA	NA
550	588	0.124456131899914	undirected	NA	NA
550	1892	0.088440476608104	undirected	NA	NA
550	2232	0.07305936636034	undirected	NA	NA
550	2491	0.151272535540364	undirected	NA	NA
550	3349	0.099823003927417	undirected	NA	NA
550	4423	0.150591236766814	undirected	NA	NA
550	4572	0.153018826598535	undirected	NA	NA
550	4628	0.130909034187998	undirected	NA	NA
550	4985	0.237863462063372	undirected	NA	NA
550	5881	0.138671836037706	undirected	NA	NA
550	5991	0.0296588264464503	undirected	NA	NA
550	7130	0.150265373220013	undirected	NA	NA
550	7466	0.000600880664818897	undirected	NA	NA
550	7908	0.194026624540687	undirected	NA	NA
550	8484	0.156375593950984	undirected	NA	NA
550	8774	0.0891945970099815	undirected	NA	NA
550	8782	0.125427235927103	undirected	NA	NA
550	8800	0.0998619807928265	undirected	NA	NA
550	10092	0.0364050075375078	undirected	NA	NA
550	11109	0.0140242562691525	undirected	NA	NA
550	11329	0.15861564891207	undirected	NA	NA
550	12488	0.0079940305116803	undirected	NA	NA
550	13842	0.249937977619316	undirected	NA	NA
550	14079	0.234418592901665	undirected	NA	NA
550	14861	0.0193969976108646	undirected	NA	NA
550	14864	0.207640113360821	undirected	NA	NA
550	15020	0.108454526724363	undirected	NA	NA
550	15101	0.182666689398553	undirected	NA	NA
550	15237	0.00290896661904207	undirected	NA	NA
550	15319	0.241353859554687	undirected	NA	NA
550	15352	0.154745271715984	undirected	NA	NA
550	15587	0.19138007824105	undirected	NA	NA
588	1892	0.0241291816642509	undirected	NA	NA
588	2232	0.389556422851592	undirected	NA	NA
588	2491	0.375627281921257	undirected	NA	NA
588	3349	0.411335152932701	undirected	NA	NA
588	4423	0.426752210593805	undirected	NA	NA
588	4572	0.0447144622657421	undirected	NA	NA
588	4628	0.246240699428179	undirected	NA	NA
588	4985	0.0345769374626508	undirected	NA	NA
588	5881	0.385879021741928	undirected	NA	NA
588	5991	0.186454072558989	undirected	NA	NA
588	7130	0.292693668742508	undirected	NA	NA
588	7466	0.0043486901876176	undirected	NA	NA
588	7908	0.0278354520144553	undirected	NA	NA
588	8484	0.311705003047435	undirected	NA	NA
588	8774	0.0704710190234373	undirected	NA	NA
588	8782	0.120802060284418	undirected	NA	NA
588	8800	0.231675775880183	undirected	NA	NA
588	10092	0.177598940254366	undirected	NA	NA
588	11109	0.0331380489207662	undirected	NA	NA
588	11329	0.379560253266358	undirected	NA	NA
588	12488	0.0604503522342537	undirected	NA	NA
588	13842	0.0432739330709417	undirected	NA	NA
588	14079	0.346110796353587	undirected	NA	NA
588	14861	0.114206802603057	undirected	NA	NA
588	14864	0.410106620410484	undirected	NA	NA
588	15020	0.16179141802535	undirected	NA	NA
588	15101	0.388392238477083	undirected	NA	NA
588	15237	0.0111069512449217	undirected	NA	NA
588	15319	0.0689297681792423	undirected	NA	NA
588	15352	0.316770888792415	undirected	NA	NA
588	15587	0.376318869818836	undirected	NA	NA
1892	2232	0.00878848612855996	undirected	NA	NA
1892	2491	0.0196292728725986	undirected	NA	NA
1892	3349	0.0355898028761095	undirected	NA	NA
1892	4423	0.0635627249208134	undirected	NA	NA
1892	4572	0.240743603632961	undirected	NA	NA
1892	4628	0.0500135573658613	undirected	NA	NA
1892	4985	0.0762693949484478	undirected	NA	NA
1892	5881	0.0200224041376436	undirected	NA	NA
1892	5991	0.00645336146940797	undirected	NA	NA
1892	7130	0.0189607668837943	undirected	NA	NA
1892	7466	0.0177292833116858	undirected	NA	NA
1892	7908	0.0481901062399019	undirected	NA	NA
1892	8484	0.0239424901586093	undirected	NA	NA
1892	8774	0.00593613104932891	undirected	NA	NA
1892	8782	0.0274424310685233	undirected	NA	NA
1892	8800	0.104348772741043	undirected	NA	NA
1892	10092	0.0575179310212171	undirected	NA	NA
1892	11109	0.0573199781829553	undirected	NA	NA
1892	11329	0.0310092706059112	undirected	NA	NA
1892	12488	0.0371061187615504	undirected	NA	NA
1892	13842	0.0589842255720013	undirected	NA	NA
1892	14079	0.0456260774529491	undirected	NA	NA
1892	14861	0.039022774603692	undirected	NA	NA
1892	14864	0.0574942727273873	undirected	NA	NA
1892	15020	0.017298246744674	undirected	NA	NA
1892	15101	0.0488433747396281	undirected	NA	NA
1892	15237	0.0291603648280698	undirected	NA	NA
1892	15319	0.0380249812714931	undirected	NA	NA
1892	15352	0.115741835007353	undirected	NA	NA
1892	15587	0.0296340686647757	undirected	NA	NA
2232	2491	0.35763991520378	undirected	NA	NA
2232	3349	0.363097100128655	undirected	NA	NA
2232	4423	0.326712280596991	undirected	NA	NA
2232	4572	0.0166996005708906	undirected	NA	NA
2232	4628	0.152209091749779	undirected	NA	NA
2232	4985	0.0157003603748635	undirected	NA	NA
2232	5881	0.365873068460166	undirected	NA	NA
2232	5991	0.188018618360537	undirected	NA	NA
2232	7130	0.284865631187113	undirected	NA	NA
2232	7466	0.00158699093148354	undirected	NA	NA
2232	7908	0.0145274612842455	undirected	NA	NA
2232	8484	0.255356707933606	undirected	NA	NA
2232	8774	0.0610037112505141	undirected	NA	NA
2232	8782	0.0710007173017852	undirected	NA	NA
2232	8800	0.125599140922117	undirected	NA	NA
2232	10092	0.133110371195016	undirected	NA	NA
2232	11109	0.0162312131421293	undirected	NA	NA
2232	11329	0.334224433388774	undirected	NA	NA
2232	12488	0.0404457480343959	undirected	NA	NA
2232	13842	0.0253276065091322	undirected	NA	NA
2232	14079	0.268229237393661	undirected	NA	NA
2232	14861	0.0751040069047614	undirected	NA	NA
2232	14864	0.310458790218138	undirected	NA	NA
2232	15020	0.150529958066984	undirected	NA	NA
2232	15101	0.291058676967737	undirected	NA	NA
2232	15237	0.00421755545381559	undirected	NA	NA
2232	15319	0.0468276251090419	undirected	NA	NA
2232	15352	0.191998032313929	undirected	NA	NA
2232	15587	0.337543563474861	undirected	NA	NA
2491	3349	0.351882371962968	undirected	NA	NA
2491	4423	0.395627943343981	undirected	NA	NA
2491	4572	0.0413150099121562	undirected	NA	NA
2491	4628	0.296405177331575	undirected	NA	NA
2491	4985	0.0466706273285841	undirected	NA	NA
2491	5881	0.392026553227209	undirected	NA	NA
2491	5991	0.134900257930608	undirected	NA	NA
2491	7130	0.317128426411743	undirected	NA	NA
2491	7466	0.00226238208301373	undirected	NA	NA
2491	7908	0.027573371441836	undirected	NA	NA
2491	8484	0.371381408428005	undirected	NA	NA
2491	8774	0.0928289507870124	undirected	NA	NA
2491	8782	0.169279775401077	undirected	NA	NA
2491	8800	0.180780490440096	undirected	NA	NA
2491	10092	0.118504361758848	undirected	NA	NA
2491	11109	0.0244347556485552	undirected	NA	NA
2491	11329	0.410558914084288	undirected	NA	NA
2491	12488	0.0396080806568497	undirected	NA	NA
2491	13842	0.0609737673054534	undirected	NA	NA
2491	14079	0.391039910581964	undirected	NA	NA
2491	14861	0.074151887209327	undirected	NA	NA
2491	14864	0.437509392640322	undirected	NA	NA
2491	15020	0.154557194887595	undirected	NA	NA
2491	15101	0.427006132987475	undirected	NA	NA
2491	15237	0.00330202488670138	undirected	NA	NA
2491	15319	0.0913861561197429	undirected	NA	NA
2491	15352	0.291701662434094	undirected	NA	NA
2491	15587	0.414686963933326	undirected	NA	NA
3349	4423	0.343605644163497	undirected	NA	NA
3349	4572	0.05899511167158	undirected	NA	NA
3349	4628	0.179226348325099	undirected	NA	NA
3349	4985	0.0312435921781983	undirected	NA	NA
3349	5881	0.360895916274796	undirected	NA	NA
3349	5991	0.167784980699532	undirected	NA	NA
3349	7130	0.251618656282907	undirected	NA	NA
3349	7466	0.00558303938733525	undirected	NA	NA
3349	7908	0.0337218243664707	undirected	NA	NA
3349	8484	0.200171842541795	undirected	NA	NA
3349	8774	0.0573450536682502	undirected	NA	NA
3349	8782	0.0811603819890935	undirected	NA	NA
3349	8800	0.258967579826522	undirected	NA	NA
3349	10092	0.189516293337681	undirected	NA	NA
3349	11109	0.0407020037113825	undirected	NA	NA
3349	11329	0.322144999252618	undirected	NA	NA
3349	12488	0.0648869724739144	undirected	NA	NA
3349	13842	0.0335319412442115	undirected	NA	NA
3349	14079	0.249054676401838	undirected	NA	NA
3349	14861	0.127204022307974	undirected	NA	NA
3349	14864	0.311587101989432	undirected	NA	NA
3349	15020	0.127375355500614	undirected	NA	NA
3349	15101	0.276582518066078	undirected	NA	NA
3349	15237	0.0227165422848775	undirected	NA	NA
3349	15319	0.0500771334996753	undirected	NA	NA
3349	15352	0.296534298075604	undirected	NA	NA
3349	15587	0.343573987495032	undirected	NA	NA
4423	4572	0.106795732111244	undirected	NA	NA
4423	4628	0.268308804569644	undirected	NA	NA
4423	4985	0.0597545685379186	undirected	NA	NA
4423	5881	0.404496554333783	undirected	NA	NA
4423	5991	0.129512848132287	undirected	NA	NA
4423	7130	0.276884490646036	undirected	NA	NA
4423	7466	0.0106298906743586	undirected	NA	NA
4423	7908	0.0468639999111735	undirected	NA	NA
4423	8484	0.264527597398469	undirected	NA	NA
4423	8774	0.0642909329724795	undirected	NA	NA
4423	8782	0.135152314302664	undirected	NA	NA
4423	8800	0.348039982017216	undirected	NA	NA
4423	10092	0.19420532248575	undirected	NA	NA
4423	11109	0.060453286952665	undirected	NA	NA
4423	11329	0.396668754337833	undirected	NA	NA
4423	12488	0.0781059734684691	undirected	NA	NA
4423	13842	0.0553817612880277	undirected	NA	NA
4423	14079	0.327831765763008	undirected	NA	NA
4423	14861	0.149473213244044	undirected	NA	NA
4423	14864	0.40701391712528	undirected	NA	NA
4423	15020	0.118940978174874	undirected	NA	NA
4423	15101	0.362748081044752	undirected	NA	NA
4423	15237	0.028515256644709	undirected	NA	NA
4423	15319	0.0714090521573501	undirected	NA	NA
4423	15352	0.385126645806828	undirected	NA	NA
4423	15587	0.415734952587436	undirected	NA	NA
4572	4628	0.0844880103099962	undirected	NA	NA
4572	4985	0.136127375374174	undirected	NA	NA
4572	5881	0.0424377277763393	undirected	NA	NA
4572	5991	0.0112029839021796	undirected	NA	NA
4572	7130	0.0346147063475448	undirected	NA	NA
4572	7466	0.00617961743405429	undirected	NA	NA
4572	7908	0.0642980817587641	undirected	NA	NA
4572	8484	0.0563270189030726	undirected	NA	NA
4572	8774	0.00888955040585371	undirected	NA	NA
4572	8782	0.0627766100101873	undirected	NA	NA
4572	8800	0.132905097339755	undirected	NA	NA
4572	10092	0.0424486387727001	undirected	NA	NA
4572	11109	0.039446672094275	undirected	NA	NA
4572	11329	0.0661292244119366	undirected	NA	NA
4572	12488	0.0200349440006002	undirected	NA	NA
4572	13842	0.103864353396094	undirected	NA	NA
4572	14079	0.0895231427011696	undirected	NA	NA
4572	14861	0.03566261265807	undirected	NA	NA
4572	14864	0.107926775119049	undirected	NA	NA
4572	15020	0.0253330995721093	undirected	NA	NA
4572	15101	0.0970914567204842	undirected	NA	NA
4572	15237	0.0127417747723801	undirected	NA	NA
4572	15319	0.0762244641619789	undirected	NA	NA
4572	15352	0.169759562488397	undirected	NA	NA
4572	15587	0.0629884843381043	undirected	NA	NA
4628	4985	0.0761561150986634	undirected	NA	NA
4628	5881	0.305615561168805	undirected	NA	NA
4628	5991	0.0359720613529854	undirected	NA	NA
4628	7130	0.190010614661707	undirected	NA	NA
4628	7466	0.0145493558188426	undirected	NA	NA
4628	7908	0.0265989084802348	undirected	NA	NA
4628	8484	0.29815548121439	undirected	NA	NA
4628	8774	0.0527505383808777	undirected	NA	NA
4628	8782	0.188673429658598	undirected	NA	NA
4628	8800	0.130329959687665	undirected	NA	NA
4628	10092	0.041933784158464	undirected	NA	NA
4628	11109	0.040555320634258	undirected	NA	NA
4628	11329	0.348441887826955	undirected	NA	NA
4628	12488	0.032515129189385	undirected	NA	NA
4628	13842	0.0645385191798647	undirected	NA	NA
4628	14079	0.31800311243968	undirected	NA	NA
4628	14861	0.0432122828409372	undirected	NA	NA
4628	14864	0.37803582931248	undirected	NA	NA
4628	15020	0.0611711021248594	undirected	NA	NA
4628	15101	0.378269129994045	undirected	NA	NA
4628	15237	0.00512608932916781	undirected	NA	NA
4628	15319	0.0736250520042086	undirected	NA	NA
4628	15352	0.18842424648875	undirected	NA	NA
4628	15587	0.348284810698897	undirected	NA	NA
4985	5881	0.0423150809858915	undirected	NA	NA
4985	5991	0.00906334764811685	undirected	NA	NA
4985	7130	0.048308475053876	undirected	NA	NA
4985	7466	0.000161428602323897	undirected	NA	NA
4985	7908	0.100608040104549	undirected	NA	NA
4985	8484	0.0797317097144839	undirected	NA	NA
4985	8774	0.0247571228951228	undirected	NA	NA
4985	8782	0.104323690989644	undirected	NA	NA
4985	8800	0.0405719483656429	undirected	NA	NA
4985	10092	0.00868826963796451	undirected	NA	NA
4985	11109	0.00636310505244089	undirected	NA	NA
4985	11329	0.0604953218239791	undirected	NA	NA
4985	12488	0.00201818922862612	undirected	NA	NA
4985	13842	0.207008540186871	undirected	NA	NA
4985	14079	0.116281848511444	undirected	NA	NA
4985	14861	0.00526531405951971	undirected	NA	NA
4985	14864	0.0928309039938896	undirected	NA	NA
4985	15020	0.0436020749900109	undirected	NA	NA
4985	15101	0.084944147040877	undirected	NA	NA
4985	15237	0.000670250738886655	undirected	NA	NA
4985	15319	0.182917747315976	undirected	NA	NA
4985	15352	0.0962241193701442	undirected	NA	NA
4985	15587	0.073158060499394	undirected	NA	NA
5881	5991	0.133381554385143	undirected	NA	NA
5881	7130	0.300994139468023	undirected	NA	NA
5881	7466	0.00408810822433218	undirected	NA	NA
5881	7908	0.0208132630489399	undirected	NA	NA
5881	8484	0.377194165222687	undirected	NA	NA
5881	8774	0.0731905500742275	undirected	NA	NA
5881	8782	0.170990595967754	undirected	NA	NA
5881	8800	0.193363921600796	undirected	NA	NA
5881	10092	0.121066655113095	undirected	NA	NA
5881	11109	0.0293892088053775	undirected	NA	NA
5881	11329	0.426481380115023	undirected	NA	NA
5881	12488	0.0496414625255821	undirected	NA	NA
5881	13842	0.0486719713471571	undirected	NA	NA
5881	14079	0.380523940928489	undirected	NA	NA
5881	14861	0.087042270278058	undirected	NA	NA
5881	14864	0.441484198031101	undirected	NA	NA
5881	15020	0.135792690518973	undirected	NA	NA
5881	15101	0.438223444322276	undirected	NA	NA
5881	15237	0.00390928797009065	undirected	NA	NA
5881	15319	0.0763195704423344	undirected	NA	NA
5881	15352	0.297143483928335	undirected	NA	NA
5881	15587	0.417626836959082	undirected	NA	NA
5991	7130	0.114315143051399	undirected	NA	NA
5991	7466	0.000133700995064202	undirected	NA	NA
5991	7908	0.0226515444890382	undirected	NA	NA
5991	8484	0.0675301055498665	undirected	NA	NA
5991	8774	0.0291948230602508	undirected	NA	NA
5991	8782	0.0163771529841906	undirected	NA	NA
5991	8800	0.0650184092483739	undirected	NA	NA
5991	10092	0.0671106928114049	undirected	NA	NA
5991	11109	0.00469320265741891	undirected	NA	NA
5991	11329	0.115716330491274	undirected	NA	NA
5991	12488	0.0090524249241241	undirected	NA	NA
5991	13842	0.0124911306884536	undirected	NA	NA
5991	14079	0.0880359978848406	undirected	NA	NA
5991	14861	0.0287554442351694	undirected	NA	NA
5991	14864	0.10502677749579	undirected	NA	NA
5991	15020	0.0964740752198462	undirected	NA	NA
5991	15101	0.0856184282187449	undirected	NA	NA
5991	15237	0.00255702248201162	undirected	NA	NA
5991	15319	0.0241046071833571	undirected	NA	NA
5991	15352	0.0855336508447189	undirected	NA	NA
5991	15587	0.131113044400727	undirected	NA	NA
7130	7466	0.00101784620149664	undirected	NA	NA
7130	7908	0.0563795727902329	undirected	NA	NA
7130	8484	0.236154063664861	undirected	NA	NA
7130	8774	0.154920025317015	undirected	NA	NA
7130	8782	0.10816718440079	undirected	NA	NA
7130	8800	0.126404920922394	undirected	NA	NA
7130	10092	0.108221343189543	undirected	NA	NA
7130	11109	0.0163828218062192	undirected	NA	NA
7130	11329	0.25307649138096	undirected	NA	NA
7130	12488	0.0243642244309973	undirected	NA	NA
7130	13842	0.0908017184969603	undirected	NA	NA
7130	14079	0.299279737294477	undirected	NA	NA
7130	14861	0.0480036289011008	undirected	NA	NA
7130	14864	0.300862818770584	undirected	NA	NA
7130	15020	0.179301440573698	undirected	NA	NA
7130	15101	0.274229571089597	undirected	NA	NA
7130	15237	0.00504799177204943	undirected	NA	NA
7130	15319	0.117235649582377	undirected	NA	NA
7130	15352	0.216071647189092	undirected	NA	NA
7130	15587	0.295062065081058	undirected	NA	NA
7466	7908	0.000149118254184498	undirected	NA	NA
7466	8484	0.000713907674258988	undirected	NA	NA
7466	8774	0.000134426650612971	undirected	NA	NA
7466	8782	0.000906627755189251	undirected	NA	NA
7466	8800	0.0201823887638396	undirected	NA	NA
7466	10092	0.0320721995138068	undirected	NA	NA
7466	11109	0.224930259363867	undirected	NA	NA
7466	11329	0.00334997996805548	undirected	NA	NA
7466	12488	0.202245051180386	undirected	NA	NA
7466	13842	0.000170154394975702	undirected	NA	NA
7466	14079	0.00202882669906717	undirected	NA	NA
7466	14861	0.081682318322125	undirected	NA	NA
7466	14864	0.00742069701223847	undirected	NA	NA
7466	15020	0.000134008990159201	undirected	NA	NA
7466	15101	0.00570937243948972	undirected	NA	NA
7466	15237	0.0326787160662635	undirected	NA	NA
7466	15319	4.91102840723926e-05	undirected	NA	NA
7466	15352	0.0066975188575061	undirected	NA	NA
7466	15587	0.00149973694697481	undirected	NA	NA
7908	8484	0.0337045245762356	undirected	NA	NA
7908	8774	0.0394754147039066	undirected	NA	NA
7908	8782	0.030220215632049	undirected	NA	NA
7908	8800	0.0274644214057108	undirected	NA	NA
7908	10092	0.0336462346988107	undirected	NA	NA
7908	11109	0.00432430778955901	undirected	NA	NA
7908	11329	0.0269605749144479	undirected	NA	NA
7908	12488	0.00183256424942978	undirected	NA	NA
7908	13842	0.198891975024694	undirected	NA	NA
7908	14079	0.0855252414044104	undirected	NA	NA
7908	14861	0.00454448191645346	undirected	NA	NA
7908	14864	0.0550691375330982	undirected	NA	NA
7908	15020	0.106489739025399	undirected	NA	NA
7908	15101	0.0388812270762504	undirected	NA	NA
7908	15237	0.00394289732538213	undirected	NA	NA
7908	15319	0.178807696612712	undirected	NA	NA
7908	15352	0.0764256631277863	undirected	NA	NA
7908	15587	0.0435787722854921	undirected	NA	NA
8484	8774	0.0755326314859521	undirected	NA	NA
8484	8782	0.214982451826132	undirected	NA	NA
8484	8800	0.150474736834908	undirected	NA	NA
8484	10092	0.0597447570330183	undirected	NA	NA
8484	11109	0.0182314889357515	undirected	NA	NA
8484	11329	0.367043221950541	undirected	NA	NA
8484	12488	0.0189653421297883	undirected	NA	NA
8484	13842	0.0704339873696166	undirected	NA	NA
8484	14079	0.304154813544897	undirected	NA	NA
8484	14861	0.0431766579016378	undirected	NA	NA
8484	14864	0.344264164437715	undirected	NA	NA
8484	15020	0.0837905077189301	undirected	NA	NA
8484	15101	0.335179956987312	undirected	NA	NA
8484	15237	0.000776315041319898	undirected	NA	NA
8484	15319	0.091799265475884	undirected	NA	NA
8484	15352	0.240597005361659	undirected	NA	NA
8484	15587	0.390876680979615	undirected	NA	NA
8774	8782	0.0439809189263886	undirected	NA	NA
8774	8800	0.0191410701630684	undirected	NA	NA
8774	10092	0.0241686236212011	undirected	NA	NA
8774	11109	0.00324118723291436	undirected	NA	NA
8774	11329	0.0641008326135312	undirected	NA	NA
8774	12488	0.00355503568338437	undirected	NA	NA
8774	13842	0.103327014112884	undirected	NA	NA
8774	14079	0.127724156111237	undirected	NA	NA
8774	14861	0.00600211265321787	undirected	NA	NA
8774	14864	0.0855853794201044	undirected	NA	NA
8774	15020	0.12150407613277	undirected	NA	NA
8774	15101	0.0691146962348809	undirected	NA	NA
8774	15237	0.000568541296751899	undirected	NA	NA
8774	15319	0.118089980104941	undirected	NA	NA
8774	15352	0.0501295632840372	undirected	NA	NA
8774	15587	0.093876986169822	undirected	NA	NA
8782	8800	0.0582913031488922	undirected	NA	NA
8782	10092	0.0137442733453352	undirected	NA	NA
8782	11109	0.0139766861030584	undirected	NA	NA
8782	11329	0.206312963621058	undirected	NA	NA
8782	12488	0.0072835549861747	undirected	NA	NA
8782	13842	0.0831986570438476	undirected	NA	NA
8782	14079	0.208242473036312	undirected	NA	NA
8782	14861	0.0123372181668031	undirected	NA	NA
8782	14864	0.223803149218012	undirected	NA	NA
8782	15020	0.0366924560617087	undirected	NA	NA
8782	15101	0.235031118380785	undirected	NA	NA
8782	15237	0.00029470864473171	undirected	NA	NA
8782	15319	0.0852715757748153	undirected	NA	NA
8782	15352	0.104126531491733	undirected	NA	NA
8782	15587	0.211023646888789	undirected	NA	NA
8800	10092	0.142349865516931	undirected	NA	NA
8800	11109	0.0795193717576176	undirected	NA	NA
8800	11329	0.241448190427408	undirected	NA	NA
8800	12488	0.085867083505384	undirected	NA	NA
8800	13842	0.0362463077933238	undirected	NA	NA
8800	14079	0.20675374613165	undirected	NA	NA
8800	14861	0.141824840099351	undirected	NA	NA
8800	14864	0.300541236653861	undirected	NA	NA
8800	15020	0.0638325176202374	undirected	NA	NA
8800	15101	0.266088445565429	undirected	NA	NA
8800	15237	0.0460885969325637	undirected	NA	NA
8800	15319	0.0394622320445173	undirected	NA	NA
8800	15352	0.310437462951704	undirected	NA	NA
8800	15587	0.223294729607651	undirected	NA	NA
10092	11109	0.10599639042847	undirected	NA	NA
10092	11329	0.115883596910737	undirected	NA	NA
10092	12488	0.112247993417636	undirected	NA	NA
10092	13842	0.0164063470311388	undirected	NA	NA
10092	14079	0.103586449133184	undirected	NA	NA
10092	14861	0.127738706553411	undirected	NA	NA
10092	14864	0.141538901430619	undirected	NA	NA
10092	15020	0.0871967858542805	undirected	NA	NA
10092	15101	0.109620421962089	undirected	NA	NA
10092	15237	0.129606756169023	undirected	NA	NA
10092	15319	0.0196033337175859	undirected	NA	NA
10092	15352	0.134447556562166	undirected	NA	NA
10092	15587	0.120988566377845	undirected	NA	NA
11109	11329	0.031960686446592	undirected	NA	NA
11109	12488	0.262967111413466	undirected	NA	NA
11109	13842	0.00524138283784989	undirected	NA	NA
11109	14079	0.0277978839026594	undirected	NA	NA
11109	14861	0.159491629633705	undirected	NA	NA
11109	14864	0.0475637335950735	undirected	NA	NA
11109	15020	0.00580969018661624	undirected	NA	NA
11109	15101	0.0415598252708239	undirected	NA	NA
11109	15237	0.0735514448663142	undirected	NA	NA
11109	15319	0.00367680732330891	undirected	NA	NA
11109	15352	0.0533356758492421	undirected	NA	NA
11109	15587	0.0260891218091839	undirected	NA	NA
11329	12488	0.0436641232462995	undirected	NA	NA
11329	13842	0.0547942946898438	undirected	NA	NA
11329	14079	0.365036908546905	undirected	NA	NA
11329	14861	0.090951187595326	undirected	NA	NA
11329	14864	0.435711148844158	undirected	NA	NA
11329	15020	0.112968386238258	undirected	NA	NA
11329	15101	0.441876776579964	undirected	NA	NA
11329	15237	0.00372484036015924	undirected	NA	NA
11329	15319	0.0802279862183494	undirected	NA	NA
11329	15352	0.340156623492316	undirected	NA	NA
11329	15587	0.408592494328836	undirected	NA	NA
12488	13842	0.00216043186092885	undirected	NA	NA
12488	14079	0.0290882123123201	undirected	NA	NA
12488	14861	0.194353306212992	undirected	NA	NA
12488	14864	0.0536617512983597	undirected	NA	NA
12488	15020	0.00818601558458595	undirected	NA	NA
12488	15101	0.0451802202128684	undirected	NA	NA
12488	15237	0.103758991080747	undirected	NA	NA
12488	15319	0.00254843728259365	undirected	NA	NA
12488	15352	0.0503057893908403	undirected	NA	NA
12488	15587	0.0350467482960252	undirected	NA	NA
13842	14079	0.136582371442464	undirected	NA	NA
13842	14861	0.00484653440417873	undirected	NA	NA
13842	14864	0.0893314588541597	undirected	NA	NA
13842	15020	0.0879406971944455	undirected	NA	NA
13842	15101	0.0710128737280917	undirected	NA	NA
13842	15237	0.00127852577667929	undirected	NA	NA
13842	15319	0.223634151143554	undirected	NA	NA
13842	15352	0.0866077045194271	undirected	NA	NA
13842	15587	0.0828451977301793	undirected	NA	NA
14079	14861	0.0618873137360689	undirected	NA	NA
14079	14864	0.377585206303851	undirected	NA	NA
14079	15020	0.142556378309859	undirected	NA	NA
14079	15101	0.367944499353724	undirected	NA	NA
14079	15237	0.00504880233740825	undirected	NA	NA
14079	15319	0.151026629647699	undirected	NA	NA
14079	15352	0.317816858728368	undirected	NA	NA
14079	15587	0.41226563397594	undirected	NA	NA
14861	14864	0.105388495968266	undirected	NA	NA
14861	15020	0.0212290007662443	undirected	NA	NA
14861	15101	0.0905448424220893	undirected	NA	NA
14861	15237	0.0767392944456506	undirected	NA	NA
14861	15319	0.00639677662299029	undirected	NA	NA
14861	15352	0.112457669386283	undirected	NA	NA
14861	15587	0.0770255818279263	undirected	NA	NA
14864	15020	0.126459635775666	undirected	NA	NA
14864	15101	0.43904396801702	undirected	NA	NA
14864	15237	0.0114392293474888	undirected	NA	NA
14864	15319	0.108626573083899	undirected	NA	NA
14864	15352	0.397693290298725	undirected	NA	NA
14864	15587	0.465194430390631	undirected	NA	NA
15020	15101	0.0973817495125028	undirected	NA	NA
15020	15237	0.00546376727365533	undirected	NA	NA
15020	15319	0.109730379968482	undirected	NA	NA
15020	15352	0.110447638690306	undirected	NA	NA
15020	15587	0.153187056208549	undirected	NA	NA
15101	15237	0.00576377675420802	undirected	NA	NA
15101	15319	0.0895519147491333	undirected	NA	NA
15101	15352	0.355723485462742	undirected	NA	NA
15101	15587	0.459979251063327	undirected	NA	NA
15237	15319	0.000594976580966947	undirected	NA	NA
15237	15352	0.0266187025392061	undirected	NA	NA
15237	15587	0.00311300942464872	undirected	NA	NA
15319	15352	0.0945084100486675	undirected	NA	NA
15319	15587	0.113406879879773	undirected	NA	NA
15352	15587	0.34532309367056	undirected	NA	NA
